  -5.0000000e+00   1.0623934e-01
  -4.9750000e+00   1.0714222e-01
  -4.9500000e+00   1.0802979e-01
  -4.9250000e+00   1.0890196e-01
  -4.9000000e+00   1.0975862e-01
  -4.8750000e+00   1.1059968e-01
  -4.8500000e+00   1.1142507e-01
  -4.8250000e+00   1.1223468e-01
  -4.8000000e+00   1.1302844e-01
  -4.7750000e+00   1.1380625e-01
  -4.7500000e+00   1.1456805e-01
  -4.7250000e+00   1.1531375e-01
  -4.7000000e+00   1.1604327e-01
  -4.6750000e+00   1.1675655e-01
  -4.6500000e+00   1.1745350e-01
  -4.6250000e+00   1.1813405e-01
  -4.6000000e+00   1.1879815e-01
  -4.5750000e+00   1.1944572e-01
  -4.5500000e+00   1.2007669e-01
  -4.5250000e+00   1.2069101e-01
  -4.5000000e+00   1.2128862e-01
  -4.4750000e+00   1.2186946e-01
  -4.4500000e+00   1.2243347e-01
  -4.4250000e+00   1.2298060e-01
  -4.4000000e+00   1.2351080e-01
  -4.3750000e+00   1.2402403e-01
  -4.3500000e+00   1.2452022e-01
  -4.3250000e+00   1.2499934e-01
  -4.3000000e+00   1.2546135e-01
  -4.2750000e+00   1.2590621e-01
  -4.2500000e+00   1.2633388e-01
  -4.2250000e+00   1.2674431e-01
  -4.2000000e+00   1.2713749e-01
  -4.1750000e+00   1.2751337e-01
  -4.1500000e+00   1.2787193e-01
  -4.1250000e+00   1.2821314e-01
  -4.1000000e+00   1.2853697e-01
  -4.0750000e+00   1.2884341e-01
  -4.0500000e+00   1.2913243e-01
  -4.0250000e+00   1.2940401e-01
  -4.0000000e+00   1.2965814e-01
  -3.9750000e+00   1.2989480e-01
  -3.9500000e+00   1.3011398e-01
  -3.9250000e+00   1.3031567e-01
  -3.9000000e+00   1.3049986e-01
  -3.8750000e+00   1.3066655e-01
  -3.8500000e+00   1.3081573e-01
  -3.8250000e+00   1.3094740e-01
  -3.8000000e+00   1.3106157e-01
  -3.7750000e+00   1.3115823e-01
  -3.7500000e+00   1.3123739e-01
  -3.7250000e+00   1.3129906e-01
  -3.7000000e+00   1.3134325e-01
  -3.6750000e+00   1.3136996e-01
  -3.6500000e+00   1.3137922e-01
  -3.6250000e+00   1.3137104e-01
  -3.6000000e+00   1.3134543e-01
  -3.5750000e+00   1.3130241e-01
  -3.5500000e+00   1.3124202e-01
  -3.5250000e+00   1.3116426e-01
  -3.5000000e+00   1.3106918e-01
  -3.4750000e+00   1.3095679e-01
  -3.4500000e+00   1.3082712e-01
  -3.4250000e+00   1.3068022e-01
  -3.4000000e+00   1.3051611e-01
  -3.3750000e+00   1.3033482e-01
  -3.3500000e+00   1.3013641e-01
  -3.3250000e+00   1.2992090e-01
  -3.3000000e+00   1.2968835e-01
  -3.2750000e+00   1.2943879e-01
  -3.2500000e+00   1.2917228e-01
  -3.2250000e+00   1.2888885e-01
  -3.2000000e+00   1.2858857e-01
  -3.1750000e+00   1.2827149e-01
  -3.1500000e+00   1.2793765e-01
  -3.1250000e+00   1.2758712e-01
  -3.1000000e+00   1.2721995e-01
  -3.0750000e+00   1.2683621e-01
  -3.0500000e+00   1.2643595e-01
  -3.0250000e+00   1.2601925e-01
  -3.0000000e+00   1.2558616e-01
  -2.9750000e+00   1.2513676e-01
  -2.9500000e+00   1.2467112e-01
  -2.9250000e+00   1.2418930e-01
  -2.9000000e+00   1.2369139e-01
  -2.8750000e+00   1.2317745e-01
  -2.8500000e+00   1.2264757e-01
  -2.8250000e+00   1.2210182e-01
  -2.8000000e+00   1.2154029e-01
  -2.7750000e+00   1.2096306e-01
  -2.7500000e+00   1.2037022e-01
  -2.7250000e+00   1.1976184e-01
  -2.7000000e+00   1.1913802e-01
  -2.6750000e+00   1.1849885e-01
  -2.6500000e+00   1.1784443e-01
  -2.6250000e+00   1.1717484e-01
  -2.6000000e+00   1.1649018e-01
  -2.5750000e+00   1.1579054e-01
  -2.5500000e+00   1.1507604e-01
  -2.5250000e+00   1.1434676e-01
  -2.5000000e+00   1.1360281e-01
  -2.4750000e+00   1.1284429e-01
  -2.4500000e+00   1.1207132e-01
  -2.4250000e+00   1.1128399e-01
  -2.4000000e+00   1.1048241e-01
  -2.3750000e+00   1.0966671e-01
  -2.3500000e+00   1.0883698e-01
  -2.3250000e+00   1.0799334e-01
  -2.3000000e+00   1.0713591e-01
  -2.2750000e+00   1.0626480e-01
  -2.2500000e+00   1.0538014e-01
  -2.2250000e+00   1.0448203e-01
  -2.2000000e+00   1.0357061e-01
  -2.1750000e+00   1.0264600e-01
  -2.1500000e+00   1.0170832e-01
  -2.1250000e+00   1.0075770e-01
  -2.1000000e+00   9.9794254e-02
  -2.0750000e+00   9.8818125e-02
  -2.0500000e+00   9.7829439e-02
  -2.0250000e+00   9.6828328e-02
  -2.0000000e+00   9.5814923e-02
  -1.9750000e+00   9.4789360e-02
  -1.9500000e+00   9.3751774e-02
  -1.9250000e+00   9.2702303e-02
  -1.9000000e+00   9.1641083e-02
  -1.8750000e+00   9.0568256e-02
  -1.8500000e+00   8.9483961e-02
  -1.8250000e+00   8.8388341e-02
  -1.8000000e+00   8.7281539e-02
  -1.7750000e+00   8.6163701e-02
  -1.7500000e+00   8.5034971e-02
  -1.7250000e+00   8.3895497e-02
  -1.7000000e+00   8.2745426e-02
  -1.6750000e+00   8.1584910e-02
  -1.6500000e+00   8.0414097e-02
  -1.6250000e+00   7.9233139e-02
  -1.6000000e+00   7.8042190e-02
  -1.5750000e+00   7.6841403e-02
  -1.5500000e+00   7.5630933e-02
  -1.5250000e+00   7.4410936e-02
  -1.5000000e+00   7.3181569e-02
  -1.4750000e+00   7.1942991e-02
  -1.4500000e+00   7.0695359e-02
  -1.4250000e+00   6.9438834e-02
  -1.4000000e+00   6.8173578e-02
  -1.3750000e+00   6.6899751e-02
  -1.3500000e+00   6.5617518e-02
  -1.3250000e+00   6.4327041e-02
  -1.3000000e+00   6.3028485e-02
  -1.2750000e+00   6.1722016e-02
  -1.2500000e+00   6.0407801e-02
  -1.2250000e+00   5.9086005e-02
  -1.2000000e+00   5.7756798e-02
  -1.1750000e+00   5.6420348e-02
  -1.1500000e+00   5.5076825e-02
  -1.1250000e+00   5.3726399e-02
  -1.1000000e+00   5.2369241e-02
  -1.0750000e+00   5.1005523e-02
  -1.0500000e+00   4.9635418e-02
  -1.0250000e+00   4.8259098e-02
  -1.0000000e+00   4.6876737e-02
  -9.7500000e-01   4.5488510e-02
  -9.5000000e-01   4.4094593e-02
  -9.2500000e-01   4.2695159e-02
  -9.0000000e-01   4.1290387e-02
  -8.7500000e-01   3.9880452e-02
  -8.5000000e-01   3.8465532e-02
  -8.2500000e-01   3.7045805e-02
  -8.0000000e-01   3.5621450e-02
  -7.7500000e-01   3.4192644e-02
  -7.5000000e-01   3.2759567e-02
  -7.2500000e-01   3.1322400e-02
  -7.0000000e-01   2.9881322e-02
  -6.7500000e-01   2.8436514e-02
  -6.5000000e-01   2.6988157e-02
  -6.2500000e-01   2.5536431e-02
  -6.0000000e-01   2.4081520e-02
  -5.7500000e-01   2.2623604e-02
  -5.5000000e-01   2.1162866e-02
  -5.2500000e-01   1.9699488e-02
  -5.0000000e-01   1.9281693e-02
  -4.7500000e-01   1.9847529e-02
  -4.5000000e-01   2.0316320e-02
  -4.2500000e-01   2.0670681e-02
  -4.0000000e-01   2.0888677e-02
  -3.7500000e-01   2.0942160e-02
  -3.5000000e-01   2.0794327e-02
  -3.2500000e-01   2.0396069e-02
  -3.0000000e-01   1.9680323e-02
  -2.7500000e-01   1.8553107e-02
  -2.5000000e-01   1.6878690e-02
  -2.2500000e-01   1.4454080e-02
  -2.0000000e-01   1.0962824e-02
  -1.7500000e-01   5.8863651e-03
  -1.5000000e-01  -1.6782232e-03
  -1.2500000e-01  -1.3424248e-02
  -1.0000000e-01  -3.2819951e-02
  -7.5000000e-02  -6.7608913e-02
  -5.0000000e-02  -1.3409692e-01
  -2.5000000e-02  -2.1566736e-01
   0.0000000e+00  -6.6915518e-02
   2.5000000e-02   7.5187896e-02
   5.0000000e-02   1.0545401e-01
   7.5000000e-02   1.0882865e-01
   1.0000000e-01   1.0681717e-01
   1.2500000e-01   1.0395970e-01
   1.5000000e-01   1.0128284e-01
   1.7500000e-01   9.8987824e-02
   2.0000000e-01   9.7067418e-02
   2.2500000e-01   9.5466377e-02
   2.5000000e-01   9.4125604e-02
   2.7500000e-01   9.2993532e-02
   3.0000000e-01   9.2027868e-02
   3.2500000e-01   9.1194648e-02
   3.5000000e-01   9.0466738e-02
   3.7500000e-01   8.9822422e-02
   4.0000000e-01   8.9244243e-02
   4.2500000e-01   8.8718082e-02
   4.5000000e-01   8.8232454e-02
   4.7500000e-01   8.7777954e-02
   5.0000000e-01   8.7346844e-02
   5.2500000e-01   8.6932725e-02
   5.5000000e-01   8.6530281e-02
   5.7500000e-01   8.6135084e-02
   6.0000000e-01   8.5743435e-02
   6.2500000e-01   8.5352237e-02
   6.5000000e-01   8.4958899e-02
   6.7500000e-01   8.4561253e-02
   7.0000000e-01   8.4157487e-02
   7.2500000e-01   8.3746091e-02
   7.5000000e-01   8.3325818e-02
   7.7500000e-01   8.2895637e-02
   8.0000000e-01   8.2454713e-02
   8.2500000e-01   8.2002373e-02
   8.5000000e-01   8.1538088e-02
   8.7500000e-01   8.1061456e-02
   9.0000000e-01   8.0572181e-02
   9.2500000e-01   8.0070064e-02
   9.5000000e-01   7.9554989e-02
   9.7500000e-01   7.9026916e-02
   1.0000000e+00   7.8485868e-02
   1.0250000e+00   7.7931925e-02
   1.0500000e+00   7.7365218e-02
   1.0750000e+00   7.6785924e-02
   1.1000000e+00   7.6194257e-02
   1.1250000e+00   7.5590467e-02
   1.1500000e+00   7.4974834e-02
   1.1750000e+00   7.4347666e-02
   1.2000000e+00   7.3709292e-02
   1.2250000e+00   7.3060064e-02
   1.2500000e+00   7.2400351e-02
   1.2750000e+00   7.1730536e-02
   1.3000000e+00   7.1051018e-02
   1.3250000e+00   7.0362204e-02
   1.3500000e+00   6.9664512e-02
   1.3750000e+00   6.8958368e-02
   1.4000000e+00   6.8244204e-02
   1.4250000e+00   6.7522455e-02
   1.4500000e+00   6.6793560e-02
   1.4750000e+00   6.6057963e-02
   1.5000000e+00   6.5316106e-02
   1.5250000e+00   6.4568432e-02
   1.5500000e+00   6.3815383e-02
   1.5750000e+00   6.3057400e-02
   1.6000000e+00   6.2294921e-02
   1.6250000e+00   6.1528383e-02
   1.6500000e+00   6.0758215e-02
   1.6750000e+00   5.9984846e-02
   1.7000000e+00   5.9208698e-02
   1.7250000e+00   5.8430188e-02
   1.7500000e+00   5.7649727e-02
   1.7750000e+00   5.6867720e-02
   1.8000000e+00   5.6084565e-02
   1.8250000e+00   5.5300654e-02
   1.8500000e+00   5.4516369e-02
   1.8750000e+00   5.3732088e-02
   1.9000000e+00   5.2948179e-02
   1.9250000e+00   5.2165000e-02
   1.9500000e+00   5.1382906e-02
   1.9750000e+00   5.0602237e-02
   2.0000000e+00   4.9823330e-02
   2.0250000e+00   4.9046509e-02
   2.0500000e+00   4.8272091e-02
   2.0750000e+00   4.7500384e-02
   2.1000000e+00   4.6731688e-02
   2.1250000e+00   4.5966290e-02
   2.1500000e+00   4.5204473e-02
   2.1750000e+00   4.4446505e-02
   2.2000000e+00   4.3692650e-02
   2.2250000e+00   4.2943160e-02
   2.2500000e+00   4.2198277e-02
   2.2750000e+00   4.1458237e-02
   2.3000000e+00   4.0723263e-02
   2.3250000e+00   3.9993571e-02
   2.3500000e+00   3.9269369e-02
   2.3750000e+00   3.8550853e-02
   2.4000000e+00   3.7838212e-02
   2.4250000e+00   3.7131626e-02
   2.4500000e+00   3.6431266e-02
   2.4750000e+00   3.5737294e-02
   2.5000000e+00   3.5049864e-02
   2.5250000e+00   3.4369122e-02
   2.5500000e+00   3.3695203e-02
   2.5750000e+00   3.3028238e-02
   2.6000000e+00   3.2368347e-02
   2.6250000e+00   3.1715643e-02
   2.6500000e+00   3.1070231e-02
   2.6750000e+00   3.0432208e-02
   2.7000000e+00   2.9801664e-02
   2.7250000e+00   2.9178683e-02
   2.7500000e+00   2.8563340e-02
   2.7750000e+00   2.7955703e-02
   2.8000000e+00   2.7355834e-02
   2.8250000e+00   2.6763787e-02
   2.8500000e+00   2.6179612e-02
   2.8750000e+00   2.5603351e-02
   2.9000000e+00   2.5035038e-02
   2.9250000e+00   2.4474705e-02
   2.9500000e+00   2.3922374e-02
   2.9750000e+00   2.3378064e-02
   3.0000000e+00   2.2841788e-02
   3.0250000e+00   2.2313553e-02
   3.0500000e+00   2.1793362e-02
   3.0750000e+00   2.1281211e-02
   3.1000000e+00   2.0777094e-02
   3.1250000e+00   2.0280996e-02
   3.1500000e+00   1.9792902e-02
   3.1750000e+00   1.9312790e-02
   3.2000000e+00   1.8840634e-02
   3.2250000e+00   1.8376405e-02
   3.2500000e+00   1.7920069e-02
   3.2750000e+00   1.7471589e-02
   3.3000000e+00   1.7030924e-02
   3.3250000e+00   1.6598031e-02
   3.3500000e+00   1.6172860e-02
   3.3750000e+00   1.5755363e-02
   3.4000000e+00   1.5345485e-02
   3.4250000e+00   1.4943170e-02
   3.4500000e+00   1.4548358e-02
   3.4750000e+00   1.4160988e-02
   3.5000000e+00   1.3780996e-02
   3.5250000e+00   1.3408315e-02
   3.5500000e+00   1.3042875e-02
   3.5750000e+00   1.2684607e-02
   3.6000000e+00   1.2333437e-02
   3.6250000e+00   1.1989292e-02
   3.6500000e+00   1.1652095e-02
   3.6750000e+00   1.1321768e-02
   3.7000000e+00   1.0998233e-02
   3.7250000e+00   1.0681410e-02
   3.7500000e+00   1.0371215e-02
   3.7750000e+00   1.0067568e-02
   3.8000000e+00   9.7703831e-03
   3.8250000e+00   9.4795768e-03
   3.8500000e+00   9.1950633e-03
   3.8750000e+00   8.9167561e-03
   3.9000000e+00   8.6445684e-03
   3.9250000e+00   8.3784127e-03
   3.9500000e+00   8.1182011e-03
   3.9750000e+00   7.8638454e-03
   4.0000000e+00   7.6152570e-03
   4.0250000e+00   7.3723468e-03
   4.0500000e+00   7.1350259e-03
   4.0750000e+00   6.9032049e-03
   4.1000000e+00   6.6767948e-03
   4.1250000e+00   6.4557065e-03
   4.1500000e+00   6.2398510e-03
   4.1750000e+00   6.0291396e-03
   4.2000000e+00   5.8234839e-03
   4.2250000e+00   5.6227957e-03
   4.2500000e+00   5.4269872e-03
   4.2750000e+00   5.2359711e-03
   4.3000000e+00   5.0496602e-03
   4.3250000e+00   4.8679680e-03
   4.3500000e+00   4.6908084e-03
   4.3750000e+00   4.5180959e-03
   4.4000000e+00   4.3497455e-03
   4.4250000e+00   4.1856730e-03
   4.4500000e+00   4.0257948e-03
   4.4750000e+00   3.8700282e-03
   4.5000000e+00   3.7182909e-03
   4.5250000e+00   3.5705017e-03
   4.5500000e+00   3.4265800e-03
   4.5750000e+00   3.2864462e-03
   4.6000000e+00   3.1500212e-03
   4.6250000e+00   3.0172274e-03
   4.6500000e+00   2.8879877e-03
   4.6750000e+00   2.7622262e-03
   4.7000000e+00   2.6398679e-03
   4.7250000e+00   2.5208387e-03
   4.7500000e+00   2.4050654e-03
   4.7750000e+00   2.2924759e-03
   4.8000000e+00   2.1829989e-03
   4.8250000e+00   2.0765640e-03
   4.8500000e+00   1.9731019e-03
   4.8750000e+00   1.8725445e-03
   4.9000000e+00   1.7748245e-03
   4.9250000e+00   1.6798758e-03
   4.9500000e+00   1.5876333e-03
   4.9750000e+00   1.4980329e-03
   5.0000000e+00   1.4110115e-03
   5.0250000e+00   1.3265071e-03
   5.0500000e+00   1.2444589e-03
   5.0750000e+00   1.1648069e-03
   5.1000000e+00   1.0874925e-03
   5.1250000e+00   1.0124579e-03
   5.1500000e+00   9.3964623e-04
   5.1750000e+00   8.6900186e-04
   5.2000000e+00   8.0047009e-04
   5.2250000e+00   7.3399728e-04
   5.2500000e+00   6.6953083e-04
   5.2750000e+00   6.0701916e-04
   5.3000000e+00   5.4641173e-04
   5.3250000e+00   4.8765906e-04
   5.3500000e+00   4.3071262e-04
   5.3750000e+00   3.7552483e-04
   5.4000000e+00   3.2204900e-04
   5.4250000e+00   2.7023936e-04
   5.4500000e+00   2.2005111e-04
   5.4750000e+00   1.7144040e-04
   5.5000000e+00   1.2436440e-04
   5.5250000e+00   7.8781268e-05
   5.5500000e+00   3.4650098e-05
   5.5750000e+00  -8.0690741e-06
   5.6000000e+00  -4.9415352e-05
   5.6250000e+00  -8.9426998e-05
   5.6500000e+00  -1.2814145e-04
   5.6750000e+00  -1.6559530e-04
   5.7000000e+00  -2.0182434e-04
   5.7250000e+00  -2.3686355e-04
   5.7500000e+00  -2.7074704e-04
   5.7750000e+00  -3.0350809e-04
   5.8000000e+00  -3.3517905e-04
   5.8250000e+00  -3.6579143e-04
   5.8500000e+00  -3.9537598e-04
   5.8750000e+00  -4.2396275e-04
   5.9000000e+00  -4.5158109e-04
   5.9250000e+00  -4.7825974e-04
   5.9500000e+00  -5.0402673e-04
   5.9750000e+00  -5.2890944e-04
   6.0000000e+00  -5.5293448e-04
   6.0250000e+00  -5.7612769e-04
   6.0500000e+00  -5.9851417e-04
   6.0750000e+00  -6.2011839e-04
   6.1000000e+00  -6.4096420e-04
   6.1250000e+00  -6.6107482e-04
   6.1500000e+00  -6.8047283e-04
   6.1750000e+00  -6.9918024e-04
   6.2000000e+00  -7.1721847e-04
   6.2250000e+00  -7.3460839e-04
   6.2500000e+00  -7.5137028e-04
   6.2750000e+00  -7.6752392e-04
   6.3000000e+00  -7.8308857e-04
   6.3250000e+00  -7.9808293e-04
   6.3500000e+00  -8.1252515e-04
   6.3750000e+00  -8.2643285e-04
   6.4000000e+00  -8.3982314e-04
   6.4250000e+00  -8.5271261e-04
   6.4500000e+00  -8.6511734e-04
   6.4750000e+00  -8.7705299e-04
   6.5000000e+00  -8.8853478e-04
   6.5250000e+00  -8.9957750e-04
   6.5500000e+00  -9.1019552e-04
   6.5750000e+00  -9.2040282e-04
   6.6000000e+00  -9.3021296e-04
   6.6250000e+00  -9.3963911e-04
   6.6500000e+00  -9.4869405e-04
   6.6750000e+00  -9.5739026e-04
   6.7000000e+00  -9.6573978e-04
   6.7250000e+00  -9.7375426e-04
   6.7500000e+00  -9.8144489e-04
   6.7750000e+00  -9.8882250e-04
   6.8000000e+00  -9.9589760e-04
   6.8250000e+00  -1.0026804e-03
   6.8500000e+00  -1.0091810e-03
   6.8750000e+00  -1.0154089e-03
   6.9000000e+00  -1.0213736e-03
   6.9250000e+00  -1.0270841e-03
   6.9500000e+00  -1.0325492e-03
   6.9750000e+00  -1.0377773e-03
   7.0000000e+00  -1.0427767e-03
   7.0250000e+00  -1.0475554e-03
   7.0500000e+00  -1.0521210e-03
   7.0750000e+00  -1.0564809e-03
   7.1000000e+00  -1.0606423e-03
   7.1250000e+00  -1.0646121e-03
   7.1500000e+00  -1.0683972e-03
   7.1750000e+00  -1.0720040e-03
   7.2000000e+00  -1.0754390e-03
   7.2250000e+00  -1.0787084e-03
   7.2500000e+00  -1.0818179e-03
   7.2750000e+00  -1.0847734e-03
   7.3000000e+00  -1.0875803e-03
   7.3250000e+00  -1.0902438e-03
   7.3500000e+00  -1.0927693e-03
   7.3750000e+00  -1.0951617e-03
   7.4000000e+00  -1.0974260e-03
   7.4250000e+00  -1.0995669e-03
   7.4500000e+00  -1.1015887e-03
   7.4750000e+00  -1.1034956e-03
   7.5000000e+00  -1.1052916e-03
   7.5250000e+00  -1.1069807e-03
   7.5500000e+00  -1.1085667e-03
   7.5750000e+00  -1.1100535e-03
   7.6000000e+00  -1.1114447e-03
   7.6250000e+00  -1.1127439e-03
   7.6500000e+00  -1.1139545e-03
   7.6750000e+00  -1.1150798e-03
   7.7000000e+00  -1.1161232e-03
   7.7250000e+00  -1.1170877e-03
   7.7500000e+00  -1.1179761e-03
   7.7750000e+00  -1.1187915e-03
   7.8000000e+00  -1.1195365e-03
   7.8250000e+00  -1.1202139e-03
   7.8500000e+00  -1.1208260e-03
   7.8750000e+00  -1.1213754e-03
   7.9000000e+00  -1.1218641e-03
   7.9250000e+00  -1.1222945e-03
   7.9500000e+00  -1.1226686e-03
   7.9750000e+00  -1.1229884e-03
   8.0000000e+00  -1.1232560e-03
   8.0250000e+00  -1.1234735e-03
   8.0500000e+00  -1.1236427e-03
   8.0750000e+00  -1.1237655e-03
   8.1000000e+00  -1.1238437e-03
   8.1250000e+00  -1.1238791e-03
   8.1500000e+00  -1.1238731e-03
   8.1750000e+00  -1.1238274e-03
   8.2000000e+00  -1.1237431e-03
   8.2250000e+00  -1.1236219e-03
   8.2500000e+00  -1.1234652e-03
   8.2750000e+00  -1.1232745e-03
   8.3000000e+00  -1.1230513e-03
   8.3250000e+00  -1.1227969e-03
   8.3500000e+00  -1.1225124e-03
   8.3750000e+00  -1.1221989e-03
   8.4000000e+00  -1.1218572e-03
   8.4250000e+00  -1.1214884e-03
   8.4500000e+00  -1.1210933e-03
   8.4750000e+00  -1.1206730e-03
   8.5000000e+00  -1.1202284e-03
   8.5250000e+00  -1.1197605e-03
   8.5500000e+00  -1.1192701e-03
   8.5750000e+00  -1.1187581e-03
   8.6000000e+00  -1.1182253e-03
   8.6250000e+00  -1.1176724e-03
   8.6500000e+00  -1.1171004e-03
   8.6750000e+00  -1.1165099e-03
   8.7000000e+00  -1.1159017e-03
   8.7250000e+00  -1.1152766e-03
   8.7500000e+00  -1.1146352e-03
   8.7750000e+00  -1.1139781e-03
   8.8000000e+00  -1.1133058e-03
   8.8250000e+00  -1.1126189e-03
   8.8500000e+00  -1.1119178e-03
   8.8750000e+00  -1.1112030e-03
   8.9000000e+00  -1.1104752e-03
   8.9250000e+00  -1.1097346e-03
   8.9500000e+00  -1.1089817e-03
   8.9750000e+00  -1.1082169e-03
   9.0000000e+00  -1.1074400e-03
   9.0250000e+00  -1.1066516e-03
   9.0500000e+00  -1.1058526e-03
   9.0750000e+00  -1.1050433e-03
   9.1000000e+00  -1.1042244e-03
   9.1250000e+00  -1.1033961e-03
   9.1500000e+00  -1.1025591e-03
   9.1750000e+00  -1.1017137e-03
   9.2000000e+00  -1.1008603e-03
   9.2250000e+00  -1.0999991e-03
   9.2500000e+00  -1.0991306e-03
   9.2750000e+00  -1.0982549e-03
   9.3000000e+00  -1.0973724e-03
   9.3250000e+00  -1.0964833e-03
   9.3500000e+00  -1.0955875e-03
   9.3750000e+00  -1.0946851e-03
   9.4000000e+00  -1.0937760e-03
   9.4250000e+00  -1.0928606e-03
   9.4500000e+00  -1.0919390e-03
   9.4750000e+00  -1.0910119e-03
   9.5000000e+00  -1.0900796e-03
   9.5250000e+00  -1.0891424e-03
   9.5500000e+00  -1.0882004e-03
   9.5750000e+00  -1.0872537e-03
   9.6000000e+00  -1.0863026e-03
   9.6250000e+00  -1.0853472e-03
   9.6500000e+00  -1.0843876e-03
   9.6750000e+00  -1.0834239e-03
   9.7000000e+00  -1.0824562e-03
   9.7250000e+00  -1.0814849e-03
   9.7500000e+00  -1.0805101e-03
   9.7750000e+00  -1.0795318e-03
   9.8000000e+00  -1.0785502e-03
   9.8250000e+00  -1.0775652e-03
   9.8500000e+00  -1.0765767e-03
   9.8750000e+00  -1.0755849e-03
   9.9000000e+00  -1.0745898e-03
   9.9250000e+00  -1.0735916e-03
   9.9500000e+00  -1.0725906e-03
   9.9750000e+00  -1.0715869e-03
   1.0000000e+01  -1.0705806e-03
   1.0025000e+01  -1.0695719e-03
   1.0050000e+01  -1.0685608e-03
   1.0075000e+01  -1.0675474e-03
   1.0100000e+01  -1.0665320e-03
   1.0125000e+01  -1.0655146e-03
   1.0150000e+01  -1.0644953e-03
   1.0175000e+01  -1.0634742e-03
   1.0200000e+01  -1.0624511e-03
   1.0225000e+01  -1.0614261e-03
   1.0250000e+01  -1.0603988e-03
   1.0275000e+01  -1.0593694e-03
   1.0300000e+01  -1.0583377e-03
   1.0325000e+01  -1.0573041e-03
   1.0350000e+01  -1.0562688e-03
   1.0375000e+01  -1.0552318e-03
   1.0400000e+01  -1.0541937e-03
   1.0425000e+01  -1.0531546e-03
   1.0450000e+01  -1.0521148e-03
   1.0475000e+01  -1.0510744e-03
   1.0500000e+01  -1.0500333e-03
   1.0525000e+01  -1.0489914e-03
   1.0550000e+01  -1.0479483e-03
   1.0575000e+01  -1.0469038e-03
   1.0600000e+01  -1.0458579e-03
   1.0625000e+01  -1.0448105e-03
   1.0650000e+01  -1.0437617e-03
   1.0675000e+01  -1.0427116e-03
   1.0700000e+01  -1.0416604e-03
   1.0725000e+01  -1.0406081e-03
   1.0750000e+01  -1.0395549e-03
   1.0775000e+01  -1.0385010e-03
   1.0800000e+01  -1.0374466e-03
   1.0825000e+01  -1.0363919e-03
   1.0850000e+01  -1.0353368e-03
   1.0875000e+01  -1.0342815e-03
   1.0900000e+01  -1.0332259e-03
   1.0925000e+01  -1.0321701e-03
   1.0950000e+01  -1.0311140e-03
   1.0975000e+01  -1.0300578e-03
   1.1000000e+01  -1.0290012e-03
   1.1025000e+01  -1.0279444e-03
   1.1050000e+01  -1.0268872e-03
   1.1075000e+01  -1.0258295e-03
   1.1100000e+01  -1.0247714e-03
   1.1125000e+01  -1.0237128e-03
   1.1150000e+01  -1.0226537e-03
   1.1175000e+01  -1.0215943e-03
   1.1200000e+01  -1.0205346e-03
   1.1225000e+01  -1.0194748e-03
   1.1250000e+01  -1.0184150e-03
   1.1275000e+01  -1.0173555e-03
   1.1300000e+01  -1.0162963e-03
   1.1325000e+01  -1.0152374e-03
   1.1350000e+01  -1.0141787e-03
   1.1375000e+01  -1.0131201e-03
   1.1400000e+01  -1.0120616e-03
   1.1425000e+01  -1.0110030e-03
   1.1450000e+01  -1.0099446e-03
   1.1475000e+01  -1.0088865e-03
   1.1500000e+01  -1.0078289e-03
   1.1525000e+01  -1.0067717e-03
   1.1550000e+01  -1.0057149e-03
   1.1575000e+01  -1.0046587e-03
   1.1600000e+01  -1.0036030e-03
   1.1625000e+01  -1.0025480e-03
   1.1650000e+01  -1.0014936e-03
   1.1675000e+01  -1.0004398e-03
   1.1700000e+01  -9.9938658e-04
   1.1725000e+01  -9.9833381e-04
   1.1750000e+01  -9.9728138e-04
   1.1775000e+01  -9.9622916e-04
   1.1800000e+01  -9.9517710e-04
   1.1825000e+01  -9.9412524e-04
   1.1850000e+01  -9.9307373e-04
   1.1875000e+01  -9.9202288e-04
   1.1900000e+01  -9.9097296e-04
   1.1925000e+01  -9.8992418e-04
   1.1950000e+01  -9.8887665e-04
   1.1975000e+01  -9.8783041e-04
   1.2000000e+01  -9.8678545e-04
   1.2025000e+01  -9.8574171e-04
   1.2050000e+01  -9.8469905e-04
   1.2075000e+01  -9.8365732e-04
   1.2100000e+01  -9.8261640e-04
   1.2125000e+01  -9.8157628e-04
   1.2150000e+01  -9.8053703e-04
   1.2175000e+01  -9.7949875e-04
   1.2200000e+01  -9.7846151e-04
   1.2225000e+01  -9.7742536e-04
   1.2250000e+01  -9.7639036e-04
   1.2275000e+01  -9.7535656e-04
   1.2300000e+01  -9.7432401e-04
   1.2325000e+01  -9.7329267e-04
   1.2350000e+01  -9.7226251e-04
   1.2375000e+01  -9.7123352e-04
   1.2400000e+01  -9.7020577e-04
   1.2425000e+01  -9.6917933e-04
   1.2450000e+01  -9.6815426e-04
   1.2475000e+01  -9.6713054e-04
   1.2500000e+01  -9.6610817e-04
   1.2525000e+01  -9.6508716e-04
   1.2550000e+01  -9.6406752e-04
   1.2575000e+01  -9.6304934e-04
   1.2600000e+01  -9.6203273e-04
   1.2625000e+01  -9.6101779e-04
   1.2650000e+01  -9.6000460e-04
   1.2675000e+01  -9.5899318e-04
   1.2700000e+01  -9.5798358e-04
   1.2725000e+01  -9.5697581e-04
   1.2750000e+01  -9.5596985e-04
   1.2775000e+01  -9.5496569e-04
   1.2800000e+01  -9.5396335e-04
   1.2825000e+01  -9.5296282e-04
   1.2850000e+01  -9.5196411e-04
   1.2875000e+01  -9.5096721e-04
   1.2900000e+01  -9.4997204e-04
   1.2925000e+01  -9.4897846e-04
   1.2950000e+01  -9.4798635e-04
   1.2975000e+01  -9.4699567e-04
   1.3000000e+01  -9.4600649e-04
   1.3025000e+01  -9.4501903e-04
   1.3050000e+01  -9.4403353e-04
   1.3075000e+01  -9.4305021e-04
   1.3100000e+01  -9.4206922e-04
   1.3125000e+01  -9.4109064e-04
   1.3150000e+01  -9.4011451e-04
   1.3175000e+01  -9.3914077e-04
   1.3200000e+01  -9.3816933e-04
   1.3225000e+01  -9.3720008e-04
   1.3250000e+01  -9.3623291e-04
   1.3275000e+01  -9.3526769e-04
   1.3300000e+01  -9.3430441e-04
   1.3325000e+01  -9.3334314e-04
   1.3350000e+01  -9.3238407e-04
   1.3375000e+01  -9.3142739e-04
   1.3400000e+01  -9.3047326e-04
   1.3425000e+01  -9.2952177e-04
   1.3450000e+01  -9.2857290e-04
   1.3475000e+01  -9.2762654e-04
   1.3500000e+01  -9.2668253e-04
   1.3525000e+01  -9.2574078e-04
   1.3550000e+01  -9.2480121e-04
   1.3575000e+01  -9.2386376e-04
   1.3600000e+01  -9.2292847e-04
   1.3625000e+01  -9.2199548e-04
   1.3650000e+01  -9.2106508e-04
   1.3675000e+01  -9.2013754e-04
   1.3700000e+01  -9.1921305e-04
   1.3725000e+01  -9.1829159e-04
   1.3750000e+01  -9.1737299e-04
   1.3775000e+01  -9.1645709e-04
   1.3800000e+01  -9.1554373e-04
   1.3825000e+01  -9.1463284e-04
   1.3850000e+01  -9.1372444e-04
   1.3875000e+01  -9.1281862e-04
   1.3900000e+01  -9.1191551e-04
   1.3925000e+01  -9.1101525e-04
   1.3950000e+01  -9.1011794e-04
   1.3975000e+01  -9.0922362e-04
   1.4000000e+01  -9.0833224e-04
   1.4025000e+01  -9.0744373e-04
   1.4050000e+01  -9.0655805e-04
   1.4075000e+01  -9.0567514e-04
   1.4100000e+01  -9.0479506e-04
   1.4125000e+01  -9.0391787e-04
   1.4150000e+01  -9.0304373e-04
   1.4175000e+01  -9.0217283e-04
   1.4200000e+01  -9.0130528e-04
   1.4225000e+01  -9.0044109e-04
   1.4250000e+01  -8.9958013e-04
   1.4275000e+01  -8.9872229e-04
   1.4300000e+01  -8.9786744e-04
   1.4325000e+01  -8.9701551e-04
   1.4350000e+01  -8.9616646e-04
   1.4375000e+01  -8.9532037e-04
   1.4400000e+01  -8.9447747e-04
   1.4425000e+01  -8.9363803e-04
   1.4450000e+01  -8.9280219e-04
   1.4475000e+01  -8.9196988e-04
   1.4500000e+01  -8.9114086e-04
   1.4525000e+01  -8.9031493e-04
   1.4550000e+01  -8.8949199e-04
   1.4575000e+01  -8.8867208e-04
   1.4600000e+01  -8.8785536e-04
   1.4625000e+01  -8.8704200e-04
   1.4650000e+01  -8.8623212e-04
   1.4675000e+01  -8.8542573e-04
   1.4700000e+01  -8.8462289e-04
   1.4725000e+01  -8.8382374e-04
   1.4750000e+01  -8.8302840e-04
   1.4775000e+01  -8.8223699e-04
   1.4800000e+01  -8.8144949e-04
   1.4825000e+01  -8.8066582e-04
   1.4850000e+01  -8.7988579e-04
   1.4875000e+01  -8.7910917e-04
   1.4900000e+01  -8.7833579e-04
   1.4925000e+01  -8.7756559e-04
   1.4950000e+01  -8.7679863e-04
   1.4975000e+01  -8.7603504e-04
   1.5000000e+01  -8.7527498e-04
   1.5025000e+01  -8.7451863e-04
   1.5050000e+01  -8.7376615e-04
   1.5075000e+01  -8.7301770e-04
   1.5100000e+01  -8.7227331e-04
   1.5125000e+01  -8.7153286e-04
   1.5150000e+01  -8.7079623e-04
   1.5175000e+01  -8.7006341e-04
   1.5200000e+01  -8.6933447e-04
   1.5225000e+01  -8.6860946e-04
   1.5250000e+01  -8.6788835e-04
   1.5275000e+01  -8.6717110e-04
   1.5300000e+01  -8.6645765e-04
   1.5325000e+01  -8.6574796e-04
   1.5350000e+01  -8.6504205e-04
   1.5375000e+01  -8.6434001e-04
   1.5400000e+01  -8.6364196e-04
   1.5425000e+01  -8.6294803e-04
   1.5450000e+01  -8.6225831e-04
   1.5475000e+01  -8.6157282e-04
   1.5500000e+01  -8.6089160e-04
   1.5525000e+01  -8.6021466e-04
   1.5550000e+01  -8.5954196e-04
   1.5575000e+01  -8.5887343e-04
   1.5600000e+01  -8.5820897e-04
   1.5625000e+01  -8.5754849e-04
   1.5650000e+01  -8.5689196e-04
   1.5675000e+01  -8.5623936e-04
   1.5700000e+01  -8.5559064e-04
   1.5725000e+01  -8.5494579e-04
   1.5750000e+01  -8.5430478e-04
   1.5775000e+01  -8.5366765e-04
   1.5800000e+01  -8.5303451e-04
   1.5825000e+01  -8.5240555e-04
   1.5850000e+01  -8.5178104e-04
   1.5875000e+01  -8.5116130e-04
   1.5900000e+01  -8.5054657e-04
   1.5925000e+01  -8.4993686e-04
   1.5950000e+01  -8.4933201e-04
   1.5975000e+01  -8.4873174e-04
   1.6000000e+01  -8.4813580e-04
   1.6025000e+01  -8.4754407e-04
   1.6050000e+01  -8.4695653e-04
   1.6075000e+01  -8.4637322e-04
   1.6100000e+01  -8.4579421e-04
   1.6125000e+01  -8.4521952e-04
   1.6150000e+01  -8.4464914e-04
   1.6175000e+01  -8.4408303e-04
   1.6200000e+01  -8.4352114e-04
   1.6225000e+01  -8.4296345e-04
   1.6250000e+01  -8.4241003e-04
   1.6275000e+01  -8.4186098e-04
   1.6300000e+01  -8.4131644e-04
   1.6325000e+01  -8.4077650e-04
   1.6350000e+01  -8.4024124e-04
   1.6375000e+01  -8.3971078e-04
   1.6400000e+01  -8.3918522e-04
   1.6425000e+01  -8.3866460e-04
   1.6450000e+01  -8.3814887e-04
   1.6475000e+01  -8.3763791e-04
   1.6500000e+01  -8.3713158e-04
   1.6525000e+01  -8.3662979e-04
   1.6550000e+01  -8.3613248e-04
   1.6575000e+01  -8.3563965e-04
   1.6600000e+01  -8.3515129e-04
   1.6625000e+01  -8.3466751e-04
   1.6650000e+01  -8.3418846e-04
   1.6675000e+01  -8.3371429e-04
   1.6700000e+01  -8.3324509e-04
   1.6725000e+01  -8.3278089e-04
   1.6750000e+01  -8.3232161e-04
   1.6775000e+01  -8.3186716e-04
   1.6800000e+01  -8.3141744e-04
   1.6825000e+01  -8.3097239e-04
   1.6850000e+01  -8.3053193e-04
   1.6875000e+01  -8.3009607e-04
   1.6900000e+01  -8.2966483e-04
   1.6925000e+01  -8.2923823e-04
   1.6950000e+01  -8.2881629e-04
   1.6975000e+01  -8.2839904e-04
   1.7000000e+01  -8.2798663e-04
   1.7025000e+01  -8.2757919e-04
   1.7050000e+01  -8.2717684e-04
   1.7075000e+01  -8.2677972e-04
   1.7100000e+01  -8.2638789e-04
   1.7125000e+01  -8.2600134e-04
   1.7150000e+01  -8.2561989e-04
   1.7175000e+01  -8.2524337e-04
   1.7200000e+01  -8.2487163e-04
   1.7225000e+01  -8.2450454e-04
   1.7250000e+01  -8.2414207e-04
   1.7275000e+01  -8.2378431e-04
   1.7300000e+01  -8.2343141e-04
   1.7325000e+01  -8.2308356e-04
   1.7350000e+01  -8.2274094e-04
   1.7375000e+01  -8.2240364e-04
   1.7400000e+01  -8.2207165e-04
   1.7425000e+01  -8.2174486e-04
   1.7450000e+01  -8.2142313e-04
   1.7475000e+01  -8.2110632e-04
   1.7500000e+01  -8.2079432e-04
   1.7525000e+01  -8.2048707e-04
   1.7550000e+01  -8.2018458e-04
   1.7575000e+01  -8.1988686e-04
   1.7600000e+01  -8.1959399e-04
   1.7625000e+01  -8.1930608e-04
   1.7650000e+01  -8.1902327e-04
   1.7675000e+01  -8.1874576e-04
   1.7700000e+01  -8.1847375e-04
   1.7725000e+01  -8.1820732e-04
   1.7750000e+01  -8.1794647e-04
   1.7775000e+01  -8.1769108e-04
   1.7800000e+01  -8.1744099e-04
   1.7825000e+01  -8.1719601e-04
   1.7850000e+01  -8.1695599e-04
   1.7875000e+01  -8.1672081e-04
   1.7900000e+01  -8.1649041e-04
   1.7925000e+01  -8.1626479e-04
   1.7950000e+01  -8.1604402e-04
   1.7975000e+01  -8.1582820e-04
   1.8000000e+01  -8.1561750e-04
   1.8025000e+01  -8.1541206e-04
   1.8050000e+01  -8.1521198e-04
   1.8075000e+01  -8.1501726e-04
   1.8100000e+01  -8.1482785e-04
   1.8125000e+01  -8.1464377e-04
   1.8150000e+01  -8.1446501e-04
   1.8175000e+01  -8.1429164e-04
   1.8200000e+01  -8.1412369e-04
   1.8225000e+01  -8.1396120e-04
   1.8250000e+01  -8.1380412e-04
   1.8275000e+01  -8.1365234e-04
   1.8300000e+01  -8.1350571e-04
   1.8325000e+01  -8.1336406e-04
   1.8350000e+01  -8.1322729e-04
   1.8375000e+01  -8.1309536e-04
   1.8400000e+01  -8.1296833e-04
   1.8425000e+01  -8.1284630e-04
   1.8450000e+01  -8.1272941e-04
   1.8475000e+01  -8.1261779e-04
   1.8500000e+01  -8.1251161e-04
   1.8525000e+01  -8.1241101e-04
   1.8550000e+01  -8.1231604e-04
   1.8575000e+01  -8.1222664e-04
   1.8600000e+01  -8.1214267e-04
   1.8625000e+01  -8.1206400e-04
   1.8650000e+01  -8.1199053e-04
   1.8675000e+01  -8.1192223e-04
   1.8700000e+01  -8.1185909e-04
   1.8725000e+01  -8.1180116e-04
   1.8750000e+01  -8.1174846e-04
   1.8775000e+01  -8.1170100e-04
   1.8800000e+01  -8.1165874e-04
   1.8825000e+01  -8.1162168e-04
   1.8850000e+01  -8.1158983e-04
   1.8875000e+01  -8.1156326e-04
   1.8900000e+01  -8.1154202e-04
   1.8925000e+01  -8.1152613e-04
   1.8950000e+01  -8.1151557e-04
   1.8975000e+01  -8.1151030e-04
   1.9000000e+01   0.0000000e+00
