  -5.0000000e+00  -6.9952093e-02
  -4.9750000e+00  -7.0041674e-02
  -4.9500000e+00  -7.0123259e-02
  -4.9250000e+00  -7.0196887e-02
  -4.9000000e+00  -7.0262595e-02
  -4.8750000e+00  -7.0320424e-02
  -4.8500000e+00  -7.0370411e-02
  -4.8250000e+00  -7.0412598e-02
  -4.8000000e+00  -7.0447025e-02
  -4.7750000e+00  -7.0473734e-02
  -4.7500000e+00  -7.0492768e-02
  -4.7250000e+00  -7.0504170e-02
  -4.7000000e+00  -7.0507982e-02
  -4.6750000e+00  -7.0504250e-02
  -4.6500000e+00  -7.0493019e-02
  -4.6250000e+00  -7.0474333e-02
  -4.6000000e+00  -7.0448239e-02
  -4.5750000e+00  -7.0414783e-02
  -4.5500000e+00  -7.0374013e-02
  -4.5250000e+00  -7.0325977e-02
  -4.5000000e+00  -7.0270722e-02
  -4.4750000e+00  -7.0208297e-02
  -4.4500000e+00  -7.0138751e-02
  -4.4250000e+00  -7.0062135e-02
  -4.4000000e+00  -6.9978499e-02
  -4.3750000e+00  -6.9887892e-02
  -4.3500000e+00  -6.9790367e-02
  -4.3250000e+00  -6.9685974e-02
  -4.3000000e+00  -6.9574765e-02
  -4.2750000e+00  -6.9456794e-02
  -4.2500000e+00  -6.9332112e-02
  -4.2250000e+00  -6.9200772e-02
  -4.2000000e+00  -6.9062829e-02
  -4.1750000e+00  -6.8918335e-02
  -4.1500000e+00  -6.8767346e-02
  -4.1250000e+00  -6.8609915e-02
  -4.1000000e+00  -6.8446097e-02
  -4.0750000e+00  -6.8275947e-02
  -4.0500000e+00  -6.8099520e-02
  -4.0250000e+00  -6.7916873e-02
  -4.0000000e+00  -6.7728060e-02
  -3.9750000e+00  -6.7533138e-02
  -3.9500000e+00  -6.7332163e-02
  -3.9250000e+00  -6.7125192e-02
  -3.9000000e+00  -6.6912282e-02
  -3.8750000e+00  -6.6693488e-02
  -3.8500000e+00  -6.6468869e-02
  -3.8250000e+00  -6.6238481e-02
  -3.8000000e+00  -6.6002382e-02
  -3.7750000e+00  -6.5760629e-02
  -3.7500000e+00  -6.5513281e-02
  -3.7250000e+00  -6.5260394e-02
  -3.7000000e+00  -6.5002027e-02
  -3.6750000e+00  -6.4738237e-02
  -3.6500000e+00  -6.4469083e-02
  -3.6250000e+00  -6.4194623e-02
  -3.6000000e+00  -6.3914914e-02
  -3.5750000e+00  -6.3630016e-02
  -3.5500000e+00  -6.3339986e-02
  -3.5250000e+00  -6.3044882e-02
  -3.5000000e+00  -6.2744763e-02
  -3.4750000e+00  -6.2439688e-02
  -3.4500000e+00  -6.2129713e-02
  -3.4250000e+00  -6.1814898e-02
  -3.4000000e+00  -6.1495301e-02
  -3.3750000e+00  -6.1170980e-02
  -3.3500000e+00  -6.0841992e-02
  -3.3250000e+00  -6.0508397e-02
  -3.3000000e+00  -6.0170252e-02
  -3.2750000e+00  -5.9827615e-02
  -3.2500000e+00  -5.9480543e-02
  -3.2250000e+00  -5.9129095e-02
  -3.2000000e+00  -5.8773328e-02
  -3.1750000e+00  -5.8413299e-02
  -3.1500000e+00  -5.8049067e-02
  -3.1250000e+00  -5.7680687e-02
  -3.1000000e+00  -5.7308218e-02
  -3.0750000e+00  -5.6931715e-02
  -3.0500000e+00  -5.6551237e-02
  -3.0250000e+00  -5.6166839e-02
  -3.0000000e+00  -5.5778577e-02
  -2.9750000e+00  -5.5386509e-02
  -2.9500000e+00  -5.4990689e-02
  -2.9250000e+00  -5.4591175e-02
  -2.9000000e+00  -5.4188021e-02
  -2.8750000e+00  -5.3781282e-02
  -2.8500000e+00  -5.3371015e-02
  -2.8250000e+00  -5.2957274e-02
  -2.8000000e+00  -5.2540113e-02
  -2.7750000e+00  -5.2119588e-02
  -2.7500000e+00  -5.1695751e-02
  -2.7250000e+00  -5.1268658e-02
  -2.7000000e+00  -5.0838362e-02
  -2.6750000e+00  -5.0404916e-02
  -2.6500000e+00  -4.9968374e-02
  -2.6250000e+00  -4.9528788e-02
  -2.6000000e+00  -4.9086211e-02
  -2.5750000e+00  -4.8640695e-02
  -2.5500000e+00  -4.8192293e-02
  -2.5250000e+00  -4.7741055e-02
  -2.5000000e+00  -4.7287033e-02
  -2.4750000e+00  -4.6830278e-02
  -2.4500000e+00  -4.6370842e-02
  -2.4250000e+00  -4.5908774e-02
  -2.4000000e+00  -4.5444124e-02
  -2.3750000e+00  -4.4976943e-02
  -2.3500000e+00  -4.4507279e-02
  -2.3250000e+00  -4.4035183e-02
  -2.3000000e+00  -4.3560702e-02
  -2.2750000e+00  -4.3083884e-02
  -2.2500000e+00  -4.2604779e-02
  -2.2250000e+00  -4.2123434e-02
  -2.2000000e+00  -4.1639896e-02
  -2.1750000e+00  -4.1154212e-02
  -2.1500000e+00  -4.0666429e-02
  -2.1250000e+00  -4.0176594e-02
  -2.1000000e+00  -3.9684751e-02
  -2.0750000e+00  -3.9190947e-02
  -2.0500000e+00  -3.8695226e-02
  -2.0250000e+00  -3.8197635e-02
  -2.0000000e+00  -3.7698216e-02
  -1.9750000e+00  -3.7197015e-02
  -1.9500000e+00  -3.6694075e-02
  -1.9250000e+00  -3.6189440e-02
  -1.9000000e+00  -3.5683152e-02
  -1.8750000e+00  -3.5175254e-02
  -1.8500000e+00  -3.4665788e-02
  -1.8250000e+00  -3.4154796e-02
  -1.8000000e+00  -3.3642320e-02
  -1.7750000e+00  -3.3128401e-02
  -1.7500000e+00  -3.2613079e-02
  -1.7250000e+00  -3.2096395e-02
  -1.7000000e+00  -3.1578390e-02
  -1.6750000e+00  -3.1059101e-02
  -1.6500000e+00  -3.0538570e-02
  -1.6250000e+00  -3.0016834e-02
  -1.6000000e+00  -2.9493933e-02
  -1.5750000e+00  -2.8969904e-02
  -1.5500000e+00  -2.8444785e-02
  -1.5250000e+00  -2.7918613e-02
  -1.5000000e+00  -2.7391427e-02
  -1.4750000e+00  -2.6863261e-02
  -1.4500000e+00  -2.6334154e-02
  -1.4250000e+00  -2.5804140e-02
  -1.4000000e+00  -2.5273255e-02
  -1.3750000e+00  -2.4741535e-02
  -1.3500000e+00  -2.4209015e-02
  -1.3250000e+00  -2.3675728e-02
  -1.3000000e+00  -2.3141710e-02
  -1.2750000e+00  -2.2606994e-02
  -1.2500000e+00  -2.2071613e-02
  -1.2250000e+00  -2.1535602e-02
  -1.2000000e+00  -2.0998992e-02
  -1.1750000e+00  -2.0461817e-02
  -1.1500000e+00  -1.9924108e-02
  -1.1250000e+00  -1.9385897e-02
  -1.1000000e+00  -1.8847217e-02
  -1.0750000e+00  -1.8308098e-02
  -1.0500000e+00  -1.7768570e-02
  -1.0250000e+00  -1.7228666e-02
  -1.0000000e+00  -1.6688415e-02
  -9.7500000e-01  -1.6147847e-02
  -9.5000000e-01  -1.5606992e-02
  -9.2500000e-01  -1.5065879e-02
  -9.0000000e-01  -1.4524538e-02
  -8.7500000e-01  -1.3982998e-02
  -8.5000000e-01  -1.3441286e-02
  -8.2500000e-01  -1.2899432e-02
  -8.0000000e-01  -1.2357463e-02
  -7.7500000e-01  -1.1815407e-02
  -7.5000000e-01  -1.1273293e-02
  -7.2500000e-01  -1.0731146e-02
  -7.0000000e-01  -1.0188994e-02
  -6.7500000e-01  -9.6468640e-03
  -6.5000000e-01  -9.1047826e-03
  -6.2500000e-01  -8.5627760e-03
  -6.0000000e-01  -8.0208704e-03
  -5.7500000e-01  -7.4790917e-03
  -5.5000000e-01  -6.9374655e-03
  -5.2500000e-01  -6.3960174e-03
  -5.0000000e-01  -6.1465354e-03
  -4.7500000e-01  -6.1551552e-03
  -4.5000000e-01  -6.1118228e-03
  -4.2500000e-01  -6.0061614e-03
  -4.0000000e-01  -5.8247916e-03
  -3.7500000e-01  -5.5501612e-03
  -3.5000000e-01  -5.1587984e-03
  -3.2500000e-01  -4.6186355e-03
  -3.0000000e-01  -3.8847830e-03
  -2.7500000e-01  -2.8926289e-03
  -2.5000000e-01  -1.5461124e-03
  -2.2500000e-01   3.0313455e-04
  -2.0000000e-01   2.8949621e-03
  -1.7500000e-01   6.6391971e-03
  -1.5000000e-01   1.2285689e-02
  -1.2500000e-01   2.1329157e-02
  -1.0000000e-01   3.7086796e-02
  -7.5000000e-02   6.7908417e-02
  -5.0000000e-02   1.3641677e-01
  -2.5000000e-02   2.6481630e-01
   0.0000000e+00   2.0433668e-01
   2.5000000e-02   4.8526479e-02
   5.0000000e-02  -7.3630382e-03
   7.5000000e-02  -2.6556654e-02
   1.0000000e-01  -3.4270617e-02
   1.2500000e-01  -3.7781760e-02
   1.5000000e-01  -3.9521422e-02
   1.7500000e-01  -4.0432203e-02
   2.0000000e-01  -4.0924243e-02
   2.2500000e-01  -4.1192210e-02
   2.5000000e-01  -4.1334751e-02
   2.7500000e-01  -4.1404366e-02
   3.0000000e-01  -4.1430012e-02
   3.2500000e-01  -4.1428057e-02
   3.5000000e-01  -4.1407874e-02
   3.7500000e-01  -4.1374845e-02
   4.0000000e-01  -4.1332015e-02
   4.2500000e-01  -4.1281051e-02
   4.5000000e-01  -4.1222794e-02
   4.7500000e-01  -4.1157597e-02
   5.0000000e-01  -4.1085529e-02
   5.2500000e-01  -4.1006496e-02
   5.5000000e-01  -4.0920322e-02
   5.7500000e-01  -4.0826798e-02
   6.0000000e-01  -4.0725708e-02
   6.2500000e-01  -4.0616846e-02
   6.5000000e-01  -4.0500031e-02
   6.7500000e-01  -4.0375110e-02
   7.0000000e-01  -4.0241960e-02
   7.2500000e-01  -4.0100487e-02
   7.5000000e-01  -3.9950632e-02
   7.7500000e-01  -3.9792361e-02
   8.0000000e-01  -3.9625671e-02
   8.2500000e-01  -3.9450584e-02
   8.5000000e-01  -3.9267145e-02
   8.7500000e-01  -3.9075423e-02
   9.0000000e-01  -3.8875506e-02
   9.2500000e-01  -3.8667500e-02
   9.5000000e-01  -3.8451529e-02
   9.7500000e-01  -3.8227732e-02
   1.0000000e+00  -3.7996261e-02
   1.0250000e+00  -3.7757280e-02
   1.0500000e+00  -3.7510967e-02
   1.0750000e+00  -3.7257506e-02
   1.1000000e+00  -3.6997091e-02
   1.1250000e+00  -3.6729925e-02
   1.1500000e+00  -3.6456216e-02
   1.1750000e+00  -3.6176180e-02
   1.2000000e+00  -3.5890035e-02
   1.2250000e+00  -3.5598007e-02
   1.2500000e+00  -3.5300322e-02
   1.2750000e+00  -3.4997211e-02
   1.3000000e+00  -3.4688907e-02
   1.3250000e+00  -3.4375646e-02
   1.3500000e+00  -3.4057662e-02
   1.3750000e+00  -3.3735192e-02
   1.4000000e+00  -3.3408474e-02
   1.4250000e+00  -3.3077744e-02
   1.4500000e+00  -3.2743238e-02
   1.4750000e+00  -3.2405191e-02
   1.5000000e+00  -3.2063838e-02
   1.5250000e+00  -3.1719411e-02
   1.5500000e+00  -3.1372141e-02
   1.5750000e+00  -3.1022255e-02
   1.6000000e+00  -3.0669979e-02
   1.6250000e+00  -3.0315538e-02
   1.6500000e+00  -2.9959150e-02
   1.6750000e+00  -2.9601034e-02
   1.7000000e+00  -2.9241403e-02
   1.7250000e+00  -2.8880468e-02
   1.7500000e+00  -2.8518435e-02
   1.7750000e+00  -2.8155508e-02
   1.8000000e+00  -2.7791886e-02
   1.8250000e+00  -2.7427763e-02
   1.8500000e+00  -2.7063332e-02
   1.8750000e+00  -2.6698778e-02
   1.9000000e+00  -2.6334285e-02
   1.9250000e+00  -2.5970030e-02
   1.9500000e+00  -2.5606187e-02
   1.9750000e+00  -2.5242925e-02
   2.0000000e+00  -2.4880410e-02
   2.0250000e+00  -2.4518799e-02
   2.0500000e+00  -2.4158251e-02
   2.0750000e+00  -2.3798914e-02
   2.1000000e+00  -2.3440935e-02
   2.1250000e+00  -2.3084455e-02
   2.1500000e+00  -2.2729611e-02
   2.1750000e+00  -2.2376535e-02
   2.2000000e+00  -2.2025354e-02
   2.2250000e+00  -2.1676190e-02
   2.2500000e+00  -2.1329162e-02
   2.2750000e+00  -2.0984382e-02
   2.3000000e+00  -2.0641960e-02
   2.3250000e+00  -2.0302001e-02
   2.3500000e+00  -1.9964603e-02
   2.3750000e+00  -1.9629862e-02
   2.4000000e+00  -1.9297869e-02
   2.4250000e+00  -1.8968711e-02
   2.4500000e+00  -1.8642469e-02
   2.4750000e+00  -1.8319222e-02
   2.5000000e+00  -1.7999044e-02
   2.5250000e+00  -1.7682003e-02
   2.5500000e+00  -1.7368166e-02
   2.5750000e+00  -1.7057595e-02
   2.6000000e+00  -1.6750346e-02
   2.6250000e+00  -1.6446474e-02
   2.6500000e+00  -1.6146028e-02
   2.6750000e+00  -1.5849055e-02
   2.7000000e+00  -1.5555598e-02
   2.7250000e+00  -1.5265695e-02
   2.7500000e+00  -1.4979382e-02
   2.7750000e+00  -1.4696691e-02
   2.8000000e+00  -1.4417653e-02
   2.8250000e+00  -1.4142291e-02
   2.8500000e+00  -1.3870629e-02
   2.8750000e+00  -1.3602687e-02
   2.9000000e+00  -1.3338480e-02
   2.9250000e+00  -1.3078023e-02
   2.9500000e+00  -1.2821326e-02
   2.9750000e+00  -1.2568398e-02
   3.0000000e+00  -1.2319243e-02
   3.0250000e+00  -1.2073866e-02
   3.0500000e+00  -1.1832265e-02
   3.0750000e+00  -1.1594440e-02
   3.1000000e+00  -1.1360385e-02
   3.1250000e+00  -1.1130095e-02
   3.1500000e+00  -1.0903560e-02
   3.1750000e+00  -1.0680769e-02
   3.2000000e+00  -1.0461710e-02
   3.2250000e+00  -1.0246368e-02
   3.2500000e+00  -1.0034728e-02
   3.2750000e+00  -9.8267690e-03
   3.3000000e+00  -9.6224728e-03
   3.3250000e+00  -9.4218173e-03
   3.3500000e+00  -9.2247793e-03
   3.3750000e+00  -9.0313339e-03
   3.4000000e+00  -8.8414550e-03
   3.4250000e+00  -8.6551153e-03
   3.4500000e+00  -8.4722861e-03
   3.4750000e+00  -8.2929375e-03
   3.5000000e+00  -8.1170386e-03
   3.5250000e+00  -7.9445573e-03
   3.5500000e+00  -7.7754606e-03
   3.5750000e+00  -7.6097146e-03
   3.6000000e+00  -7.4472844e-03
   3.6250000e+00  -7.2881341e-03
   3.6500000e+00  -7.1322272e-03
   3.6750000e+00  -6.9795262e-03
   3.7000000e+00  -6.8299931e-03
   3.7250000e+00  -6.6835895e-03
   3.7500000e+00  -6.5402761e-03
   3.7750000e+00  -6.4000134e-03
   3.8000000e+00  -6.2627616e-03
   3.8250000e+00  -6.1284804e-03
   3.8500000e+00  -5.9971288e-03
   3.8750000e+00  -5.8686660e-03
   3.9000000e+00  -5.7430505e-03
   3.9250000e+00  -5.6202404e-03
   3.9500000e+00  -5.5001941e-03
   3.9750000e+00  -5.3828693e-03
   4.0000000e+00  -5.2682239e-03
   4.0250000e+00  -5.1562156e-03
   4.0500000e+00  -5.0468021e-03
   4.0750000e+00  -4.9399412e-03
   4.1000000e+00  -4.8355906e-03
   4.1250000e+00  -4.7337081e-03
   4.1500000e+00  -4.6342517e-03
   4.1750000e+00  -4.5371792e-03
   4.2000000e+00  -4.4424488e-03
   4.2250000e+00  -4.3500189e-03
   4.2500000e+00  -4.2598478e-03
   4.2750000e+00  -4.1718943e-03
   4.3000000e+00  -4.0861172e-03
   4.3250000e+00  -4.0024756e-03
   4.3500000e+00  -3.9209289e-03
   4.3750000e+00  -3.8414365e-03
   4.4000000e+00  -3.7639586e-03
   4.4250000e+00  -3.6884554e-03
   4.4500000e+00  -3.6148876e-03
   4.4750000e+00  -3.5432162e-03
   4.5000000e+00  -3.4734027e-03
   4.5250000e+00  -3.4054087e-03
   4.5500000e+00  -3.3391963e-03
   4.5750000e+00  -3.2747283e-03
   4.6000000e+00  -3.2119675e-03
   4.6250000e+00  -3.1508773e-03
   4.6500000e+00  -3.0914218e-03
   4.6750000e+00  -3.0335652e-03
   4.7000000e+00  -2.9772722e-03
   4.7250000e+00  -2.9225082e-03
   4.7500000e+00  -2.8692389e-03
   4.7750000e+00  -2.8174306e-03
   4.8000000e+00  -2.7670499e-03
   4.8250000e+00  -2.7180640e-03
   4.8500000e+00  -2.6704405e-03
   4.8750000e+00  -2.6241475e-03
   4.9000000e+00  -2.5791536e-03
   4.9250000e+00  -2.5354278e-03
   4.9500000e+00  -2.4929396e-03
   4.9750000e+00  -2.4516592e-03
   5.0000000e+00  -2.4115572e-03
   5.0250000e+00  -2.3726046e-03
   5.0500000e+00  -2.3347733e-03
   5.0750000e+00  -2.2980353e-03
   5.1000000e+00  -2.2623633e-03
   5.1250000e+00  -2.2277304e-03
   5.1500000e+00  -2.1941102e-03
   5.1750000e+00  -2.1614769e-03
   5.2000000e+00  -2.1298050e-03
   5.2250000e+00  -2.0990696e-03
   5.2500000e+00  -2.0692463e-03
   5.2750000e+00  -2.0403111e-03
   5.3000000e+00  -2.0122407e-03
   5.3250000e+00  -1.9850120e-03
   5.3500000e+00  -1.9586027e-03
   5.3750000e+00  -1.9329906e-03
   5.4000000e+00  -1.9081542e-03
   5.4250000e+00  -1.8840723e-03
   5.4500000e+00  -1.8607242e-03
   5.4750000e+00  -1.8380895e-03
   5.5000000e+00  -1.8161484e-03
   5.5250000e+00  -1.7948816e-03
   5.5500000e+00  -1.7742701e-03
   5.5750000e+00  -1.7542954e-03
   5.6000000e+00  -1.7349398e-03
   5.6250000e+00  -1.7161855e-03
   5.6500000e+00  -1.6980155e-03
   5.6750000e+00  -1.6804129e-03
   5.7000000e+00  -1.6633611e-03
   5.7250000e+00  -1.6468441e-03
   5.7500000e+00  -1.6308459e-03
   5.7750000e+00  -1.6153514e-03
   5.8000000e+00  -1.6003457e-03
   5.8250000e+00  -1.5858142e-03
   5.8500000e+00  -1.5717427e-03
   5.8750000e+00  -1.5581176e-03
   5.9000000e+00  -1.5449252e-03
   5.9250000e+00  -1.5321525e-03
   5.9500000e+00  -1.5197865e-03
   5.9750000e+00  -1.5078150e-03
   6.0000000e+00  -1.4962259e-03
   6.0250000e+00  -1.4850075e-03
   6.0500000e+00  -1.4741484e-03
   6.0750000e+00  -1.4636373e-03
   6.1000000e+00  -1.4534634e-03
   6.1250000e+00  -1.4436157e-03
   6.1500000e+00  -1.4340839e-03
   6.1750000e+00  -1.4248577e-03
   6.2000000e+00  -1.4159273e-03
   6.2250000e+00  -1.4072833e-03
   6.2500000e+00  -1.3989163e-03
   6.2750000e+00  -1.3908173e-03
   6.3000000e+00  -1.3829777e-03
   6.3250000e+00  -1.3753890e-03
   6.3500000e+00  -1.3680430e-03
   6.3750000e+00  -1.3609320e-03
   6.4000000e+00  -1.3540482e-03
   6.4250000e+00  -1.3473842e-03
   6.4500000e+00  -1.3409329e-03
   6.4750000e+00  -1.3346870e-03
   6.5000000e+00  -1.3286396e-03
   6.5250000e+00  -1.3227838e-03
   6.5500000e+00  -1.3171129e-03
   6.5750000e+00  -1.3116206e-03
   6.6000000e+00  -1.3063005e-03
   6.6250000e+00  -1.3011467e-03
   6.6500000e+00  -1.2961534e-03
   6.6750000e+00  -1.2913150e-03
   6.7000000e+00  -1.2866262e-03
   6.7250000e+00  -1.2820818e-03
   6.7500000e+00  -1.2776771e-03
   6.7750000e+00  -1.2734072e-03
   6.8000000e+00  -1.2692675e-03
   6.8250000e+00  -1.2652531e-03
   6.8500000e+00  -1.2613595e-03
   6.8750000e+00  -1.2575821e-03
   6.9000000e+00  -1.2539168e-03
   6.9250000e+00  -1.2503596e-03
   6.9500000e+00  -1.2469067e-03
   6.9750000e+00  -1.2435543e-03
   7.0000000e+00  -1.2402986e-03
   7.0250000e+00  -1.2371359e-03
   7.0500000e+00  -1.2340628e-03
   7.0750000e+00  -1.2310759e-03
   7.1000000e+00  -1.2281720e-03
   7.1250000e+00  -1.2253480e-03
   7.1500000e+00  -1.2226009e-03
   7.1750000e+00  -1.2199281e-03
   7.2000000e+00  -1.2173267e-03
   7.2250000e+00  -1.2147940e-03
   7.2500000e+00  -1.2123274e-03
   7.2750000e+00  -1.2099242e-03
   7.3000000e+00  -1.2075821e-03
   7.3250000e+00  -1.2052983e-03
   7.3500000e+00  -1.2030707e-03
   7.3750000e+00  -1.2008971e-03
   7.4000000e+00  -1.1987753e-03
   7.4250000e+00  -1.1967035e-03
   7.4500000e+00  -1.1946797e-03
   7.4750000e+00  -1.1927020e-03
   7.5000000e+00  -1.1907684e-03
   7.5250000e+00  -1.1888770e-03
   7.5500000e+00  -1.1870259e-03
   7.5750000e+00  -1.1852136e-03
   7.6000000e+00  -1.1834385e-03
   7.6250000e+00  -1.1816993e-03
   7.6500000e+00  -1.1799948e-03
   7.6750000e+00  -1.1783235e-03
   7.7000000e+00  -1.1766843e-03
   7.7250000e+00  -1.1750756e-03
   7.7500000e+00  -1.1734961e-03
   7.7750000e+00  -1.1719443e-03
   7.8000000e+00  -1.1704187e-03
   7.8250000e+00  -1.1689182e-03
   7.8500000e+00  -1.1674416e-03
   7.8750000e+00  -1.1659878e-03
   7.9000000e+00  -1.1645559e-03
   7.9250000e+00  -1.1631453e-03
   7.9500000e+00  -1.1617549e-03
   7.9750000e+00  -1.1603841e-03
   8.0000000e+00  -1.1590319e-03
   8.0250000e+00  -1.1576976e-03
   8.0500000e+00  -1.1563801e-03
   8.0750000e+00  -1.1550788e-03
   8.1000000e+00  -1.1537929e-03
   8.1250000e+00  -1.1525217e-03
   8.1500000e+00  -1.1512643e-03
   8.1750000e+00  -1.1500201e-03
   8.2000000e+00  -1.1487883e-03
   8.2250000e+00  -1.1475683e-03
   8.2500000e+00  -1.1463595e-03
   8.2750000e+00  -1.1451615e-03
   8.3000000e+00  -1.1439738e-03
   8.3250000e+00  -1.1427960e-03
   8.3500000e+00  -1.1416277e-03
   8.3750000e+00  -1.1404683e-03
   8.4000000e+00  -1.1393174e-03
   8.4250000e+00  -1.1381744e-03
   8.4500000e+00  -1.1370390e-03
   8.4750000e+00  -1.1359106e-03
   8.5000000e+00  -1.1347887e-03
   8.5250000e+00  -1.1336729e-03
   8.5500000e+00  -1.1325629e-03
   8.5750000e+00  -1.1314583e-03
   8.6000000e+00  -1.1303589e-03
   8.6250000e+00  -1.1292643e-03
   8.6500000e+00  -1.1281743e-03
   8.6750000e+00  -1.1270887e-03
   8.7000000e+00  -1.1260073e-03
   8.7250000e+00  -1.1249299e-03
   8.7500000e+00  -1.1238564e-03
   8.7750000e+00  -1.1227868e-03
   8.8000000e+00  -1.1217206e-03
   8.8250000e+00  -1.1206575e-03
   8.8500000e+00  -1.1195970e-03
   8.8750000e+00  -1.1185387e-03
   8.9000000e+00  -1.1174823e-03
   8.9250000e+00  -1.1164277e-03
   8.9500000e+00  -1.1153747e-03
   8.9750000e+00  -1.1143232e-03
   9.0000000e+00  -1.1132736e-03
   9.0250000e+00  -1.1122257e-03
   9.0500000e+00  -1.1111794e-03
   9.0750000e+00  -1.1101346e-03
   9.1000000e+00  -1.1090912e-03
   9.1250000e+00  -1.1080490e-03
   9.1500000e+00  -1.1070080e-03
   9.1750000e+00  -1.1059677e-03
   9.2000000e+00  -1.1049280e-03
   9.2250000e+00  -1.1038886e-03
   9.2500000e+00  -1.1028491e-03
   9.2750000e+00  -1.1018094e-03
   9.3000000e+00  -1.1007697e-03
   9.3250000e+00  -1.0997299e-03
   9.3500000e+00  -1.0986902e-03
   9.3750000e+00  -1.0976508e-03
   9.4000000e+00  -1.0966117e-03
   9.4250000e+00  -1.0955729e-03
   9.4500000e+00  -1.0945343e-03
   9.4750000e+00  -1.0934958e-03
   9.5000000e+00  -1.0924571e-03
   9.5250000e+00  -1.0914182e-03
   9.5500000e+00  -1.0903786e-03
   9.5750000e+00  -1.0893384e-03
   9.6000000e+00  -1.0882974e-03
   9.6250000e+00  -1.0872558e-03
   9.6500000e+00  -1.0862135e-03
   9.6750000e+00  -1.0851708e-03
   9.7000000e+00  -1.0841277e-03
   9.7250000e+00  -1.0830842e-03
   9.7500000e+00  -1.0820404e-03
   9.7750000e+00  -1.0809960e-03
   9.8000000e+00  -1.0799511e-03
   9.8250000e+00  -1.0789056e-03
   9.8500000e+00  -1.0778593e-03
   9.8750000e+00  -1.0768122e-03
   9.9000000e+00  -1.0757644e-03
   9.9250000e+00  -1.0747160e-03
   9.9500000e+00  -1.0736670e-03
   9.9750000e+00  -1.0726176e-03
   1.0000000e+01  -1.0715677e-03
   1.0025000e+01  -1.0705174e-03
   1.0050000e+01  -1.0694666e-03
   1.0075000e+01  -1.0684151e-03
   1.0100000e+01  -1.0673628e-03
   1.0125000e+01  -1.0663100e-03
   1.0150000e+01  -1.0652564e-03
   1.0175000e+01  -1.0642022e-03
   1.0200000e+01  -1.0631474e-03
   1.0225000e+01  -1.0620919e-03
   1.0250000e+01  -1.0610359e-03
   1.0275000e+01  -1.0599792e-03
   1.0300000e+01  -1.0589219e-03
   1.0325000e+01  -1.0578639e-03
   1.0350000e+01  -1.0568052e-03
   1.0375000e+01  -1.0557459e-03
   1.0400000e+01  -1.0546862e-03
   1.0425000e+01  -1.0536260e-03
   1.0450000e+01  -1.0525656e-03
   1.0475000e+01  -1.0515047e-03
   1.0500000e+01  -1.0504436e-03
   1.0525000e+01  -1.0493820e-03
   1.0550000e+01  -1.0483199e-03
   1.0575000e+01  -1.0472572e-03
   1.0600000e+01  -1.0461938e-03
   1.0625000e+01  -1.0451299e-03
   1.0650000e+01  -1.0440655e-03
   1.0675000e+01  -1.0430007e-03
   1.0700000e+01  -1.0419357e-03
   1.0725000e+01  -1.0408706e-03
   1.0750000e+01  -1.0398055e-03
   1.0775000e+01  -1.0387404e-03
   1.0800000e+01  -1.0376753e-03
   1.0825000e+01  -1.0366101e-03
   1.0850000e+01  -1.0355446e-03
   1.0875000e+01  -1.0344791e-03
   1.0900000e+01  -1.0334133e-03
   1.0925000e+01  -1.0323472e-03
   1.0950000e+01  -1.0312809e-03
   1.0975000e+01  -1.0302145e-03
   1.1000000e+01  -1.0291479e-03
   1.1025000e+01  -1.0280812e-03
   1.1050000e+01  -1.0270146e-03
   1.1075000e+01  -1.0259479e-03
   1.1100000e+01  -1.0248812e-03
   1.1125000e+01  -1.0238143e-03
   1.1150000e+01  -1.0227474e-03
   1.1175000e+01  -1.0216804e-03
   1.1200000e+01  -1.0206136e-03
   1.1225000e+01  -1.0195469e-03
   1.1250000e+01  -1.0184804e-03
   1.1275000e+01  -1.0174142e-03
   1.1300000e+01  -1.0163484e-03
   1.1325000e+01  -1.0152829e-03
   1.1350000e+01  -1.0142180e-03
   1.1375000e+01  -1.0131533e-03
   1.1400000e+01  -1.0120890e-03
   1.1425000e+01  -1.0110249e-03
   1.1450000e+01  -1.0099613e-03
   1.1475000e+01  -1.0088981e-03
   1.1500000e+01  -1.0078355e-03
   1.1525000e+01  -1.0067733e-03
   1.1550000e+01  -1.0057115e-03
   1.1575000e+01  -1.0046501e-03
   1.1600000e+01  -1.0035893e-03
   1.1625000e+01  -1.0025291e-03
   1.1650000e+01  -1.0014694e-03
   1.1675000e+01  -1.0004102e-03
   1.1700000e+01  -9.9935162e-04
   1.1725000e+01  -9.9829370e-04
   1.1750000e+01  -9.9723646e-04
   1.1775000e+01  -9.9617989e-04
   1.1800000e+01  -9.9512393e-04
   1.1825000e+01  -9.9406856e-04
   1.1850000e+01  -9.9301384e-04
   1.1875000e+01  -9.9195988e-04
   1.1900000e+01  -9.9090679e-04
   1.1925000e+01  -9.8985457e-04
   1.1950000e+01  -9.8880319e-04
   1.1975000e+01  -9.8775262e-04
   1.2000000e+01  -9.8670289e-04
   1.2025000e+01  -9.8565409e-04
   1.2050000e+01  -9.8460637e-04
   1.2075000e+01  -9.8355985e-04
   1.2100000e+01  -9.8251465e-04
   1.2125000e+01  -9.8147076e-04
   1.2150000e+01  -9.8042814e-04
   1.2175000e+01  -9.7938676e-04
   1.2200000e+01  -9.7834659e-04
   1.2225000e+01  -9.7730764e-04
   1.2250000e+01  -9.7626987e-04
   1.2275000e+01  -9.7523323e-04
   1.2300000e+01  -9.7419764e-04
   1.2325000e+01  -9.7316308e-04
   1.2350000e+01  -9.7212956e-04
   1.2375000e+01  -9.7109706e-04
   1.2400000e+01  -9.7006560e-04
   1.2425000e+01  -9.6903525e-04
   1.2450000e+01  -9.6800611e-04
   1.2475000e+01  -9.6697834e-04
   1.2500000e+01  -9.6595213e-04
   1.2525000e+01  -9.6492769e-04
   1.2550000e+01  -9.6390522e-04
   1.2575000e+01  -9.6288476e-04
   1.2600000e+01  -9.6186622e-04
   1.2625000e+01  -9.6084939e-04
   1.2650000e+01  -9.5983412e-04
   1.2675000e+01  -9.5882032e-04
   1.2700000e+01  -9.5780797e-04
   1.2725000e+01  -9.5679704e-04
   1.2750000e+01  -9.5578757e-04
   1.2775000e+01  -9.5477959e-04
   1.2800000e+01  -9.5377314e-04
   1.2825000e+01  -9.5276833e-04
   1.2850000e+01  -9.5176529e-04
   1.2875000e+01  -9.5076419e-04
   1.2900000e+01  -9.4976516e-04
   1.2925000e+01  -9.4876828e-04
   1.2950000e+01  -9.4777352e-04
   1.2975000e+01  -9.4678082e-04
   1.3000000e+01  -9.4579010e-04
   1.3025000e+01  -9.4480132e-04
   1.3050000e+01  -9.4381446e-04
   1.3075000e+01  -9.4282948e-04
   1.3100000e+01  -9.4184637e-04
   1.3125000e+01  -9.4086509e-04
   1.3150000e+01  -9.3988568e-04
   1.3175000e+01  -9.3890823e-04
   1.3200000e+01  -9.3793287e-04
   1.3225000e+01  -9.3695972e-04
   1.3250000e+01  -9.3598884e-04
   1.3275000e+01  -9.3502030e-04
   1.3300000e+01  -9.3405418e-04
   1.3325000e+01  -9.3309052e-04
   1.3350000e+01  -9.3212939e-04
   1.3375000e+01  -9.3117083e-04
   1.3400000e+01  -9.3021484e-04
   1.3425000e+01  -9.2926131e-04
   1.3450000e+01  -9.2831010e-04
   1.3475000e+01  -9.2736109e-04
   1.3500000e+01  -9.2641419e-04
   1.3525000e+01  -9.2546940e-04
   1.3550000e+01  -9.2452675e-04
   1.3575000e+01  -9.2358630e-04
   1.3600000e+01  -9.2264811e-04
   1.3625000e+01  -9.2171231e-04
   1.3650000e+01  -9.2077908e-04
   1.3675000e+01  -9.1984859e-04
   1.3700000e+01  -9.1892098e-04
   1.3725000e+01  -9.1799632e-04
   1.3750000e+01  -9.1707460e-04
   1.3775000e+01  -9.1615582e-04
   1.3800000e+01  -9.1523996e-04
   1.3825000e+01  -9.1432700e-04
   1.3850000e+01  -9.1341691e-04
   1.3875000e+01  -9.1250963e-04
   1.3900000e+01  -9.1160506e-04
   1.3925000e+01  -9.1070310e-04
   1.3950000e+01  -9.0980370e-04
   1.3975000e+01  -9.0890684e-04
   1.4000000e+01  -9.0801260e-04
   1.4025000e+01  -9.0712110e-04
   1.4050000e+01  -9.0623251e-04
   1.4075000e+01  -9.0534698e-04
   1.4100000e+01  -9.0446457e-04
   1.4125000e+01  -9.0358526e-04
   1.4150000e+01  -9.0270896e-04
   1.4175000e+01  -9.0183565e-04
   1.4200000e+01  -9.0096539e-04
   1.4225000e+01  -9.0009826e-04
   1.4250000e+01  -8.9923430e-04
   1.4275000e+01  -8.9837353e-04
   1.4300000e+01  -8.9751590e-04
   1.4325000e+01  -8.9666135e-04
   1.4350000e+01  -8.9580990e-04
   1.4375000e+01  -8.9496161e-04
   1.4400000e+01  -8.9411662e-04
   1.4425000e+01  -8.9327499e-04
   1.4450000e+01  -8.9243675e-04
   1.4475000e+01  -8.9160189e-04
   1.4500000e+01  -8.9077040e-04
   1.4525000e+01  -8.8994224e-04
   1.4550000e+01  -8.8911741e-04
   1.4575000e+01  -8.8829588e-04
   1.4600000e+01  -8.8747768e-04
   1.4625000e+01  -8.8666284e-04
   1.4650000e+01  -8.8585142e-04
   1.4675000e+01  -8.8504342e-04
   1.4700000e+01  -8.8423889e-04
   1.4725000e+01  -8.8343784e-04
   1.4750000e+01  -8.8264028e-04
   1.4775000e+01  -8.8184624e-04
   1.4800000e+01  -8.8105571e-04
   1.4825000e+01  -8.8026872e-04
   1.4850000e+01  -8.7948528e-04
   1.4875000e+01  -8.7870537e-04
   1.4900000e+01  -8.7792895e-04
   1.4925000e+01  -8.7715604e-04
   1.4950000e+01  -8.7638672e-04
   1.4975000e+01  -8.7562110e-04
   1.5000000e+01  -8.7485929e-04
   1.5025000e+01  -8.7410140e-04
   1.5050000e+01  -8.7334751e-04
   1.5075000e+01  -8.7259768e-04
   1.5100000e+01  -8.7185194e-04
   1.5125000e+01  -8.7111026e-04
   1.5150000e+01  -8.7037255e-04
   1.5175000e+01  -8.6963867e-04
   1.5200000e+01  -8.6890847e-04
   1.5225000e+01  -8.6818180e-04
   1.5250000e+01  -8.6745858e-04
   1.5275000e+01  -8.6673885e-04
   1.5300000e+01  -8.6602273e-04
   1.5325000e+01  -8.6531032e-04
   1.5350000e+01  -8.6460174e-04
   1.5375000e+01  -8.6389708e-04
   1.5400000e+01  -8.6319651e-04
   1.5425000e+01  -8.6250025e-04
   1.5450000e+01  -8.6180843e-04
   1.5475000e+01  -8.6112108e-04
   1.5500000e+01  -8.6043818e-04
   1.5525000e+01  -8.5975965e-04
   1.5550000e+01  -8.5908534e-04
   1.5575000e+01  -8.5841501e-04
   1.5600000e+01  -8.5774852e-04
   1.5625000e+01  -8.5708587e-04
   1.5650000e+01  -8.5642714e-04
   1.5675000e+01  -8.5577240e-04
   1.5700000e+01  -8.5512167e-04
   1.5725000e+01  -8.5447500e-04
   1.5750000e+01  -8.5383251e-04
   1.5775000e+01  -8.5319429e-04
   1.5800000e+01  -8.5256047e-04
   1.5825000e+01  -8.5193117e-04
   1.5850000e+01  -8.5130643e-04
   1.5875000e+01  -8.5068629e-04
   1.5900000e+01  -8.5007066e-04
   1.5925000e+01  -8.4945943e-04
   1.5950000e+01  -8.4885246e-04
   1.5975000e+01  -8.4824964e-04
   1.6000000e+01  -8.4765089e-04
   1.6025000e+01  -8.4705626e-04
   1.6050000e+01  -8.4646588e-04
   1.6075000e+01  -8.4587984e-04
   1.6100000e+01  -8.4529818e-04
   1.6125000e+01  -8.4472097e-04
   1.6150000e+01  -8.4414825e-04
   1.6175000e+01  -8.4358015e-04
   1.6200000e+01  -8.4301675e-04
   1.6225000e+01  -8.4245814e-04
   1.6250000e+01  -8.4190432e-04
   1.6275000e+01  -8.4135523e-04
   1.6300000e+01  -8.4081070e-04
   1.6325000e+01  -8.4027061e-04
   1.6350000e+01  -8.3973484e-04
   1.6375000e+01  -8.3920341e-04
   1.6400000e+01  -8.3867640e-04
   1.6425000e+01  -8.3815393e-04
   1.6450000e+01  -8.3763613e-04
   1.6475000e+01  -8.3712310e-04
   1.6500000e+01  -8.3661488e-04
   1.6525000e+01  -8.3611141e-04
   1.6550000e+01  -8.3561259e-04
   1.6575000e+01  -8.3511837e-04
   1.6600000e+01  -8.3462868e-04
   1.6625000e+01  -8.3414356e-04
   1.6650000e+01  -8.3366312e-04
   1.6675000e+01  -8.3318746e-04
   1.6700000e+01  -8.3271668e-04
   1.6725000e+01  -8.3225083e-04
   1.6750000e+01  -8.3178997e-04
   1.6775000e+01  -8.3133410e-04
   1.6800000e+01  -8.3088316e-04
   1.6825000e+01  -8.3043706e-04
   1.6850000e+01  -8.2999569e-04
   1.6875000e+01  -8.2955897e-04
   1.6900000e+01  -8.2912685e-04
   1.6925000e+01  -8.2869935e-04
   1.6950000e+01  -8.2827659e-04
   1.6975000e+01  -8.2785868e-04
   1.7000000e+01  -8.2744566e-04
   1.7025000e+01  -8.2703751e-04
   1.7050000e+01  -8.2663412e-04
   1.7075000e+01  -8.2623547e-04
   1.7100000e+01  -8.2584166e-04
   1.7125000e+01  -8.2545288e-04
   1.7150000e+01  -8.2506934e-04
   1.7175000e+01  -8.2469118e-04
   1.7200000e+01  -8.2431838e-04
   1.7225000e+01  -8.2395083e-04
   1.7250000e+01  -8.2358837e-04
   1.7275000e+01  -8.2323083e-04
   1.7300000e+01  -8.2287807e-04
   1.7325000e+01  -8.2253004e-04
   1.7350000e+01  -8.2218678e-04
   1.7375000e+01  -8.2184831e-04
   1.7400000e+01  -8.2151470e-04
   1.7425000e+01  -8.2118602e-04
   1.7450000e+01  -8.2086233e-04
   1.7475000e+01  -8.2054369e-04
   1.7500000e+01  -8.2023015e-04
   1.7525000e+01  -8.1992176e-04
   1.7550000e+01  -8.1961856e-04
   1.7575000e+01  -8.1932058e-04
   1.7600000e+01  -8.1902780e-04
   1.7625000e+01  -8.1874022e-04
   1.7650000e+01  -8.1845783e-04
   1.7675000e+01  -8.1818062e-04
   1.7700000e+01  -8.1790852e-04
   1.7725000e+01  -8.1764143e-04
   1.7750000e+01  -8.1737929e-04
   1.7775000e+01  -8.1712210e-04
   1.7800000e+01  -8.1686988e-04
   1.7825000e+01  -8.1662268e-04
   1.7850000e+01  -8.1638061e-04
   1.7875000e+01  -8.1614376e-04
   1.7900000e+01  -8.1591226e-04
   1.7925000e+01  -8.1568627e-04
   1.7950000e+01  -8.1546588e-04
   1.7975000e+01  -8.1525105e-04
   1.8000000e+01  -8.1504162e-04
   1.8025000e+01  -8.1483741e-04
   1.8050000e+01  -8.1463823e-04
   1.8075000e+01  -8.1444393e-04
   1.8100000e+01  -8.1425444e-04
   1.8125000e+01  -8.1406980e-04
   1.8150000e+01  -8.1389011e-04
   1.8175000e+01  -8.1371539e-04
   1.8200000e+01  -8.1354567e-04
   1.8225000e+01  -8.1338104e-04
   1.8250000e+01  -8.1322164e-04
   1.8275000e+01  -8.1306765e-04
   1.8300000e+01  -8.1291916e-04
   1.8325000e+01  -8.1277625e-04
   1.8350000e+01  -8.1263891e-04
   1.8375000e+01  -8.1250710e-04
   1.8400000e+01  -8.1238078e-04
   1.8425000e+01  -8.1225987e-04
   1.8450000e+01  -8.1214426e-04
   1.8475000e+01  -8.1203385e-04
   1.8500000e+01  -8.1192865e-04
   1.8525000e+01  -8.1182875e-04
   1.8550000e+01  -8.1173421e-04
   1.8575000e+01  -8.1164495e-04
   1.8600000e+01  -8.1156084e-04
   1.8625000e+01  -8.1148172e-04
   1.8650000e+01  -8.1140752e-04
   1.8675000e+01  -8.1133828e-04
   1.8700000e+01  -8.1127413e-04
   1.8725000e+01  -8.1121524e-04
   1.8750000e+01  -8.1116172e-04
   1.8775000e+01  -8.1111367e-04
   1.8800000e+01  -8.1107105e-04
   1.8825000e+01  -8.1103380e-04
   1.8850000e+01  -8.1100184e-04
   1.8875000e+01  -8.1097512e-04
   1.8900000e+01  -8.1095365e-04
   1.8925000e+01  -8.1093749e-04
   1.8950000e+01  -8.1092668e-04
   1.8975000e+01  -8.1092126e-04
   1.9000000e+01   0.0000000e+00
