  -5.0000000e+00  -1.3523140e-02
  -4.9750000e+00  -1.3497973e-02
  -4.9500000e+00  -1.3472172e-02
  -4.9250000e+00  -1.3445746e-02
  -4.9000000e+00  -1.3418704e-02
  -4.8750000e+00  -1.3391055e-02
  -4.8500000e+00  -1.3362808e-02
  -4.8250000e+00  -1.3333973e-02
  -4.8000000e+00  -1.3304557e-02
  -4.7750000e+00  -1.3274571e-02
  -4.7500000e+00  -1.3244023e-02
  -4.7250000e+00  -1.3212923e-02
  -4.7000000e+00  -1.3181280e-02
  -4.6750000e+00  -1.3149102e-02
  -4.6500000e+00  -1.3116399e-02
  -4.6250000e+00  -1.3083181e-02
  -4.6000000e+00  -1.3049456e-02
  -4.5750000e+00  -1.3015233e-02
  -4.5500000e+00  -1.2980523e-02
  -4.5250000e+00  -1.2945335e-02
  -4.5000000e+00  -1.2909677e-02
  -4.4750000e+00  -1.2873559e-02
  -4.4500000e+00  -1.2836991e-02
  -4.4250000e+00  -1.2799981e-02
  -4.4000000e+00  -1.2762539e-02
  -4.3750000e+00  -1.2724675e-02
  -4.3500000e+00  -1.2686397e-02
  -4.3250000e+00  -1.2647716e-02
  -4.3000000e+00  -1.2608639e-02
  -4.2750000e+00  -1.2569178e-02
  -4.2500000e+00  -1.2529341e-02
  -4.2250000e+00  -1.2489138e-02
  -4.2000000e+00  -1.2448577e-02
  -4.1750000e+00  -1.2407669e-02
  -4.1500000e+00  -1.2366422e-02
  -4.1250000e+00  -1.2324846e-02
  -4.1000000e+00  -1.2282951e-02
  -4.0750000e+00  -1.2240744e-02
  -4.0500000e+00  -1.2198236e-02
  -4.0250000e+00  -1.2155434e-02
  -4.0000000e+00  -1.2112350e-02
  -3.9750000e+00  -1.2068990e-02
  -3.9500000e+00  -1.2025364e-02
  -3.9250000e+00  -1.1981481e-02
  -3.9000000e+00  -1.1937350e-02
  -3.8750000e+00  -1.1892978e-02
  -3.8500000e+00  -1.1848376e-02
  -3.8250000e+00  -1.1803551e-02
  -3.8000000e+00  -1.1758512e-02
  -3.7750000e+00  -1.1713267e-02
  -3.7500000e+00  -1.1667826e-02
  -3.7250000e+00  -1.1622195e-02
  -3.7000000e+00  -1.1576385e-02
  -3.6750000e+00  -1.1530402e-02
  -3.6500000e+00  -1.1484255e-02
  -3.6250000e+00  -1.1437953e-02
  -3.6000000e+00  -1.1391502e-02
  -3.5750000e+00  -1.1344911e-02
  -3.5500000e+00  -1.1298188e-02
  -3.5250000e+00  -1.1251341e-02
  -3.5000000e+00  -1.1204376e-02
  -3.4750000e+00  -1.1157302e-02
  -3.4500000e+00  -1.1110127e-02
  -3.4250000e+00  -1.1062856e-02
  -3.4000000e+00  -1.1015499e-02
  -3.3750000e+00  -1.0968062e-02
  -3.3500000e+00  -1.0920552e-02
  -3.3250000e+00  -1.0872977e-02
  -3.3000000e+00  -1.0825344e-02
  -3.2750000e+00  -1.0777660e-02
  -3.2500000e+00  -1.0729931e-02
  -3.2250000e+00  -1.0682166e-02
  -3.2000000e+00  -1.0634370e-02
  -3.1750000e+00  -1.0586551e-02
  -3.1500000e+00  -1.0538716e-02
  -3.1250000e+00  -1.0490870e-02
  -3.1000000e+00  -1.0443020e-02
  -3.0750000e+00  -1.0395173e-02
  -3.0500000e+00  -1.0347336e-02
  -3.0250000e+00  -1.0299513e-02
  -3.0000000e+00  -1.0251713e-02
  -2.9750000e+00  -1.0203940e-02
  -2.9500000e+00  -1.0156201e-02
  -2.9250000e+00  -1.0108502e-02
  -2.9000000e+00  -1.0060849e-02
  -2.8750000e+00  -1.0013246e-02
  -2.8500000e+00  -9.9657011e-03
  -2.8250000e+00  -9.9182183e-03
  -2.8000000e+00  -9.8708035e-03
  -2.7750000e+00  -9.8234619e-03
  -2.7500000e+00  -9.7761987e-03
  -2.7250000e+00  -9.7290191e-03
  -2.7000000e+00  -9.6819279e-03
  -2.6750000e+00  -9.6349301e-03
  -2.6500000e+00  -9.5880303e-03
  -2.6250000e+00  -9.5412332e-03
  -2.6000000e+00  -9.4945433e-03
  -2.5750000e+00  -9.4479650e-03
  -2.5500000e+00  -9.4015027e-03
  -2.5250000e+00  -9.3551604e-03
  -2.5000000e+00  -9.3089424e-03
  -2.4750000e+00  -9.2628526e-03
  -2.4500000e+00  -9.2168949e-03
  -2.4250000e+00  -9.1710731e-03
  -2.4000000e+00  -9.1253909e-03
  -2.3750000e+00  -9.0798517e-03
  -2.3500000e+00  -9.0344590e-03
  -2.3250000e+00  -8.9892159e-03
  -2.3000000e+00  -8.9441256e-03
  -2.2750000e+00  -8.8991911e-03
  -2.2500000e+00  -8.8544152e-03
  -2.2250000e+00  -8.8098007e-03
  -2.2000000e+00  -8.7653502e-03
  -2.1750000e+00  -8.7210663e-03
  -2.1500000e+00  -8.6769515e-03
  -2.1250000e+00  -8.6330081e-03
  -2.1000000e+00  -8.5892384e-03
  -2.0750000e+00  -8.5456446e-03
  -2.0500000e+00  -8.5022290e-03
  -2.0250000e+00  -8.4589935e-03
  -2.0000000e+00  -8.4159403e-03
  -1.9750000e+00  -8.3730712e-03
  -1.9500000e+00  -8.3303882e-03
  -1.9250000e+00  -8.2878931e-03
  -1.9000000e+00  -8.2455876e-03
  -1.8750000e+00  -8.2034733e-03
  -1.8500000e+00  -8.1615517e-03
  -1.8250000e+00  -8.1198242e-03
  -1.8000000e+00  -8.0782921e-03
  -1.7750000e+00  -8.0369566e-03
  -1.7500000e+00  -7.9958189e-03
  -1.7250000e+00  -7.9548799e-03
  -1.7000000e+00  -7.9141403e-03
  -1.6750000e+00  -7.8736011e-03
  -1.6500000e+00  -7.8332627e-03
  -1.6250000e+00  -7.7931258e-03
  -1.6000000e+00  -7.7531908e-03
  -1.5750000e+00  -7.7134579e-03
  -1.5500000e+00  -7.6739276e-03
  -1.5250000e+00  -7.6345998e-03
  -1.5000000e+00  -7.5954748e-03
  -1.4750000e+00  -7.5565525e-03
  -1.4500000e+00  -7.5178329e-03
  -1.4250000e+00  -7.4793157e-03
  -1.4000000e+00  -7.4410008e-03
  -1.3750000e+00  -7.4028877e-03
  -1.3500000e+00  -7.3649760e-03
  -1.3250000e+00  -7.3272652e-03
  -1.3000000e+00  -7.2897546e-03
  -1.2750000e+00  -7.2524434e-03
  -1.2500000e+00  -7.2153310e-03
  -1.2250000e+00  -7.1784163e-03
  -1.2000000e+00  -7.1416985e-03
  -1.1750000e+00  -7.1051765e-03
  -1.1500000e+00  -7.0688490e-03
  -1.1250000e+00  -7.0327148e-03
  -1.1000000e+00  -6.9967726e-03
  -1.0750000e+00  -6.9610207e-03
  -1.0500000e+00  -6.9254578e-03
  -1.0250000e+00  -6.8900820e-03
  -1.0000000e+00  -6.8548917e-03
  -9.7500000e-01  -6.8198848e-03
  -9.5000000e-01  -6.7850596e-03
  -9.2500000e-01  -6.7504138e-03
  -9.0000000e-01  -6.7159454e-03
  -8.7500000e-01  -6.6816521e-03
  -8.5000000e-01  -6.6475316e-03
  -8.2500000e-01  -6.6135815e-03
  -8.0000000e-01  -6.5797994e-03
  -7.7500000e-01  -6.5461830e-03
  -7.5000000e-01  -6.5127297e-03
  -7.2500000e-01  -6.4794372e-03
  -7.0000000e-01  -6.4463030e-03
  -6.7500000e-01  -6.4133246e-03
  -6.5000000e-01  -6.3804997e-03
  -6.2500000e-01  -6.3478257e-03
  -6.0000000e-01  -6.3153003e-03
  -5.7500000e-01  -6.2829210e-03
  -5.5000000e-01  -6.2506852e-03
  -5.2500000e-01  -6.2185903e-03
  -5.0000000e-01  -6.1594771e-03
  -4.7500000e-01  -6.0689955e-03
  -4.5000000e-01  -5.9713493e-03
  -4.2500000e-01  -5.8644457e-03
  -4.0000000e-01  -5.7457233e-03
  -3.7500000e-01  -5.6119416e-03
  -3.5000000e-01  -5.4588778e-03
  -3.2500000e-01  -5.2808686e-03
  -3.0000000e-01  -5.0700926e-03
  -2.7500000e-01  -4.8154024e-03
  -2.5000000e-01  -4.5003356e-03
  -2.2500000e-01  -4.0995497e-03
  -2.0000000e-01  -3.5720281e-03
  -1.7500000e-01  -2.8471113e-03
  -1.5000000e-01  -1.7928761e-03
  -1.2500000e-01  -1.3486431e-04
  -1.0000000e-01   2.7931477e-03
  -7.5000000e-02   9.0469855e-03
  -5.0000000e-02   2.8446567e-02
  -2.5000000e-02   2.1611044e-01
   0.0000000e+00   1.2742980e-01
   2.5000000e-02  -7.2344389e-03
   5.0000000e-02  -1.4880221e-02
   7.5000000e-02  -1.6067678e-02
   1.0000000e-01  -1.6191455e-02
   1.2500000e-01  -1.6076565e-02
   1.5000000e-01  -1.5912564e-02
   1.7500000e-01  -1.5750754e-02
   2.0000000e-01  -1.5604721e-02
   2.2500000e-01  -1.5476543e-02
   2.5000000e-01  -1.5364755e-02
   2.7500000e-01  -1.5266971e-02
   3.0000000e-01  -1.5180781e-02
   3.2500000e-01  -1.5104028e-02
   3.5000000e-01  -1.5034869e-02
   3.7500000e-01  -1.4971762e-02
   4.0000000e-01  -1.4913428e-02
   4.2500000e-01  -1.4858804e-02
   4.5000000e-01  -1.4807010e-02
   4.7500000e-01  -1.4757316e-02
   5.0000000e-01  -1.4709080e-02
   5.2500000e-01  -1.4661870e-02
   5.5000000e-01  -1.4615194e-02
   5.7500000e-01  -1.4568713e-02
   6.0000000e-01  -1.4522126e-02
   6.2500000e-01  -1.4475184e-02
   6.5000000e-01  -1.4427674e-02
   6.7500000e-01  -1.4379421e-02
   7.0000000e-01  -1.4330277e-02
   7.2500000e-01  -1.4280121e-02
   7.5000000e-01  -1.4228851e-02
   7.7500000e-01  -1.4176387e-02
   8.0000000e-01  -1.4122662e-02
   8.2500000e-01  -1.4067626e-02
   8.5000000e-01  -1.4011239e-02
   8.7500000e-01  -1.3953472e-02
   9.0000000e-01  -1.3894307e-02
   9.2500000e-01  -1.3833731e-02
   9.5000000e-01  -1.3771742e-02
   9.7500000e-01  -1.3708343e-02
   1.0000000e+00  -1.3643540e-02
   1.0250000e+00  -1.3577349e-02
   1.0500000e+00  -1.3509786e-02
   1.0750000e+00  -1.3440873e-02
   1.1000000e+00  -1.3370635e-02
   1.1250000e+00  -1.3299099e-02
   1.1500000e+00  -1.3226297e-02
   1.1750000e+00  -1.3152261e-02
   1.2000000e+00  -1.3077025e-02
   1.2250000e+00  -1.3000628e-02
   1.2500000e+00  -1.2923108e-02
   1.2750000e+00  -1.2844503e-02
   1.3000000e+00  -1.2764856e-02
   1.3250000e+00  -1.2684209e-02
   1.3500000e+00  -1.2602603e-02
   1.3750000e+00  -1.2520082e-02
   1.4000000e+00  -1.2436690e-02
   1.4250000e+00  -1.2352472e-02
   1.4500000e+00  -1.2267471e-02
   1.4750000e+00  -1.2181731e-02
   1.5000000e+00  -1.2095297e-02
   1.5250000e+00  -1.2008213e-02
   1.5500000e+00  -1.1920523e-02
   1.5750000e+00  -1.1832269e-02
   1.6000000e+00  -1.1743496e-02
   1.6250000e+00  -1.1654246e-02
   1.6500000e+00  -1.1564561e-02
   1.6750000e+00  -1.1474484e-02
   1.7000000e+00  -1.1384055e-02
   1.7250000e+00  -1.1293318e-02
   1.7500000e+00  -1.1202311e-02
   1.7750000e+00  -1.1111076e-02
   1.8000000e+00  -1.1019653e-02
   1.8250000e+00  -1.0928079e-02
   1.8500000e+00  -1.0836395e-02
   1.8750000e+00  -1.0744638e-02
   1.9000000e+00  -1.0652846e-02
   1.9250000e+00  -1.0561053e-02
   1.9500000e+00  -1.0469287e-02
   1.9750000e+00  -1.0377614e-02
   2.0000000e+00  -1.0286044e-02
   2.0250000e+00  -1.0194604e-02
   2.0500000e+00  -1.0103336e-02
   2.0750000e+00  -1.0012268e-02
   2.1000000e+00  -9.9214304e-03
   2.1250000e+00  -9.8308507e-03
   2.1500000e+00  -9.7405562e-03
   2.1750000e+00  -9.6505724e-03
   2.2000000e+00  -9.5609237e-03
   2.2250000e+00  -9.4716341e-03
   2.2500000e+00  -9.3827265e-03
   2.2750000e+00  -9.2942226e-03
   2.3000000e+00  -9.2061437e-03
   2.3250000e+00  -9.1185102e-03
   2.3500000e+00  -9.0313419e-03
   2.3750000e+00  -8.9446579e-03
   2.4000000e+00  -8.8584764e-03
   2.4250000e+00  -8.7728149e-03
   2.4500000e+00  -8.6876900e-03
   2.4750000e+00  -8.6031180e-03
   2.5000000e+00  -8.5191142e-03
   2.5250000e+00  -8.4356930e-03
   2.5500000e+00  -8.3528685e-03
   2.5750000e+00  -8.2706538e-03
   2.6000000e+00  -8.1890614e-03
   2.6250000e+00  -8.1081030e-03
   2.6500000e+00  -8.0277896e-03
   2.6750000e+00  -7.9481318e-03
   2.7000000e+00  -7.8691393e-03
   2.7250000e+00  -7.7908213e-03
   2.7500000e+00  -7.7131866e-03
   2.7750000e+00  -7.6362431e-03
   2.8000000e+00  -7.5599984e-03
   2.8250000e+00  -7.4844590e-03
   2.8500000e+00  -7.4096311e-03
   2.8750000e+00  -7.3355199e-03
   2.9000000e+00  -7.2621301e-03
   2.9250000e+00  -7.1894655e-03
   2.9500000e+00  -7.1175292e-03
   2.9750000e+00  -7.0463236e-03
   3.0000000e+00  -6.9758507e-03
   3.0250000e+00  -6.9061110e-03
   3.0500000e+00  -6.8371049e-03
   3.0750000e+00  -6.7688317e-03
   3.1000000e+00  -6.7012903e-03
   3.1250000e+00  -6.6344791e-03
   3.1500000e+00  -6.5683962e-03
   3.1750000e+00  -6.5030392e-03
   3.2000000e+00  -6.4384056e-03
   3.2250000e+00  -6.3744924e-03
   3.2500000e+00  -6.3112965e-03
   3.2750000e+00  -6.2488143e-03
   3.3000000e+00  -6.1870420e-03
   3.3250000e+00  -6.1259754e-03
   3.3500000e+00  -6.0656101e-03
   3.3750000e+00  -6.0059414e-03
   3.4000000e+00  -5.9469646e-03
   3.4250000e+00  -5.8886748e-03
   3.4500000e+00  -5.8310670e-03
   3.4750000e+00  -5.7741360e-03
   3.5000000e+00  -5.7178765e-03
   3.5250000e+00  -5.6622829e-03
   3.5500000e+00  -5.6073496e-03
   3.5750000e+00  -5.5530706e-03
   3.6000000e+00  -5.4994596e-03
   3.6250000e+00  -5.4464556e-03
   3.6500000e+00  -5.3940976e-03
   3.6750000e+00  -5.3423690e-03
   3.7000000e+00  -5.2912605e-03
   3.7250000e+00  -5.2407643e-03
   3.7500000e+00  -5.1908733e-03
   3.7750000e+00  -5.1415799e-03
   3.8000000e+00  -5.0928770e-03
   3.8250000e+00  -5.0447572e-03
   3.8500000e+00  -4.9972132e-03
   3.8750000e+00  -4.9502374e-03
   3.9000000e+00  -4.9038222e-03
   3.9250000e+00  -4.8579599e-03
   3.9500000e+00  -4.8126424e-03
   3.9750000e+00  -4.7678620e-03
   4.0000000e+00  -4.7236107e-03
   4.0250000e+00  -4.6798807e-03
   4.0500000e+00  -4.6366644e-03
   4.0750000e+00  -4.5939541e-03
   4.1000000e+00  -4.5517425e-03
   4.1250000e+00  -4.5100221e-03
   4.1500000e+00  -4.4687858e-03
   4.1750000e+00  -4.4280264e-03
   4.2000000e+00  -4.3877367e-03
   4.2250000e+00  -4.3479096e-03
   4.2500000e+00  -4.3085379e-03
   4.2750000e+00  -4.2696143e-03
   4.3000000e+00  -4.2311314e-03
   4.3250000e+00  -4.1930819e-03
   4.3500000e+00  -4.1554582e-03
   4.3750000e+00  -4.1182529e-03
   4.4000000e+00  -4.0814587e-03
   4.4250000e+00  -4.0450681e-03
   4.4500000e+00  -4.0090741e-03
   4.4750000e+00  -3.9734697e-03
   4.5000000e+00  -3.9382481e-03
   4.5250000e+00  -3.9034025e-03
   4.5500000e+00  -3.8689263e-03
   4.5750000e+00  -3.8348133e-03
   4.6000000e+00  -3.8010572e-03
   4.6250000e+00  -3.7676520e-03
   4.6500000e+00  -3.7345919e-03
   4.6750000e+00  -3.7018711e-03
   4.7000000e+00  -3.6694839e-03
   4.7250000e+00  -3.6374247e-03
   4.7500000e+00  -3.6056876e-03
   4.7750000e+00  -3.5742671e-03
   4.8000000e+00  -3.5431573e-03
   4.8250000e+00  -3.5123520e-03
   4.8500000e+00  -3.4818452e-03
   4.8750000e+00  -3.4516307e-03
   4.9000000e+00  -3.4217021e-03
   4.9250000e+00  -3.3920532e-03
   4.9500000e+00  -3.3626779e-03
   4.9750000e+00  -3.3335703e-03
   5.0000000e+00  -3.3047245e-03
   5.0250000e+00  -3.2761354e-03
   5.0500000e+00  -3.2477977e-03
   5.0750000e+00  -3.2197070e-03
   5.1000000e+00  -3.1918587e-03
   5.1250000e+00  -3.1642486e-03
   5.1500000e+00  -3.1367338e-03
   5.1750000e+00  -3.1097096e-03
   5.2000000e+00  -3.0827937e-03
   5.2250000e+00  -3.0560949e-03
   5.2500000e+00  -3.0296133e-03
   5.2750000e+00  -3.0033462e-03
   5.3000000e+00  -2.9772906e-03
   5.3250000e+00  -2.9514432e-03
   5.3500000e+00  -2.9258008e-03
   5.3750000e+00  -2.9003598e-03
   5.4000000e+00  -2.8751168e-03
   5.4250000e+00  -2.8500679e-03
   5.4500000e+00  -2.8252097e-03
   5.4750000e+00  -2.8005382e-03
   5.5000000e+00  -2.7760501e-03
   5.5250000e+00  -2.7517418e-03
   5.5500000e+00  -2.7276100e-03
   5.5750000e+00  -2.7036518e-03
   5.6000000e+00  -2.6798645e-03
   5.6250000e+00  -2.6562455e-03
   5.6500000e+00  -2.6327921e-03
   5.6750000e+00  -2.6095019e-03
   5.7000000e+00  -2.5863726e-03
   5.7250000e+00  -2.5634016e-03
   5.7500000e+00  -2.5405870e-03
   5.7750000e+00  -2.5179269e-03
   5.8000000e+00  -2.4954198e-03
   5.8250000e+00  -2.4730643e-03
   5.8500000e+00  -2.4508592e-03
   5.8750000e+00  -2.4288033e-03
   5.9000000e+00  -2.4068956e-03
   5.9250000e+00  -2.3851349e-03
   5.9500000e+00  -2.3635202e-03
   5.9750000e+00  -2.3420502e-03
   6.0000000e+00  -2.3207239e-03
   6.0250000e+00  -2.2995398e-03
   6.0500000e+00  -2.2784964e-03
   6.0750000e+00  -2.2575916e-03
   6.1000000e+00  -2.2368231e-03
   6.1250000e+00  -2.2161886e-03
   6.1500000e+00  -2.1956855e-03
   6.1750000e+00  -2.1753114e-03
   6.2000000e+00  -2.1550644e-03
   6.2250000e+00  -2.1349425e-03
   6.2500000e+00  -2.1149445e-03
   6.2750000e+00  -2.0950695e-03
   6.3000000e+00  -2.0753167e-03
   6.3250000e+00  -2.0556862e-03
   6.3500000e+00  -2.0361782e-03
   6.3750000e+00  -2.0167932e-03
   6.4000000e+00  -1.9975319e-03
   6.4250000e+00  -1.9783949e-03
   6.4500000e+00  -1.9593827e-03
   6.4750000e+00  -1.9404955e-03
   6.5000000e+00  -1.9217333e-03
   6.5250000e+00  -1.9030958e-03
   6.5500000e+00  -1.8845825e-03
   6.5750000e+00  -1.8661917e-03
   6.6000000e+00  -1.8479257e-03
   6.6250000e+00  -1.8297829e-03
   6.6500000e+00  -1.8117623e-03
   6.6750000e+00  -1.7938641e-03
   6.7000000e+00  -1.7760884e-03
   6.7250000e+00  -1.7584353e-03
   6.7500000e+00  -1.7409050e-03
   6.7750000e+00  -1.7234974e-03
   6.8000000e+00  -1.7062118e-03
   6.8250000e+00  -1.6890474e-03
   6.8500000e+00  -1.6720028e-03
   6.8750000e+00  -1.6550766e-03
   6.9000000e+00  -1.6382669e-03
   6.9250000e+00  -1.6215723e-03
   6.9500000e+00  -1.6049908e-03
   6.9750000e+00  -1.5885204e-03
   7.0000000e+00  -1.5721587e-03
   7.0250000e+00  -1.5559034e-03
   7.0500000e+00  -1.5397521e-03
   7.0750000e+00  -1.5237027e-03
   7.1000000e+00  -1.5077532e-03
   7.1250000e+00  -1.4919019e-03
   7.1500000e+00  -1.4761474e-03
   7.1750000e+00  -1.4604883e-03
   7.2000000e+00  -1.4449237e-03
   7.2250000e+00  -1.4294528e-03
   7.2500000e+00  -1.4140748e-03
   7.2750000e+00  -1.3987895e-03
   7.3000000e+00  -1.3835967e-03
   7.3250000e+00  -1.3684965e-03
   7.3500000e+00  -1.3534898e-03
   7.3750000e+00  -1.3385775e-03
   7.4000000e+00  -1.3237613e-03
   7.4250000e+00  -1.3090431e-03
   7.4500000e+00  -1.2944249e-03
   7.4750000e+00  -1.2799089e-03
   7.5000000e+00  -1.2654973e-03
   7.5250000e+00  -1.2511922e-03
   7.5500000e+00  -1.2369962e-03
   7.5750000e+00  -1.2229116e-03
   7.6000000e+00  -1.2089408e-03
   7.6250000e+00  -1.1950863e-03
   7.6500000e+00  -1.1813498e-03
   7.6750000e+00  -1.1677330e-03
   7.7000000e+00  -1.1542367e-03
   7.7250000e+00  -1.1408609e-03
   7.7500000e+00  -1.1276053e-03
   7.7750000e+00  -1.1144689e-03
   7.8000000e+00  -1.1014503e-03
   7.8250000e+00  -1.0885482e-03
   7.8500000e+00  -1.0757612e-03
   7.8750000e+00  -1.0630881e-03
   7.9000000e+00  -1.0505278e-03
   7.9250000e+00  -1.0380796e-03
   7.9500000e+00  -1.0257105e-03
   7.9750000e+00  -1.0135111e-03
   8.0000000e+00  -1.0013905e-03
   8.0250000e+00  -9.8937550e-04
   8.0500000e+00  -9.7746496e-04
   8.0750000e+00  -9.6565744e-04
   8.1000000e+00  -9.5395138e-04
   8.1250000e+00  -9.4234521e-04
   8.1500000e+00  -9.3083733e-04
   8.1750000e+00  -9.1942625e-04
   8.2000000e+00  -9.0811060e-04
   8.2250000e+00  -8.9688925e-04
   8.2500000e+00  -8.8576136e-04
   8.2750000e+00  -8.7472634e-04
   8.3000000e+00  -8.6378381e-04
   8.3250000e+00  -8.5293353e-04
   8.3500000e+00  -8.4217533e-04
   8.3750000e+00  -8.3150906e-04
   8.4000000e+00  -8.2093468e-04
   8.4250000e+00  -8.1045226e-04
   8.4500000e+00  -8.0006201e-04
   8.4750000e+00  -7.8976430e-04
   8.5000000e+00  -7.7955977e-04
   8.5250000e+00  -7.6944929e-04
   8.5500000e+00  -7.5943405e-04
   8.5750000e+00  -7.4951547e-04
   8.6000000e+00  -7.3969516e-04
   8.6250000e+00  -7.2997487e-04
   8.6500000e+00  -7.2035642e-04
   8.6750000e+00  -7.1084162e-04
   8.7000000e+00  -7.0143213e-04
   8.7250000e+00  -6.9212951e-04
   8.7500000e+00  -6.8293499e-04
   8.7750000e+00  -6.7384934e-04
   8.8000000e+00  -6.6487278e-04
   8.8250000e+00  -6.5600494e-04
   8.8500000e+00  -6.4724510e-04
   8.8750000e+00  -6.3859233e-04
   8.9000000e+00  -6.3004565e-04
   8.9250000e+00  -6.2160411e-04
   8.9500000e+00  -6.1326677e-04
   8.9750000e+00  -6.0503264e-04
   9.0000000e+00  -5.9689676e-04
   9.0250000e+00  -5.8885729e-04
   9.0500000e+00  -5.8091607e-04
   9.0750000e+00  -5.7307092e-04
   9.1000000e+00  -5.6531922e-04
   9.1250000e+00  -5.5765792e-04
   9.1500000e+00  -5.5008364e-04
   9.1750000e+00  -5.4259275e-04
   9.2000000e+00  -5.3518151e-04
   9.2250000e+00  -5.2784619e-04
   9.2500000e+00  -5.2058335e-04
   9.2750000e+00  -5.1339002e-04
   9.3000000e+00  -5.0626381e-04
   9.3250000e+00  -4.9920282e-04
   9.3500000e+00  -4.9220557e-04
   9.3750000e+00  -4.8527091e-04
   9.4000000e+00  -4.7839793e-04
   9.4250000e+00  -4.7158597e-04
   9.4500000e+00  -4.6483445e-04
   9.4750000e+00  -4.5814305e-04
   9.5000000e+00  -4.5151173e-04
   9.5250000e+00  -4.4494082e-04
   9.5500000e+00  -4.3843117e-04
   9.5750000e+00  -4.3198422e-04
   9.6000000e+00  -4.2560205e-04
   9.6250000e+00  -4.1928730e-04
   9.6500000e+00  -4.1304313e-04
   9.6750000e+00  -4.0687293e-04
   9.7000000e+00  -4.0078021e-04
   9.7250000e+00  -3.9476837e-04
   9.7500000e+00  -3.8884060e-04
   9.7750000e+00  -3.8299975e-04
   9.8000000e+00  -3.7724824e-04
   9.8250000e+00  -3.7158801e-04
   9.8500000e+00  -3.6602046e-04
   9.8750000e+00  -3.6054650e-04
   9.9000000e+00  -3.5516646e-04
   9.9250000e+00  -3.4987990e-04
   9.9500000e+00  -3.4468567e-04
   9.9750000e+00  -3.3958187e-04
   1.0000000e+01  -3.3456574e-04
   1.0025000e+01  -3.2963370e-04
   1.0050000e+01  -3.2478145e-04
   1.0075000e+01  -3.2000422e-04
   1.0100000e+01  -3.1529697e-04
   1.0125000e+01  -3.1065457e-04
   1.0150000e+01  -3.0607185e-04
   1.0175000e+01  -3.0154378e-04
   1.0200000e+01  -2.9706563e-04
   1.0225000e+01  -2.9263313e-04
   1.0250000e+01  -2.8824256e-04
   1.0275000e+01  -2.8389079e-04
   1.0300000e+01  -2.7957542e-04
   1.0325000e+01  -2.7529487e-04
   1.0350000e+01  -2.7104845e-04
   1.0375000e+01  -2.6683634e-04
   1.0400000e+01  -2.6265946e-04
   1.0425000e+01  -2.5851940e-04
   1.0450000e+01  -2.5441828e-04
   1.0475000e+01  -2.5035862e-04
   1.0500000e+01  -2.4634320e-04
   1.0525000e+01  -2.4237499e-04
   1.0550000e+01  -2.3845704e-04
   1.0575000e+01  -2.3459246e-04
   1.0600000e+01  -2.3078431e-04
   1.0625000e+01  -2.2703556e-04
   1.0650000e+01  -2.2334886e-04
   1.0675000e+01  -2.1972647e-04
   1.0700000e+01  -2.1617012e-04
   1.0725000e+01  -2.1268082e-04
   1.0750000e+01  -2.0925876e-04
   1.0775000e+01  -2.0590326e-04
   1.0800000e+01  -2.0261284e-04
   1.0825000e+01  -1.9938535e-04
   1.0850000e+01  -1.9621811e-04
   1.0875000e+01  -1.9310805e-04
   1.0900000e+01  -1.9005186e-04
   1.0925000e+01  -1.8704614e-04
   1.0950000e+01  -1.8408764e-04
   1.0975000e+01  -1.8117332e-04
   1.1000000e+01  -1.7830047e-04
   1.1025000e+01  -1.7546689e-04
   1.1050000e+01  -1.7267081e-04
   1.1075000e+01  -1.6991087e-04
   1.1100000e+01  -1.6718623e-04
   1.1125000e+01  -1.6449662e-04
   1.1150000e+01  -1.6184239e-04
   1.1175000e+01  -1.5922437e-04
   1.1200000e+01  -1.5664374e-04
   1.1225000e+01  -1.5410187e-04
   1.1250000e+01  -1.5160019e-04
   1.1275000e+01  -1.4914004e-04
   1.1300000e+01  -1.4672254e-04
   1.1325000e+01  -1.4434848e-04
   1.1350000e+01  -1.4201812e-04
   1.1375000e+01  -1.3973109e-04
   1.1400000e+01  -1.3748655e-04
   1.1425000e+01  -1.3528317e-04
   1.1450000e+01  -1.3311919e-04
   1.1475000e+01  -1.3099233e-04
   1.1500000e+01  -1.2889983e-04
   1.1525000e+01  -1.2683851e-04
   1.1550000e+01  -1.2480495e-04
   1.1575000e+01  -1.2279569e-04
   1.1600000e+01  -1.2080735e-04
   1.1625000e+01  -1.1883664e-04
   1.1650000e+01  -1.1688049e-04
   1.1675000e+01  -1.1493625e-04
   1.1700000e+01  -1.1300180e-04
   1.1725000e+01  -1.1107562e-04
   1.1750000e+01  -1.0915678e-04
   1.1775000e+01  -1.0724499e-04
   1.1800000e+01  -1.0534060e-04
   1.1825000e+01  -1.0344470e-04
   1.1850000e+01  -1.0155910e-04
   1.1875000e+01  -9.9686285e-05
   1.1900000e+01  -9.7829163e-05
   1.1925000e+01  -9.5990885e-05
   1.1950000e+01  -9.4174732e-05
   1.1975000e+01  -9.2384086e-05
   1.2000000e+01  -9.0622349e-05
   1.2025000e+01  -8.8892795e-05
   1.2050000e+01  -8.7198417e-05
   1.2075000e+01  -8.5541752e-05
   1.2100000e+01  -8.3924710e-05
   1.2125000e+01  -8.2348455e-05
   1.2150000e+01  -8.0813430e-05
   1.2175000e+01  -7.9319460e-05
   1.2200000e+01  -7.7865813e-05
   1.2225000e+01  -7.6451274e-05
   1.2250000e+01  -7.5074221e-05
   1.2275000e+01  -7.3732720e-05
   1.2300000e+01  -7.2424683e-05
   1.2325000e+01  -7.1148056e-05
   1.2350000e+01  -6.9900895e-05
   1.2375000e+01  -6.8681400e-05
   1.2400000e+01  -6.7488003e-05
   1.2425000e+01  -6.6319418e-05
   1.2450000e+01  -6.5174616e-05
   1.2475000e+01  -6.4052768e-05
   1.2500000e+01  -6.2953169e-05
   1.2525000e+01  -6.1875140e-05
   1.2550000e+01  -6.0817861e-05
   1.2575000e+01  -5.9780181e-05
   1.2600000e+01  -5.8760589e-05
   1.2625000e+01  -5.7757353e-05
   1.2650000e+01  -5.6768726e-05
   1.2675000e+01  -5.5793070e-05
   1.2700000e+01  -5.4828930e-05
   1.2725000e+01  -5.3875078e-05
   1.2750000e+01  -5.2930550e-05
   1.2775000e+01  -5.1994665e-05
   1.2800000e+01  -5.1067031e-05
   1.2825000e+01  -5.0147561e-05
   1.2850000e+01  -4.9236444e-05
   1.2875000e+01  -4.8334046e-05
   1.2900000e+01  -4.7440801e-05
   1.2925000e+01  -4.6557125e-05
   1.2950000e+01  -4.5683346e-05
   1.2975000e+01  -4.4819737e-05
   1.3000000e+01  -4.3966595e-05
   1.3025000e+01  -4.3124309e-05
   1.3050000e+01  -4.2293366e-05
   1.3075000e+01  -4.1474340e-05
   1.3100000e+01  -4.0667921e-05
   1.3125000e+01  -3.9874921e-05
   1.3150000e+01  -3.9096298e-05
   1.3175000e+01  -3.8333153e-05
   1.3200000e+01  -3.7586629e-05
   1.3225000e+01  -3.6857778e-05
   1.3250000e+01  -3.6147467e-05
   1.3275000e+01  -3.5456380e-05
   1.3300000e+01  -3.4784960e-05
   1.3325000e+01  -3.4133365e-05
   1.3350000e+01  -3.3501487e-05
   1.3375000e+01  -3.2888934e-05
   1.3400000e+01  -3.2295014e-05
   1.3425000e+01  -3.1718773e-05
   1.3450000e+01  -3.1159120e-05
   1.3475000e+01  -3.0614983e-05
   1.3500000e+01  -3.0085470e-05
   1.3525000e+01  -2.9569934e-05
   1.3550000e+01  -2.9067954e-05
   1.3575000e+01  -2.8579326e-05
   1.3600000e+01  -2.8104025e-05
   1.3625000e+01  -2.7642150e-05
   1.3650000e+01  -2.7193828e-05
   1.3675000e+01  -2.6759068e-05
   1.3700000e+01  -2.6337585e-05
   1.3725000e+01  -2.5928694e-05
   1.3750000e+01  -2.5531279e-05
   1.3775000e+01  -2.5143810e-05
   1.3800000e+01  -2.4764418e-05
   1.3825000e+01  -2.4390957e-05
   1.3850000e+01  -2.4021068e-05
   1.3875000e+01  -2.3652254e-05
   1.3900000e+01  -2.3282027e-05
   1.3925000e+01  -2.2908090e-05
   1.3950000e+01  -2.2528487e-05
   1.3975000e+01  -2.2141734e-05
   1.4000000e+01  -2.1746918e-05
   1.4025000e+01  -2.1343691e-05
   1.4050000e+01  -2.0932238e-05
   1.4075000e+01  -2.0513173e-05
   1.4100000e+01  -2.0087400e-05
   1.4125000e+01  -1.9656027e-05
   1.4150000e+01  -1.9220393e-05
   1.4175000e+01  -1.8782128e-05
   1.4200000e+01  -1.8343114e-05
   1.4225000e+01  -1.7905341e-05
   1.4250000e+01  -1.7470775e-05
   1.4275000e+01  -1.7041270e-05
   1.4300000e+01  -1.6618482e-05
   1.4325000e+01  -1.6203860e-05
   1.4350000e+01  -1.5798698e-05
   1.4375000e+01  -1.5404129e-05
   1.4400000e+01  -1.5021006e-05
   1.4425000e+01  -1.4649802e-05
   1.4450000e+01  -1.4290584e-05
   1.4475000e+01  -1.3943035e-05
   1.4500000e+01  -1.3606519e-05
   1.4525000e+01  -1.3280150e-05
   1.4550000e+01  -1.2962869e-05
   1.4575000e+01  -1.2653524e-05
   1.4600000e+01  -1.2350957e-05
   1.4625000e+01  -1.2054079e-05
   1.4650000e+01  -1.1761888e-05
   1.4675000e+01  -1.1473509e-05
   1.4700000e+01  -1.1188255e-05
   1.4725000e+01  -1.0905636e-05
   1.4750000e+01  -1.0625382e-05
   1.4775000e+01  -1.0347478e-05
   1.4800000e+01  -1.0072148e-05
   1.4825000e+01  -9.7998411e-06
   1.4850000e+01  -9.5312051e-06
   1.4875000e+01  -9.2670238e-06
   1.4900000e+01  -9.0082155e-06
   1.4925000e+01  -8.7558383e-06
   1.4950000e+01  -8.5110327e-06
   1.4975000e+01  -8.2749434e-06
   1.5000000e+01  -8.0486029e-06
   1.5025000e+01  -7.8328339e-06
   1.5050000e+01  -7.6281850e-06
   1.5075000e+01  -7.4348952e-06
   1.5100000e+01  -7.2528883e-06
   1.5125000e+01  -7.0817715e-06
   1.5150000e+01  -6.9208983e-06
   1.5175000e+01  -6.7694899e-06
   1.5200000e+01  -6.6267679e-06
   1.5225000e+01  -6.4920956e-06
   1.5250000e+01  -6.3651480e-06
   1.5275000e+01  -6.2460215e-06
   1.5300000e+01  -6.1351749e-06
   1.5325000e+01  -6.0332922e-06
   1.5350000e+01  -5.9411928e-06
   1.5375000e+01  -5.8597653e-06
   1.5400000e+01  -5.7899047e-06
   1.5425000e+01  -5.7323577e-06
   1.5450000e+01  -5.6874884e-06
   1.5475000e+01  -5.6551429e-06
   1.5500000e+01  -5.6346679e-06
   1.5525000e+01  -5.6249367e-06
   1.5550000e+01  -5.6243492e-06
   1.5575000e+01  -5.6309689e-06
   1.5600000e+01  -5.6428011e-06
   1.5625000e+01  -5.6579801e-06
   1.5650000e+01  -5.6747537e-06
   1.5675000e+01  -5.6914387e-06
   1.5700000e+01  -5.7064391e-06
   1.5725000e+01  -5.7183294e-06
   1.5750000e+01  -5.7258915e-06
   1.5775000e+01  -5.7280716e-06
   1.5800000e+01  -5.7239579e-06
   1.5825000e+01  -5.7127214e-06
   1.5850000e+01  -5.6935739e-06
   1.5875000e+01  -5.6657716e-06
   1.5900000e+01  -5.6285954e-06
   1.5925000e+01  -5.5814190e-06
   1.5950000e+01  -5.5238363e-06
   1.5975000e+01  -5.4557409e-06
   1.6000000e+01  -5.3774005e-06
   1.6025000e+01  -5.2895360e-06
   1.6050000e+01  -5.1932675e-06
   1.6075000e+01  -5.0899194e-06
   1.6100000e+01  -4.9809070e-06
   1.6125000e+01  -4.8677095e-06
   1.6150000e+01  -4.7518134e-06
   1.6175000e+01  -4.6346331e-06
   1.6200000e+01  -4.5173873e-06
   1.6225000e+01  -4.4009818e-06
   1.6250000e+01  -4.2859386e-06
   1.6275000e+01  -4.1723632e-06
   1.6300000e+01  -4.0599899e-06
   1.6325000e+01  -3.9483057e-06
   1.6350000e+01  -3.8367146e-06
   1.6375000e+01  -3.7246422e-06
   1.6400000e+01  -3.6115454e-06
   1.6425000e+01  -3.4969033e-06
   1.6450000e+01  -3.3801981e-06
   1.6475000e+01  -3.2608570e-06
   1.6500000e+01  -3.1382146e-06
   1.6525000e+01  -3.0115466e-06
   1.6550000e+01  -2.8801639e-06
   1.6575000e+01  -2.7435232e-06
   1.6600000e+01  -2.6013110e-06
   1.6625000e+01  -2.4535177e-06
   1.6650000e+01  -2.3004616e-06
   1.6675000e+01  -2.1426938e-06
   1.6700000e+01  -1.9809287e-06
   1.6725000e+01  -1.8160459e-06
   1.6750000e+01  -1.6490564e-06
   1.6775000e+01  -1.4810589e-06
   1.6800000e+01  -1.3132349e-06
   1.6825000e+01  -1.1468896e-06
   1.6850000e+01  -9.8349977e-07
   1.6875000e+01  -8.2475485e-07
   1.6900000e+01  -6.7259272e-07
   1.6925000e+01  -5.2921772e-07
   1.6950000e+01  -3.9702502e-07
   1.6975000e+01  -2.7843529e-07
   1.7000000e+01  -1.7572372e-07
   1.7025000e+01  -9.0885255e-08
   1.7050000e+01  -2.5600333e-08
   1.7075000e+01   1.8715520e-08
   1.7100000e+01   4.0902031e-08
   1.7125000e+01   4.0180336e-08
   1.7150000e+01   1.6346550e-08
   1.7175000e+01  -3.0036117e-08
   1.7200000e+01  -9.7561422e-08
   1.7225000e+01  -1.8407449e-07
   1.7250000e+01  -2.8680561e-07
   1.7275000e+01  -4.0254944e-07
   1.7300000e+01  -5.2790533e-07
   1.7325000e+01  -6.5948101e-07
   1.7350000e+01  -7.9400166e-07
   1.7375000e+01  -9.2836378e-07
   1.7400000e+01  -1.0597084e-06
   1.7425000e+01  -1.1854872e-06
   1.7450000e+01  -1.3034664e-06
   1.7475000e+01  -1.4117372e-06
   1.7500000e+01  -1.5087286e-06
   1.7525000e+01  -1.5932094e-06
   1.7550000e+01  -1.6642639e-06
   1.7575000e+01  -1.7212281e-06
   1.7600000e+01  -1.7636835e-06
   1.7625000e+01  -1.7914849e-06
   1.7650000e+01  -1.8047324e-06
   1.7675000e+01  -1.8037256e-06
   1.7700000e+01  -1.7889475e-06
   1.7725000e+01  -1.7610720e-06
   1.7750000e+01  -1.7210172e-06
   1.7775000e+01  -1.6699856e-06
   1.7800000e+01  -1.6094050e-06
   1.7825000e+01  -1.5408616e-06
   1.7850000e+01  -1.4660570e-06
   1.7875000e+01  -1.3867276e-06
   1.7900000e+01  -1.3045691e-06
   1.7925000e+01  -1.2211755e-06
   1.7950000e+01  -1.1379061e-06
   1.7975000e+01  -1.0557623e-06
   1.8000000e+01  -9.7546394e-07
   1.8025000e+01  -8.9759788e-07
   1.8050000e+01  -8.2273541e-07
   1.8075000e+01  -7.5155942e-07
   1.8100000e+01  -6.8499383e-07
   1.8125000e+01  -6.2424630e-07
   1.8150000e+01  -5.7067120e-07
   1.8175000e+01  -5.2563794e-07
   1.8200000e+01  -4.9049213e-07
   1.8225000e+01  -4.6650329e-07
   1.8250000e+01  -4.5476364e-07
   1.8275000e+01  -4.5599984e-07
   1.8300000e+01  -4.7038613e-07
   1.8325000e+01  -4.9744682e-07
   1.8350000e+01  -5.3600704e-07
   1.8375000e+01  -5.8422269e-07
   1.8400000e+01  -6.3966430e-07
   1.8425000e+01  -6.9940976e-07
   1.8450000e+01  -7.6016201e-07
   1.8475000e+01  -8.1847147e-07
   1.8500000e+01  -8.7100956e-07
   1.8525000e+01  -9.1470179e-07
   1.8550000e+01  -9.4674644e-07
   1.8575000e+01  -9.6467218e-07
   1.8600000e+01  -9.6651683e-07
   1.8625000e+01  -9.5104545e-07
   1.8650000e+01  -9.1794940e-07
   1.8675000e+01  -8.6793851e-07
   1.8700000e+01  -8.0267460e-07
   1.8725000e+01  -7.2462183e-07
   1.8750000e+01  -6.3684938e-07
   1.8775000e+01  -5.4281690e-07
   1.8800000e+01  -4.4618321e-07
   1.8825000e+01  -3.5069492e-07
   1.8850000e+01  -2.6007421e-07
   1.8875000e+01  -1.7791528e-07
   1.8900000e+01  -1.0757813e-07
   1.8925000e+01  -5.2009176e-08
   1.8950000e+01  -1.3573036e-08
   1.8975000e+01   6.0726850e-09
   1.9000000e+01   0.0000000e+00
