  -1.5000000e+01   8.4424906e-01
  -1.4990000e+01   8.4467795e-01
  -1.4980000e+01   8.4426230e-01
  -1.4970000e+01   8.4300254e-01
  -1.4960000e+01   8.4089991e-01
  -1.4950000e+01   8.3795652e-01
  -1.4940000e+01   8.3417531e-01
  -1.4930000e+01   8.2956007e-01
  -1.4920000e+01   8.2411541e-01
  -1.4910000e+01   8.1784676e-01
  -1.4900000e+01   8.1076041e-01
  -1.4890000e+01   8.0286343e-01
  -1.4880000e+01   7.9416373e-01
  -1.4870000e+01   7.8466999e-01
  -1.4860000e+01   7.7439171e-01
  -1.4850000e+01   7.6333917e-01
  -1.4840000e+01   7.5152342e-01
  -1.4830000e+01   7.3895626e-01
  -1.4820000e+01   7.2565028e-01
  -1.4810000e+01   7.1161877e-01
  -1.4800000e+01   6.9687575e-01
  -1.4790000e+01   6.8143598e-01
  -1.4780000e+01   6.6531488e-01
  -1.4770000e+01   6.4852858e-01
  -1.4760000e+01   6.3109386e-01
  -1.4750000e+01   6.1302816e-01
  -1.4740000e+01   5.9434952e-01
  -1.4730000e+01   5.7507664e-01
  -1.4720000e+01   5.5522877e-01
  -1.4710000e+01   5.3482577e-01
  -1.4700000e+01   5.1388803e-01
  -1.4690000e+01   4.9243649e-01
  -1.4680000e+01   4.7049259e-01
  -1.4670000e+01   4.4807828e-01
  -1.4660000e+01   4.2521597e-01
  -1.4650000e+01   4.0192851e-01
  -1.4640000e+01   3.7823919e-01
  -1.4630000e+01   3.5417169e-01
  -1.4620000e+01   3.2975008e-01
  -1.4610000e+01   3.0499878e-01
  -1.4600000e+01   2.7994253e-01
  -1.4590000e+01   2.5460638e-01
  -1.4580000e+01   2.2901567e-01
  -1.4570000e+01   2.0319598e-01
  -1.4560000e+01   1.7717312e-01
  -1.4550000e+01   1.5097313e-01
  -1.4540000e+01   1.2462219e-01
  -1.4530000e+01   9.8146642e-02
  -1.4520000e+01   7.1572967e-02
  -1.4510000e+01   4.4927731e-02
  -1.4500000e+01   1.8237575e-02
  -1.4490000e+01  -8.4708160e-03
  -1.4480000e+01  -3.5170737e-02
  -1.4470000e+01  -6.1835494e-02
  -1.4460000e+01  -8.8438425e-02
  -1.4450000e+01  -1.1495293e-01
  -1.4440000e+01  -1.4135251e-01
  -1.4430000e+01  -1.6761075e-01
  -1.4420000e+01  -1.9370141e-01
  -1.4410000e+01  -2.1959841e-01
  -1.4400000e+01  -2.4527584e-01
  -1.4390000e+01  -2.7070803e-01
  -1.4380000e+01  -2.9586957e-01
  -1.4370000e+01  -3.2073528e-01
  -1.4360000e+01  -3.4528031e-01
  -1.4350000e+01  -3.6948012e-01
  -1.4340000e+01  -3.9331051e-01
  -1.4330000e+01  -4.1674765e-01
  -1.4320000e+01  -4.3976812e-01
  -1.4310000e+01  -4.6234889e-01
  -1.4300000e+01  -4.8446739e-01
  -1.4290000e+01  -5.0610151e-01
  -1.4280000e+01  -5.2722960e-01
  -1.4270000e+01  -5.4783056e-01
  -1.4260000e+01  -5.6788377e-01
  -1.4250000e+01  -5.8736920e-01
  -1.4240000e+01  -6.0626735e-01
  -1.4230000e+01  -6.2455934e-01
  -1.4220000e+01  -6.4222687e-01
  -1.4210000e+01  -6.5925229e-01
  -1.4200000e+01  -6.7561856e-01
  -1.4190000e+01  -6.9130932e-01
  -1.4180000e+01  -7.0630889e-01
  -1.4170000e+01  -7.2060227e-01
  -1.4160000e+01  -7.3417517e-01
  -1.4150000e+01  -7.4701401e-01
  -1.4140000e+01  -7.5910597e-01
  -1.4130000e+01  -7.7043894e-01
  -1.4120000e+01  -7.8100161e-01
  -1.4110000e+01  -7.9078340e-01
  -1.4100000e+01  -7.9977454e-01
  -1.4090000e+01  -8.0796604e-01
  -1.4080000e+01  -8.1534971e-01
  -1.4070000e+01  -8.2191817e-01
  -1.4060000e+01  -8.2766484e-01
  -1.4050000e+01  -8.3258399e-01
  -1.4040000e+01  -8.3667069e-01
  -1.4030000e+01  -8.3992086e-01
  -1.4020000e+01  -8.4233125e-01
  -1.4010000e+01  -8.4389945e-01
  -1.4000000e+01  -8.4462389e-01
  -1.3990000e+01  -8.4450385e-01
  -1.3980000e+01  -8.4353944e-01
  -1.3970000e+01  -8.4173164e-01
  -1.3960000e+01  -8.3908224e-01
  -1.3950000e+01  -8.3559390e-01
  -1.3940000e+01  -8.3127011e-01
  -1.3930000e+01  -8.2611518e-01
  -1.3920000e+01  -8.2013428e-01
  -1.3910000e+01  -8.1333338e-01
  -1.3900000e+01  -8.0571928e-01
  -1.3890000e+01  -7.9729960e-01
  -1.3880000e+01  -7.8808275e-01
  -1.3870000e+01  -7.7807795e-01
  -1.3860000e+01  -7.6729520e-01
  -1.3850000e+01  -7.5574528e-01
  -1.3840000e+01  -7.4343974e-01
  -1.3830000e+01  -7.3039089e-01
  -1.3820000e+01  -7.1661177e-01
  -1.3810000e+01  -7.0211616e-01
  -1.3800000e+01  -6.8691854e-01
  -1.3790000e+01  -6.7103413e-01
  -1.3780000e+01  -6.5447879e-01
  -1.3770000e+01  -6.3726908e-01
  -1.3760000e+01  -6.1942221e-01
  -1.3750000e+01  -6.0095602e-01
  -1.3740000e+01  -5.8188897e-01
  -1.3730000e+01  -5.6224013e-01
  -1.3720000e+01  -5.4202915e-01
  -1.3710000e+01  -5.2127622e-01
  -1.3700000e+01  -5.0000211e-01
  -1.3690000e+01  -4.7822808e-01
  -1.3680000e+01  -4.5597590e-01
  -1.3670000e+01  -4.3326782e-01
  -1.3660000e+01  -4.1012654e-01
  -1.3650000e+01  -3.8657521e-01
  -1.3640000e+01  -3.6263736e-01
  -1.3630000e+01  -3.3833694e-01
  -1.3620000e+01  -3.1369824e-01
  -1.3610000e+01  -2.8874589e-01
  -1.3600000e+01  -2.6350484e-01
  -1.3590000e+01  -2.3800033e-01
  -1.3580000e+01  -2.1225787e-01
  -1.3570000e+01  -1.8630318e-01
  -1.3560000e+01  -1.6016221e-01
  -1.3550000e+01  -1.3386112e-01
  -1.3540000e+01  -1.0742618e-01
  -1.3530000e+01  -8.0883834e-02
  -1.3520000e+01  -5.4260619e-02
  -1.3510000e+01  -2.7583152e-02
  -1.3500000e+01  -8.7810600e-04
  -1.3490000e+01   2.5827818e-02
  -1.3480000e+01   5.2507918e-02
  -1.3470000e+01   7.9135518e-02
  -1.3460000e+01   1.0568400e-01
  -1.3450000e+01   1.3212681e-01
  -1.3440000e+01   1.5843752e-01
  -1.3430000e+01   1.8458981e-01
  -1.3420000e+01   2.1055755e-01
  -1.3410000e+01   2.3631476e-01
  -1.3400000e+01   2.6183570e-01
  -1.3390000e+01   2.8709485e-01
  -1.3380000e+01   3.1206695e-01
  -1.3370000e+01   3.3672704e-01
  -1.3360000e+01   3.6105045e-01
  -1.3350000e+01   3.8501287e-01
  -1.3340000e+01   4.0859035e-01
  -1.3330000e+01   4.3175930e-01
  -1.3320000e+01   4.5449657e-01
  -1.3310000e+01   4.7677941e-01
  -1.3300000e+01   4.9858556e-01
  -1.3290000e+01   5.1989320e-01
  -1.3280000e+01   5.4068104e-01
  -1.3270000e+01   5.6092828e-01
  -1.3260000e+01   5.8061469e-01
  -1.3250000e+01   5.9972058e-01
  -1.3240000e+01   6.1822686e-01
  -1.3230000e+01   6.3611500e-01
  -1.3220000e+01   6.5336714e-01
  -1.3210000e+01   6.6996602e-01
  -1.3200000e+01   6.8589505e-01
  -1.3190000e+01   7.0113829e-01
  -1.3180000e+01   7.1568052e-01
  -1.3170000e+01   7.2950718e-01
  -1.3160000e+01   7.4260446e-01
  -1.3150000e+01   7.5495925e-01
  -1.3140000e+01   7.6655922e-01
  -1.3130000e+01   7.7739275e-01
  -1.3120000e+01   7.8744902e-01
  -1.3110000e+01   7.9671797e-01
  -1.3100000e+01   8.0519033e-01
  -1.3090000e+01   8.1285764e-01
  -1.3080000e+01   8.1971223e-01
  -1.3070000e+01   8.2574724e-01
  -1.3060000e+01   8.3095664e-01
  -1.3050000e+01   8.3533522e-01
  -1.3040000e+01   8.3887861e-01
  -1.3030000e+01   8.4158326e-01
  -1.3020000e+01   8.4344647e-01
  -1.3010000e+01   8.4446636e-01
  -1.3000000e+01   8.4464194e-01
  -1.2990000e+01   8.4397301e-01
  -1.2980000e+01   8.4246025e-01
  -1.2970000e+01   8.4010517e-01
  -1.2960000e+01   8.3691013e-01
  -1.2950000e+01   8.3287831e-01
  -1.2940000e+01   8.2801376e-01
  -1.2930000e+01   8.2232133e-01
  -1.2920000e+01   8.1580671e-01
  -1.2910000e+01   8.0847643e-01
  -1.2900000e+01   8.0033780e-01
  -1.2890000e+01   7.9139897e-01
  -1.2880000e+01   7.8166887e-01
  -1.2870000e+01   7.7115723e-01
  -1.2860000e+01   7.5987456e-01
  -1.2850000e+01   7.4783215e-01
  -1.2840000e+01   7.3504203e-01
  -1.2830000e+01   7.2151699e-01
  -1.2820000e+01   7.0727055e-01
  -1.2810000e+01   6.9231696e-01
  -1.2800000e+01   6.7667117e-01
  -1.2790000e+01   6.6034882e-01
  -1.2780000e+01   6.4336623e-01
  -1.2770000e+01   6.2574038e-01
  -1.2760000e+01   6.0748889e-01
  -1.2750000e+01   5.8863002e-01
  -1.2740000e+01   5.6918262e-01
  -1.2730000e+01   5.4916612e-01
  -1.2720000e+01   5.2860056e-01
  -1.2710000e+01   5.0750648e-01
  -1.2700000e+01   4.8590498e-01
  -1.2690000e+01   4.6381765e-01
  -1.2680000e+01   4.4126659e-01
  -1.2670000e+01   4.1827433e-01
  -1.2660000e+01   3.9486387e-01
  -1.2650000e+01   3.7105861e-01
  -1.2640000e+01   3.4688235e-01
  -1.2630000e+01   3.2235926e-01
  -1.2620000e+01   2.9751388e-01
  -1.2610000e+01   2.7237102e-01
  -1.2600000e+01   2.4695585e-01
  -1.2590000e+01   2.2129375e-01
  -1.2580000e+01   1.9541040e-01
  -1.2570000e+01   1.6933168e-01
  -1.2560000e+01   1.4308365e-01
  -1.2550000e+01   1.1669256e-01
  -1.2540000e+01   9.0184792e-02
  -1.2530000e+01   6.3586859e-02
  -1.2520000e+01   3.6925349e-02
  -1.2510000e+01   1.0226920e-02
  -1.2500000e+01  -1.6481734e-02
  -1.2490000e+01  -4.3173909e-02
  -1.2480000e+01  -6.9822917e-02
  -1.2470000e+01  -9.6402114e-02
  -1.2460000e+01  -1.2288493e-01
  -1.2450000e+01  -1.4924487e-01
  -1.2440000e+01  -1.7545560e-01
  -1.2430000e+01  -2.0149090e-01
  -1.2420000e+01  -2.2732474e-01
  -1.2410000e+01  -2.5293130e-01
  -1.2400000e+01  -2.7828496e-01
  -1.2390000e+01  -3.0336039e-01
  -1.2380000e+01  -3.2813251e-01
  -1.2370000e+01  -3.5257655e-01
  -1.2360000e+01  -3.7666808e-01
  -1.2350000e+01  -4.0038299e-01
  -1.2340000e+01  -4.2369759e-01
  -1.2330000e+01  -4.4658857e-01
  -1.2320000e+01  -4.6903303e-01
  -1.2310000e+01  -4.9100853e-01
  -1.2300000e+01  -5.1249311e-01
  -1.2290000e+01  -5.3346528e-01
  -1.2280000e+01  -5.5390408e-01
  -1.2270000e+01  -5.7378906e-01
  -1.2260000e+01  -5.9310035e-01
  -1.2250000e+01  -6.1181864e-01
  -1.2240000e+01  -6.2992521e-01
  -1.2230000e+01  -6.4740196e-01
  -1.2220000e+01  -6.6423142e-01
  -1.2210000e+01  -6.8039675e-01
  -1.2200000e+01  -6.9588180e-01
  -1.2190000e+01  -7.1067109e-01
  -1.2180000e+01  -7.2474983e-01
  -1.2170000e+01  -7.3810393e-01
  -1.2160000e+01  -7.5072005e-01
  -1.2150000e+01  -7.6258558e-01
  -1.2140000e+01  -7.7368865e-01
  -1.2130000e+01  -7.8401817e-01
  -1.2120000e+01  -7.9356379e-01
  -1.2110000e+01  -8.0231598e-01
  -1.2100000e+01  -8.1026599e-01
  -1.2090000e+01  -8.1740587e-01
  -1.2080000e+01  -8.2372848e-01
  -1.2070000e+01  -8.2922750e-01
  -1.2060000e+01  -8.3389742e-01
  -1.2050000e+01  -8.3773359e-01
  -1.2040000e+01  -8.4073217e-01
  -1.2030000e+01  -8.4289015e-01
  -1.2020000e+01  -8.4420539e-01
  -1.2010000e+01  -8.4467656e-01
  -1.2000000e+01  -8.4430319e-01
  -1.1990000e+01  -8.4308566e-01
  -1.1980000e+01  -8.4102519e-01
  -1.1970000e+01  -8.3812383e-01
  -1.1960000e+01  -8.3438449e-01
  -1.1950000e+01  -8.2981090e-01
  -1.1940000e+01  -8.2440764e-01
  -1.1930000e+01  -8.1818011e-01
  -1.1920000e+01  -8.1113453e-01
  -1.1910000e+01  -8.0327796e-01
  -1.1900000e+01  -7.9461824e-01
  -1.1890000e+01  -7.8516403e-01
  -1.1880000e+01  -7.7492479e-01
  -1.1870000e+01  -7.6391076e-01
  -1.1860000e+01  -7.5213294e-01
  -1.1850000e+01  -7.3960312e-01
  -1.1840000e+01  -7.2633382e-01
  -1.1830000e+01  -7.1233830e-01
  -1.1820000e+01  -6.9763056e-01
  -1.1810000e+01  -6.8222531e-01
  -1.1800000e+01  -6.6613795e-01
  -1.1790000e+01  -6.4938456e-01
  -1.1780000e+01  -6.3198189e-01
  -1.1770000e+01  -6.1394735e-01
  -1.1760000e+01  -5.9529896e-01
  -1.1750000e+01  -5.7605537e-01
  -1.1740000e+01  -5.5623583e-01
  -1.1730000e+01  -5.3586014e-01
  -1.1720000e+01  -5.1494868e-01
  -1.1710000e+01  -4.9352235e-01
  -1.1700000e+01  -4.7160259e-01
  -1.1690000e+01  -4.4921130e-01
  -1.1680000e+01  -4.2637088e-01
  -1.1670000e+01  -4.0310415e-01
  -1.1660000e+01  -3.7943439e-01
  -1.1650000e+01  -3.5538526e-01
  -1.1640000e+01  -3.3098080e-01
  -1.1630000e+01  -3.0624542e-01
  -1.1620000e+01  -2.8120384e-01
  -1.1610000e+01  -2.5588111e-01
  -1.1600000e+01  -2.3030253e-01
  -1.1590000e+01  -2.0449369e-01
  -1.1580000e+01  -1.7848040e-01
  -1.1570000e+01  -1.5228865e-01
  -1.1560000e+01  -1.2594464e-01
  -1.1550000e+01  -9.9474703e-02
  -1.1540000e+01  -7.2905310e-02
  -1.1530000e+01  -4.6263024e-02
  -1.1520000e+01  -1.9574482e-02
  -1.1510000e+01   7.1336308e-03
  -1.1500000e+01   3.3834611e-02
  -1.1490000e+01   6.0501762e-02
  -1.1480000e+01   8.7108422e-02
  -1.1470000e+01   1.1362799e-01
  -1.1460000e+01   1.4003394e-01
  -1.1450000e+01   1.6629989e-01
  -1.1440000e+01   1.9239956e-01
  -1.1430000e+01   2.1830687e-01
  -1.1420000e+01   2.4399591e-01
  -1.1410000e+01   2.6944099e-01
  -1.1400000e+01   2.9461667e-01
  -1.1390000e+01   3.1949779e-01
  -1.1380000e+01   3.4405946e-01
  -1.1370000e+01   3.6827713e-01
  -1.1360000e+01   3.9212659e-01
  -1.1350000e+01   4.1558398e-01
  -1.1340000e+01   4.3862586e-01
  -1.1330000e+01   4.6122918e-01
  -1.1320000e+01   4.8337136e-01
  -1.1310000e+01   5.0503024e-01
  -1.1300000e+01   5.2618418e-01
  -1.1290000e+01   5.4681202e-01
  -1.1280000e+01   5.6689314e-01
  -1.1270000e+01   5.8640746e-01
  -1.1260000e+01   6.0533547e-01
  -1.1250000e+01   6.2365824e-01
  -1.1240000e+01   6.4135747e-01
  -1.1230000e+01   6.5841544e-01
  -1.1220000e+01   6.7481510e-01
  -1.1210000e+01   6.9054007e-01
  -1.1200000e+01   7.0557460e-01
  -1.1190000e+01   7.1990369e-01
  -1.1180000e+01   7.3351298e-01
  -1.1170000e+01   7.4638889e-01
  -1.1160000e+01   7.5851853e-01
  -1.1150000e+01   7.6988978e-01
  -1.1140000e+01   7.8049127e-01
  -1.1130000e+01   7.9031240e-01
  -1.1120000e+01   7.9934334e-01
  -1.1110000e+01   8.0757508e-01
  -1.1100000e+01   8.1499937e-01
  -1.1090000e+01   8.2160881e-01
  -1.1080000e+01   8.2739677e-01
  -1.1070000e+01   8.3235747e-01
  -1.1060000e+01   8.3648595e-01
  -1.1050000e+01   8.3977809e-01
  -1.1040000e+01   8.4223059e-01
  -1.1030000e+01   8.4384099e-01
  -1.1020000e+01   8.4460770e-01
  -1.1010000e+01   8.4452994e-01
  -1.1000000e+01   8.4360779e-01
  -1.0990000e+01   8.4184218e-01
  -1.0980000e+01   8.3923486e-01
  -1.0970000e+01   8.3578845e-01
  -1.0960000e+01   8.3150638e-01
  -1.0950000e+01   8.2639295e-01
  -1.0940000e+01   8.2045327e-01
  -1.0930000e+01   8.1369327e-01
  -1.0920000e+01   8.0611971e-01
  -1.0910000e+01   7.9774016e-01
  -1.0900000e+01   7.8856301e-01
  -1.0890000e+01   7.7859743e-01
  -1.0880000e+01   7.6785338e-01
  -1.0870000e+01   7.5634160e-01
  -1.0860000e+01   7.4407361e-01
  -1.0850000e+01   7.3106166e-01
  -1.0840000e+01   7.1731878e-01
  -1.0830000e+01   7.0285870e-01
  -1.0820000e+01   6.8769588e-01
  -1.0810000e+01   6.7184548e-01
  -1.0800000e+01   6.5532334e-01
  -1.0790000e+01   6.3814599e-01
  -1.0780000e+01   6.2033060e-01
  -1.0770000e+01   6.0189498e-01
  -1.0760000e+01   5.8285756e-01
  -1.0750000e+01   5.6323739e-01
  -1.0740000e+01   5.4305407e-01
  -1.0730000e+01   5.2232779e-01
  -1.0720000e+01   5.0107927e-01
  -1.0710000e+01   4.7932975e-01
  -1.0700000e+01   4.5710099e-01
  -1.0690000e+01   4.3441520e-01
  -1.0680000e+01   4.1129506e-01
  -1.0670000e+01   3.8776370e-01
  -1.0660000e+01   3.6384464e-01
  -1.0650000e+01   3.3956180e-01
  -1.0640000e+01   3.1493945e-01
  -1.0630000e+01   2.9000221e-01
  -1.0620000e+01   2.6477502e-01
  -1.0610000e+01   2.3928310e-01
  -1.0600000e+01   2.1355193e-01
  -1.0590000e+01   1.8760725e-01
  -1.0580000e+01   1.6147500e-01
  -1.0570000e+01   1.3518129e-01
  -1.0560000e+01   1.0875243e-01
  -1.0550000e+01   8.2214830e-02
  -1.0540000e+01   5.5595030e-02
  -1.0530000e+01   2.8919646e-02
  -1.0520000e+01   2.2153461e-03
  -1.0510000e+01  -2.4491169e-02
  -1.0500000e+01  -5.1173196e-02
  -1.0490000e+01  -7.7804059e-02
  -1.0480000e+01  -1.0435713e-01
  -1.0470000e+01  -1.3080586e-01
  -1.0460000e+01  -1.5712381e-01
  -1.0450000e+01  -1.8328466e-01
  -1.0440000e+01  -2.0926226e-01
  -1.0430000e+01  -2.3503063e-01
  -1.0420000e+01  -2.6056400e-01
  -1.0410000e+01  -2.8583686e-01
  -1.0400000e+01  -3.1082393e-01
  -1.0390000e+01  -3.3550022e-01
  -1.0380000e+01  -3.5984107e-01
  -1.0370000e+01  -3.8382214e-01
  -1.0360000e+01  -4.0741946e-01
  -1.0350000e+01  -4.3060942e-01
  -1.0340000e+01  -4.5336884e-01
  -1.0330000e+01  -4.7567497e-01
  -1.0320000e+01  -4.9750550e-01
  -1.0310000e+01  -5.1883861e-01
  -1.0300000e+01  -5.3965297e-01
  -1.0290000e+01  -5.5992777e-01
  -1.0280000e+01  -5.7964273e-01
  -1.0270000e+01  -5.9877814e-01
  -1.0260000e+01  -6.1731488e-01
  -1.0250000e+01  -6.3523441e-01
  -1.0240000e+01  -6.5251880e-01
  -1.0230000e+01  -6.6915079e-01
  -1.0220000e+01  -6.8511373e-01
  -1.0210000e+01  -7.0039168e-01
  -1.0200000e+01  -7.1496935e-01
  -1.0190000e+01  -7.2883218e-01
  -1.0180000e+01  -7.4196629e-01
  -1.0170000e+01  -7.5435856e-01
  -1.0160000e+01  -7.6599659e-01
  -1.0150000e+01  -7.7686876e-01
  -1.0140000e+01  -7.8696419e-01
  -1.0130000e+01  -7.9627278e-01
  -1.0120000e+01  -8.0478524e-01
  -1.0110000e+01  -8.1249304e-01
  -1.0100000e+01  -8.1938849e-01
  -1.0090000e+01  -8.2546468e-01
  -1.0080000e+01  -8.3071555e-01
  -1.0070000e+01  -8.3513584e-01
  -1.0060000e+01  -8.3872113e-01
  -1.0050000e+01  -8.4146784e-01
  -1.0040000e+01  -8.4337322e-01
  -1.0030000e+01  -8.4443538e-01
  -1.0020000e+01  -8.4465323e-01
  -1.0010000e+01  -8.4402658e-01
  -1.0000000e+01  -8.4255603e-01
  -9.9900000e+00  -8.4024322e-01
  -9.9800000e+00  -8.3709114e-01
  -9.9700000e+00  -8.3310378e-01
  -9.9600000e+00  -8.2828595e-01
  -9.9500000e+00  -8.2264329e-01
  -9.9400000e+00  -8.1618223e-01
  -9.9300000e+00  -8.0891002e-01
  -9.9200000e+00  -8.0083470e-01
  -9.9100000e+00  -7.9196507e-01
  -9.9000000e+00  -7.8231074e-01
  -9.8900000e+00  -7.7188205e-01
  -9.8800000e+00  -7.6069010e-01
  -9.8700000e+00  -7.4874670e-01
  -9.8600000e+00  -7.3606442e-01
  -9.8500000e+00  -7.2265649e-01
  -9.8400000e+00  -7.0853687e-01
  -9.8300000e+00  -6.9372016e-01
  -9.8200000e+00  -6.7822164e-01
  -9.8100000e+00  -6.6205721e-01
  -9.8000000e+00  -6.4524341e-01
  -9.7900000e+00  -6.2779738e-01
  -9.7800000e+00  -6.0973684e-01
  -9.7700000e+00  -5.9108008e-01
  -9.7600000e+00  -5.7184592e-01
  -9.7500000e+00  -5.5205374e-01
  -9.7400000e+00  -5.3172340e-01
  -9.7300000e+00  -5.1087524e-01
  -9.7200000e+00  -4.8953009e-01
  -9.7100000e+00  -4.6770919e-01
  -9.7000000e+00  -4.4543423e-01
  -9.6900000e+00  -4.2272727e-01
  -9.6800000e+00  -3.9961075e-01
  -9.6700000e+00  -3.7610748e-01
  -9.6600000e+00  -3.5224057e-01
  -9.6500000e+00  -3.2803346e-01
  -9.6400000e+00  -3.0350985e-01
  -9.6300000e+00  -2.7869371e-01
  -9.6200000e+00  -2.5360923e-01
  -9.6100000e+00  -2.2828082e-01
  -9.6000000e+00  -2.0273307e-01
  -9.5900000e+00  -1.7699073e-01
  -9.5800000e+00  -1.5107868e-01
  -9.5700000e+00  -1.2502192e-01
  -9.5600000e+00  -9.8845539e-02
  -9.5500000e+00  -7.2574673e-02
  -9.5400000e+00  -4.6234508e-02
  -9.5300000e+00  -1.9850240e-02
  -9.5200000e+00   6.5529470e-03
  -9.5100000e+00   3.2949901e-02
  -9.5000000e+00   5.9315530e-02
  -9.4900000e+00   8.5624825e-02
  -9.4800000e+00   1.1185288e-01
  -9.4700000e+00   1.3797493e-01
  -9.4600000e+00   1.6396635e-01
  -9.4500000e+00   1.8980270e-01
  -9.4400000e+00   2.1545972e-01
  -9.4300000e+00   2.4091340e-01
  -9.4200000e+00   2.6613996e-01
  -9.4100000e+00   2.9111586e-01
  -9.4000000e+00   3.1581790e-01
  -9.3900000e+00   3.4022314e-01
  -9.3800000e+00   3.6430899e-01
  -9.3700000e+00   3.8805320e-01
  -9.3600000e+00   4.1143389e-01
  -9.3500000e+00   4.3442958e-01
  -9.3400000e+00   4.5701918e-01
  -9.3300000e+00   4.7918203e-01
  -9.3200000e+00   5.0089791e-01
  -9.3100000e+00   5.2214708e-01
  -9.3000000e+00   5.4291026e-01
  -9.2900000e+00   5.6316867e-01
  -9.2800000e+00   5.8290403e-01
  -9.2700000e+00   6.0209859e-01
  -9.2600000e+00   6.2073517e-01
  -9.2500000e+00   6.3879710e-01
  -9.2400000e+00   6.5626831e-01
  -9.2300000e+00   6.7313329e-01
  -9.2200000e+00   6.8937715e-01
  -9.2100000e+00   7.0498558e-01
  -9.2000000e+00   7.1994491e-01
  -9.1900000e+00   7.3424208e-01
  -9.1800000e+00   7.4786468e-01
  -9.1700000e+00   7.6080095e-01
  -9.1600000e+00   7.7303977e-01
  -9.1500000e+00   7.8457070e-01
  -9.1400000e+00   7.9538398e-01
  -9.1300000e+00   8.0547050e-01
  -9.1200000e+00   8.1482185e-01
  -9.1100000e+00   8.2343033e-01
  -9.1000000e+00   8.3128890e-01
  -9.0900000e+00   8.3839125e-01
  -9.0800000e+00   8.4473175e-01
  -9.0700000e+00   8.5030550e-01
  -9.0600000e+00   8.5510828e-01
  -9.0500000e+00   8.5913659e-01
  -9.0400000e+00   8.6238766e-01
  -9.0300000e+00   8.6485940e-01
  -9.0200000e+00   8.6655046e-01
  -9.0100000e+00   8.6746016e-01
  -9.0000000e+00   8.6758857e-01
  -8.9900000e+00   8.6693644e-01
  -8.9800000e+00   8.6550523e-01
  -8.9700000e+00   8.6329708e-01
  -8.9600000e+00   8.6031486e-01
  -8.9500000e+00   8.5656209e-01
  -8.9400000e+00   8.5204300e-01
  -8.9300000e+00   8.4676248e-01
  -8.9200000e+00   8.4072611e-01
  -8.9100000e+00   8.3394012e-01
  -8.9000000e+00   8.2641140e-01
  -8.8900000e+00   8.1814748e-01
  -8.8800000e+00   8.0915653e-01
  -8.8700000e+00   7.9944736e-01
  -8.8600000e+00   7.8902938e-01
  -8.8500000e+00   7.7791264e-01
  -8.8400000e+00   7.6610774e-01
  -8.8300000e+00   7.5362592e-01
  -8.8200000e+00   7.4047894e-01
  -8.8100000e+00   7.2667916e-01
  -8.8000000e+00   7.1223948e-01
  -8.7900000e+00   6.9717333e-01
  -8.7800000e+00   6.8149465e-01
  -8.7700000e+00   6.6521791e-01
  -8.7600000e+00   6.4835806e-01
  -8.7500000e+00   6.3093053e-01
  -8.7400000e+00   6.1295122e-01
  -8.7300000e+00   5.9443645e-01
  -8.7200000e+00   5.7540302e-01
  -8.7100000e+00   5.5586809e-01
  -8.7000000e+00   5.3584926e-01
  -8.6900000e+00   5.1536449e-01
  -8.6800000e+00   4.9443211e-01
  -8.6700000e+00   4.7307079e-01
  -8.6600000e+00   4.5129955e-01
  -8.6500000e+00   4.2913771e-01
  -8.6400000e+00   4.0660487e-01
  -8.6300000e+00   3.8372093e-01
  -8.6200000e+00   3.6050602e-01
  -8.6100000e+00   3.3698055e-01
  -8.6000000e+00   3.1316510e-01
  -8.5900000e+00   2.8908050e-01
  -8.5800000e+00   2.6474772e-01
  -8.5700000e+00   2.4018793e-01
  -8.5600000e+00   2.1542243e-01
  -8.5500000e+00   1.9047264e-01
  -8.5400000e+00   1.6536010e-01
  -8.5300000e+00   1.4010642e-01
  -8.5200000e+00   1.1473332e-01
  -8.5100000e+00   8.9262523e-02
  -8.5000000e+00   6.3715812e-02
  -8.4900000e+00   3.8114976e-02
  -8.4800000e+00   1.2481799e-02
  -8.4700000e+00  -1.3161960e-02
  -8.4600000e+00  -3.8794582e-02
  -8.4500000e+00  -6.4394413e-02
  -8.4400000e+00  -8.9939875e-02
  -8.4300000e+00  -1.1540949e-01
  -8.4200000e+00  -1.4078189e-01
  -8.4100000e+00  -1.6603585e-01
  -8.4000000e+00  -1.9115028e-01
  -8.3900000e+00  -2.1610428e-01
  -8.3800000e+00  -2.4087712e-01
  -8.3700000e+00  -2.6544826e-01
  -8.3600000e+00  -2.8979741e-01
  -8.3500000e+00  -3.1390450e-01
  -8.3400000e+00  -3.3774969e-01
  -8.3300000e+00  -3.6131345e-01
  -8.3200000e+00  -3.8457649e-01
  -8.3100000e+00  -4.0751984e-01
  -8.3000000e+00  -4.3012485e-01
  -8.2900000e+00  -4.5237317e-01
  -8.2800000e+00  -4.7424681e-01
  -8.2700000e+00  -4.9572813e-01
  -8.2600000e+00  -5.1679987e-01
  -8.2500000e+00  -5.3744513e-01
  -8.2400000e+00  -5.5764741e-01
  -8.2300000e+00  -5.7739063e-01
  -8.2200000e+00  -5.9665912e-01
  -8.2100000e+00  -6.1543764e-01
  -8.2000000e+00  -6.3371138e-01
  -8.1900000e+00  -6.5146599e-01
  -8.1800000e+00  -6.6868759e-01
  -8.1700000e+00  -6.8536277e-01
  -8.1600000e+00  -7.0147858e-01
  -8.1500000e+00  -7.1702259e-01
  -8.1400000e+00  -7.3198283e-01
  -8.1300000e+00  -7.4634788e-01
  -8.1200000e+00  -7.6010681e-01
  -8.1100000e+00  -7.7324920e-01
  -8.1000000e+00  -7.8576517e-01
  -8.0900000e+00  -7.9764539e-01
  -8.0800000e+00  -8.0888105e-01
  -8.0700000e+00  -8.1946387e-01
  -8.0600000e+00  -8.2938614e-01
  -8.0500000e+00  -8.3864072e-01
  -8.0400000e+00  -8.4722098e-01
  -8.0300000e+00  -8.5512089e-01
  -8.0200000e+00  -8.6233496e-01
  -8.0100000e+00  -8.6885828e-01
  -8.0000000e+00  -8.7468651e-01
  -7.9900000e+00  -8.7981586e-01
  -7.9800000e+00  -8.8424312e-01
  -7.9700000e+00  -8.8796565e-01
  -7.9600000e+00  -8.9098139e-01
  -7.9500000e+00  -8.9328882e-01
  -7.9400000e+00  -8.9488703e-01
  -7.9300000e+00  -8.9577564e-01
  -7.9200000e+00  -8.9595485e-01
  -7.9100000e+00  -8.9542543e-01
  -7.9000000e+00  -8.9418870e-01
  -7.8900000e+00  -8.9224654e-01
  -7.8800000e+00  -8.8960139e-01
  -7.8700000e+00  -8.8625622e-01
  -7.8600000e+00  -8.8221457e-01
  -7.8500000e+00  -8.7748050e-01
  -7.8400000e+00  -8.7205862e-01
  -7.8300000e+00  -8.6595405e-01
  -7.8200000e+00  -8.5917246e-01
  -7.8100000e+00  -8.5172001e-01
  -7.8000000e+00  -8.4360337e-01
  -7.7900000e+00  -8.3482975e-01
  -7.7800000e+00  -8.2540680e-01
  -7.7700000e+00  -8.1534270e-01
  -7.7600000e+00  -8.0464608e-01
  -7.7500000e+00  -7.9332606e-01
  -7.7400000e+00  -7.8139221e-01
  -7.7300000e+00  -7.6885456e-01
  -7.7200000e+00  -7.5572357e-01
  -7.7100000e+00  -7.4201014e-01
  -7.7000000e+00  -7.2772558e-01
  -7.6900000e+00  -7.1288164e-01
  -7.6800000e+00  -6.9749043e-01
  -7.6700000e+00  -6.8156449e-01
  -7.6600000e+00  -6.6511671e-01
  -7.6500000e+00  -6.4816036e-01
  -7.6400000e+00  -6.3070905e-01
  -7.6300000e+00  -6.1277676e-01
  -7.6200000e+00  -5.9437778e-01
  -7.6100000e+00  -5.7552673e-01
  -7.6000000e+00  -5.5623851e-01
  -7.5900000e+00  -5.3652836e-01
  -7.5800000e+00  -5.1641176e-01
  -7.5700000e+00  -4.9590447e-01
  -7.5600000e+00  -4.7502252e-01
  -7.5500000e+00  -4.5378215e-01
  -7.5400000e+00  -4.3219986e-01
  -7.5300000e+00  -4.1029235e-01
  -7.5200000e+00  -3.8807651e-01
  -7.5100000e+00  -3.6556943e-01
  -7.5000000e+00  -3.4278838e-01
  -7.4900000e+00  -3.1975077e-01
  -7.4800000e+00  -2.9647418e-01
  -7.4700000e+00  -2.7297629e-01
  -7.4600000e+00  -2.4927493e-01
  -7.4500000e+00  -2.2538801e-01
  -7.4400000e+00  -2.0133354e-01
  -7.4300000e+00  -1.7712961e-01
  -7.4200000e+00  -1.5279436e-01
  -7.4100000e+00  -1.2834600e-01
  -7.4000000e+00  -1.0380274e-01
  -7.3900000e+00  -7.9182843e-02
  -7.3800000e+00  -5.4504564e-02
  -7.3700000e+00  -2.9786151e-02
  -7.3600000e+00  -5.0458332e-03
  -7.3500000e+00   1.9698193e-02
  -7.3400000e+00   4.4427781e-02
  -7.3300000e+00   6.9124842e-02
  -7.3200000e+00   9.3771366e-02
  -7.3100000e+00   1.1834942e-01
  -7.3000000e+00   1.4284119e-01
  -7.2900000e+00   1.6722896e-01
  -7.2800000e+00   1.9149513e-01
  -7.2700000e+00   2.1562226e-01
  -7.2600000e+00   2.3959305e-01
  -7.2500000e+00   2.6339036e-01
  -7.2400000e+00   2.8699723e-01
  -7.2300000e+00   3.1039688e-01
  -7.2200000e+00   3.3357272e-01
  -7.2100000e+00   3.5650840e-01
  -7.2000000e+00   3.7918775e-01
  -7.1900000e+00   4.0159486e-01
  -7.1800000e+00   4.2371404e-01
  -7.1700000e+00   4.4552987e-01
  -7.1600000e+00   4.6702718e-01
  -7.1500000e+00   4.8819108e-01
  -7.1400000e+00   5.0900695e-01
  -7.1300000e+00   5.2946048e-01
  -7.1200000e+00   5.4953763e-01
  -7.1100000e+00   5.6922471e-01
  -7.1000000e+00   5.8850830e-01
  -7.0900000e+00   6.0737534e-01
  -7.0800000e+00   6.2581310e-01
  -7.0700000e+00   6.4380918e-01
  -7.0600000e+00   6.6135153e-01
  -7.0500000e+00   6.7842846e-01
  -7.0400000e+00   6.9502865e-01
  -7.0300000e+00   7.1114113e-01
  -7.0200000e+00   7.2675534e-01
  -7.0100000e+00   7.4186105e-01
  -7.0000000e+00   7.5644847e-01
  -6.9900000e+00   7.7050816e-01
  -6.9800000e+00   7.8403111e-01
  -6.9700000e+00   7.9700869e-01
  -6.9600000e+00   8.0943269e-01
  -6.9500000e+00   8.2129530e-01
  -6.9400000e+00   8.3258914e-01
  -6.9300000e+00   8.4330722e-01
  -6.9200000e+00   8.5344300e-01
  -6.9100000e+00   8.6299034e-01
  -6.9000000e+00   8.7194355e-01
  -6.8900000e+00   8.8029735e-01
  -6.8800000e+00   8.8804689e-01
  -6.8700000e+00   8.9518775e-01
  -6.8600000e+00   9.0171597e-01
  -6.8500000e+00   9.0762798e-01
  -6.8400000e+00   9.1292067e-01
  -6.8300000e+00   9.1759137e-01
  -6.8200000e+00   9.2163783e-01
  -6.8100000e+00   9.2505823e-01
  -6.8000000e+00   9.2785119e-01
  -6.7900000e+00   9.3001577e-01
  -6.7800000e+00   9.3155145e-01
  -6.7700000e+00   9.3245814e-01
  -6.7600000e+00   9.3273618e-01
  -6.7500000e+00   9.3238634e-01
  -6.7400000e+00   9.3140980e-01
  -6.7300000e+00   9.2980817e-01
  -6.7200000e+00   9.2758348e-01
  -6.7100000e+00   9.2473816e-01
  -6.7000000e+00   9.2127506e-01
  -6.6900000e+00   9.1719743e-01
  -6.6800000e+00   9.1250894e-01
  -6.6700000e+00   9.0721364e-01
  -6.6600000e+00   9.0131597e-01
  -6.6500000e+00   8.9482077e-01
  -6.6400000e+00   8.8773327e-01
  -6.6300000e+00   8.8005905e-01
  -6.6200000e+00   8.7180411e-01
  -6.6100000e+00   8.6297476e-01
  -6.6000000e+00   8.5357771e-01
  -6.5900000e+00   8.4362003e-01
  -6.5800000e+00   8.3310910e-01
  -6.5700000e+00   8.2205267e-01
  -6.5600000e+00   8.1045883e-01
  -6.5500000e+00   7.9833599e-01
  -6.5400000e+00   7.8569286e-01
  -6.5300000e+00   7.7253851e-01
  -6.5200000e+00   7.5888227e-01
  -6.5100000e+00   7.4473380e-01
  -6.5000000e+00   7.3010303e-01
  -6.4900000e+00   7.1500019e-01
  -6.4800000e+00   6.9943577e-01
  -6.4700000e+00   6.8342055e-01
  -6.4600000e+00   6.6696553e-01
  -6.4500000e+00   6.5008200e-01
  -6.4400000e+00   6.3278146e-01
  -6.4300000e+00   6.1507567e-01
  -6.4200000e+00   5.9697659e-01
  -6.4100000e+00   5.7849641e-01
  -6.4000000e+00   5.5964751e-01
  -6.3900000e+00   5.4044249e-01
  -6.3800000e+00   5.2089412e-01
  -6.3700000e+00   5.0101536e-01
  -6.3600000e+00   4.8081932e-01
  -6.3500000e+00   4.6031928e-01
  -6.3400000e+00   4.3952869e-01
  -6.3300000e+00   4.1846111e-01
  -6.3200000e+00   3.9713026e-01
  -6.3100000e+00   3.7554995e-01
  -6.3000000e+00   3.5373413e-01
  -6.2900000e+00   3.3169685e-01
  -6.2800000e+00   3.0945224e-01
  -6.2700000e+00   2.8701452e-01
  -6.2600000e+00   2.6439799e-01
  -6.2500000e+00   2.4161701e-01
  -6.2400000e+00   2.1868599e-01
  -6.2300000e+00   1.9561941e-01
  -6.2200000e+00   1.7243176e-01
  -6.2100000e+00   1.4913756e-01
  -6.2000000e+00   1.2575138e-01
  -6.1900000e+00   1.0228775e-01
  -6.1800000e+00   7.8761228e-02
  -6.1700000e+00   5.5186368e-02
  -6.1600000e+00   3.1577690e-02
  -6.1500000e+00   7.9496929e-03
  -6.1400000e+00  -1.5683163e-02
  -6.1300000e+00  -3.9306462e-02
  -6.1200000e+00  -6.2905843e-02
  -6.1100000e+00  -8.6467009e-02
  -6.1000000e+00  -1.0997573e-01
  -6.0900000e+00  -1.3341787e-01
  -6.0800000e+00  -1.5677937e-01
  -6.0700000e+00  -1.8004625e-01
  -6.0600000e+00  -2.0320469e-01
  -6.0500000e+00  -2.2624092e-01
  -6.0400000e+00  -2.4914133e-01
  -6.0300000e+00  -2.7189242e-01
  -6.0200000e+00  -2.9448085e-01
  -6.0100000e+00  -3.1689340e-01
  -6.0000000e+00  -3.3911702e-01
  -5.9900000e+00  -3.6113879e-01
  -5.9800000e+00  -3.8294599e-01
  -5.9700000e+00  -4.0452606e-01
  -5.9600000e+00  -4.2586660e-01
  -5.9500000e+00  -4.4695544e-01
  -5.9400000e+00  -4.6778055e-01
  -5.9300000e+00  -4.8833014e-01
  -5.9200000e+00  -5.0859261e-01
  -5.9100000e+00  -5.2855656e-01
  -5.9000000e+00  -5.4821083e-01
  -5.8900000e+00  -5.6754447e-01
  -5.8800000e+00  -5.8654676e-01
  -5.8700000e+00  -6.0520720e-01
  -5.8600000e+00  -6.2351555e-01
  -5.8500000e+00  -6.4146180e-01
  -5.8400000e+00  -6.5903619e-01
  -5.8300000e+00  -6.7622921e-01
  -5.8200000e+00  -6.9303162e-01
  -5.8100000e+00  -7.0943442e-01
  -5.8000000e+00  -7.2542890e-01
  -5.7900000e+00  -7.4100659e-01
  -5.7800000e+00  -7.5615932e-01
  -5.7700000e+00  -7.7087917e-01
  -5.7600000e+00  -7.8515852e-01
  -5.7500000e+00  -7.9899002e-01
  -5.7400000e+00  -8.1236660e-01
  -5.7300000e+00  -8.2528150e-01
  -5.7200000e+00  -8.3772823e-01
  -5.7100000e+00  -8.4970060e-01
  -5.7000000e+00  -8.6119270e-01
  -5.6900000e+00  -8.7219893e-01
  -5.6800000e+00  -8.8271400e-01
  -5.6700000e+00  -8.9273289e-01
  -5.6600000e+00  -9.0225089e-01
  -5.6500000e+00  -9.1126361e-01
  -5.6400000e+00  -9.1976694e-01
  -5.6300000e+00  -9.2775708e-01
  -5.6200000e+00  -9.3523053e-01
  -5.6100000e+00  -9.4218412e-01
  -5.6000000e+00  -9.4861494e-01
  -5.5900000e+00  -9.5452041e-01
  -5.5800000e+00  -9.5989826e-01
  -5.5700000e+00  -9.6474652e-01
  -5.5600000e+00  -9.6906350e-01
  -5.5500000e+00  -9.7284784e-01
  -5.5400000e+00  -9.7609847e-01
  -5.5300000e+00  -9.7881462e-01
  -5.5200000e+00  -9.8099583e-01
  -5.5100000e+00  -9.8264191e-01
  -5.5000000e+00  -9.8375300e-01
  -5.4900000e+00  -9.8432951e-01
  -5.4800000e+00  -9.8437216e-01
  -5.4700000e+00  -9.8388194e-01
  -5.4600000e+00  -9.8286015e-01
  -5.4500000e+00  -9.8130836e-01
  -5.4400000e+00  -9.7922844e-01
  -5.4300000e+00  -9.7662251e-01
  -5.4200000e+00  -9.7349300e-01
  -5.4100000e+00  -9.6984260e-01
  -5.4000000e+00  -9.6567428e-01
  -5.3900000e+00  -9.6099126e-01
  -5.3800000e+00  -9.5579706e-01
  -5.3700000e+00  -9.5009541e-01
  -5.3600000e+00  -9.4389036e-01
  -5.3500000e+00  -9.3718616e-01
  -5.3400000e+00  -9.2998734e-01
  -5.3300000e+00  -9.2229867e-01
  -5.3200000e+00  -9.1412517e-01
  -5.3100000e+00  -9.0547209e-01
  -5.3000000e+00  -8.9634490e-01
  -5.2900000e+00  -8.8674934e-01
  -5.2800000e+00  -8.7669133e-01
  -5.2700000e+00  -8.6617705e-01
  -5.2600000e+00  -8.5521286e-01
  -5.2500000e+00  -8.4380537e-01
  -5.2400000e+00  -8.3196135e-01
  -5.2300000e+00  -8.1968782e-01
  -5.2200000e+00  -8.0699197e-01
  -5.2100000e+00  -7.9388118e-01
  -5.2000000e+00  -7.8036303e-01
  -5.1900000e+00  -7.6644526e-01
  -5.1800000e+00  -7.5213582e-01
  -5.1700000e+00  -7.3744279e-01
  -5.1600000e+00  -7.2237446e-01
  -5.1500000e+00  -7.0693923e-01
  -5.1400000e+00  -6.9114571e-01
  -5.1300000e+00  -6.7500260e-01
  -5.1200000e+00  -6.5851879e-01
  -5.1100000e+00  -6.4170329e-01
  -5.1000000e+00  -6.2456525e-01
  -5.0900000e+00  -6.0711392e-01
  -5.0800000e+00  -5.8935871e-01
  -5.0700000e+00  -5.7130912e-01
  -5.0600000e+00  -5.5297476e-01
  -5.0500000e+00  -5.3436536e-01
  -5.0400000e+00  -5.1549074e-01
  -5.0300000e+00  -4.9636079e-01
  -5.0200000e+00  -4.7698553e-01
  -5.0100000e+00  -4.5737503e-01
  -5.0000000e+00  -4.3753943e-01
  -4.9900000e+00  -4.1748897e-01
  -4.9800000e+00  -3.9723393e-01
  -4.9700000e+00  -3.7678466e-01
  -4.9600000e+00  -3.5615154e-01
  -4.9500000e+00  -3.3534503e-01
  -4.9400000e+00  -3.1437560e-01
  -4.9300000e+00  -2.9325377e-01
  -4.9200000e+00  -2.7199009e-01
  -4.9100000e+00  -2.5059514e-01
  -4.9000000e+00  -2.2907951e-01
  -4.8900000e+00  -2.0745379e-01
  -4.8800000e+00  -1.8572860e-01
  -4.8700000e+00  -1.6391455e-01
  -4.8600000e+00  -1.4202226e-01
  -4.8500000e+00  -1.2006231e-01
  -4.8400000e+00  -9.8045301e-02
  -4.8300000e+00  -7.5981797e-02
  -4.8200000e+00  -5.3882340e-02
  -4.8100000e+00  -3.1757444e-02
  -4.8000000e+00  -9.6175857e-03
  -4.7900000e+00   1.2526796e-02
  -4.7800000e+00   3.4665309e-02
  -4.7700000e+00   5.6787607e-02
  -4.7600000e+00   7.8883403e-02
  -4.7500000e+00   1.0094247e-01
  -4.7400000e+00   1.2295463e-01
  -4.7300000e+00   1.4490980e-01
  -4.7200000e+00   1.6679795e-01
  -4.7100000e+00   1.8860913e-01
  -4.7000000e+00   2.1033347e-01
  -4.6900000e+00   2.3196121e-01
  -4.6800000e+00   2.5348265e-01
  -4.6700000e+00   2.7488820e-01
  -4.6600000e+00   2.9616836e-01
  -4.6500000e+00   3.1731374e-01
  -4.6400000e+00   3.3831505e-01
  -4.6300000e+00   3.5916313e-01
  -4.6200000e+00   3.7984891e-01
  -4.6100000e+00   4.0036345e-01
  -4.6000000e+00   4.2069792e-01
  -4.5900000e+00   4.4084363e-01
  -4.5800000e+00   4.6079200e-01
  -4.5700000e+00   4.8053461e-01
  -4.5600000e+00   5.0006314e-01
  -4.5500000e+00   5.1936944e-01
  -4.5400000e+00   5.3844547e-01
  -4.5300000e+00   5.5728335e-01
  -4.5200000e+00   5.7587535e-01
  -4.5100000e+00   5.9421387e-01
  -4.5000000e+00   6.1229149e-01
  -4.4900000e+00   6.3010092e-01
  -4.4800000e+00   6.4763503e-01
  -4.4700000e+00   6.6488685e-01
  -4.4600000e+00   6.8184958e-01
  -4.4500000e+00   6.9851657e-01
  -4.4400000e+00   7.1488134e-01
  -4.4300000e+00   7.3093758e-01
  -4.4200000e+00   7.4667913e-01
  -4.4100000e+00   7.6210004e-01
  -4.4000000e+00   7.7719448e-01
  -4.3900000e+00   7.9195683e-01
  -4.3800000e+00   8.0638163e-01
  -4.3700000e+00   8.2046360e-01
  -4.3600000e+00   8.3419764e-01
  -4.3500000e+00   8.4757881e-01
  -4.3400000e+00   8.6060237e-01
  -4.3300000e+00   8.7326375e-01
  -4.3200000e+00   8.8555856e-01
  -4.3100000e+00   8.9748260e-01
  -4.3000000e+00   9.0903183e-01
  -4.2900000e+00   9.2020242e-01
  -4.2800000e+00   9.3099071e-01
  -4.2700000e+00   9.4139321e-01
  -4.2600000e+00   9.5140663e-01
  -4.2500000e+00   9.6102786e-01
  -4.2400000e+00   9.7025398e-01
  -4.2300000e+00   9.7908224e-01
  -4.2200000e+00   9.8751007e-01
  -4.2100000e+00   9.9553510e-01
  -4.2000000e+00   1.0031551e+00
  -4.1900000e+00   1.0103682e+00
  -4.1800000e+00   1.0171723e+00
  -4.1700000e+00   1.0235660e+00
  -4.1600000e+00   1.0295477e+00
  -4.1500000e+00   1.0351162e+00
  -4.1400000e+00   1.0402703e+00
  -4.1300000e+00   1.0450090e+00
  -4.1200000e+00   1.0493318e+00
  -4.1100000e+00   1.0532379e+00
  -4.1000000e+00   1.0567269e+00
  -4.0900000e+00   1.0597986e+00
  -4.0800000e+00   1.0624531e+00
  -4.0700000e+00   1.0646902e+00
  -4.0600000e+00   1.0665105e+00
  -4.0500000e+00   1.0679142e+00
  -4.0400000e+00   1.0689021e+00
  -4.0300000e+00   1.0694748e+00
  -4.0200000e+00   1.0696334e+00
  -4.0100000e+00   1.0693790e+00
  -4.0000000e+00   1.0687127e+00
  -3.9900000e+00   1.0676361e+00
  -3.9800000e+00   1.0661508e+00
  -3.9700000e+00   1.0642584e+00
  -3.9600000e+00   1.0619608e+00
  -3.9500000e+00   1.0592601e+00
  -3.9400000e+00   1.0561585e+00
  -3.9300000e+00   1.0526582e+00
  -3.9200000e+00   1.0487619e+00
  -3.9100000e+00   1.0444720e+00
  -3.9000000e+00   1.0397914e+00
  -3.8900000e+00   1.0347229e+00
  -3.8800000e+00   1.0292696e+00
  -3.8700000e+00   1.0234347e+00
  -3.8600000e+00   1.0172213e+00
  -3.8500000e+00   1.0106330e+00
  -3.8400000e+00   1.0036732e+00
  -3.8300000e+00   9.9634575e-01
  -3.8200000e+00   9.8865428e-01
  -3.8100000e+00   9.8060274e-01
  -3.8000000e+00   9.7219514e-01
  -3.7900000e+00   9.6343561e-01
  -3.7800000e+00   9.5432838e-01
  -3.7700000e+00   9.4487781e-01
  -3.7600000e+00   9.3508832e-01
  -3.7500000e+00   9.2496448e-01
  -3.7400000e+00   9.1451092e-01
  -3.7300000e+00   9.0373238e-01
  -3.7200000e+00   8.9263370e-01
  -3.7100000e+00   8.8121981e-01
  -3.7000000e+00   8.6949570e-01
  -3.6900000e+00   8.5746648e-01
  -3.6800000e+00   8.4513732e-01
  -3.6700000e+00   8.3251347e-01
  -3.6600000e+00   8.1960026e-01
  -3.6500000e+00   8.0640309e-01
  -3.6400000e+00   7.9292743e-01
  -3.6300000e+00   7.7917883e-01
  -3.6200000e+00   7.6516289e-01
  -3.6100000e+00   7.5088526e-01
  -3.6000000e+00   7.3635167e-01
  -3.5900000e+00   7.2156790e-01
  -3.5800000e+00   7.0653979e-01
  -3.5700000e+00   6.9127320e-01
  -3.5600000e+00   6.7577407e-01
  -3.5500000e+00   6.6004837e-01
  -3.5400000e+00   6.4410212e-01
  -3.5300000e+00   6.2794136e-01
  -3.5200000e+00   6.1157218e-01
  -3.5100000e+00   5.9500071e-01
  -3.5000000e+00   5.7823309e-01
  -3.4900000e+00   5.6127551e-01
  -3.4800000e+00   5.4413417e-01
  -3.4700000e+00   5.2681529e-01
  -3.4600000e+00   5.0932512e-01
  -3.4500000e+00   4.9166993e-01
  -3.4400000e+00   4.7385598e-01
  -3.4300000e+00   4.5588957e-01
  -3.4200000e+00   4.3777699e-01
  -3.4100000e+00   4.1952455e-01
  -3.4000000e+00   4.0113856e-01
  -3.3900000e+00   3.8262532e-01
  -3.3800000e+00   3.6399113e-01
  -3.3700000e+00   3.4524231e-01
  -3.3600000e+00   3.2638516e-01
  -3.3500000e+00   3.0742595e-01
  -3.3400000e+00   2.8837097e-01
  -3.3300000e+00   2.6922648e-01
  -3.3200000e+00   2.4999874e-01
  -3.3100000e+00   2.3069397e-01
  -3.3000000e+00   2.1131839e-01
  -3.2900000e+00   1.9187818e-01
  -3.2800000e+00   1.7237951e-01
  -3.2700000e+00   1.5282852e-01
  -3.2600000e+00   1.3323131e-01
  -3.2500000e+00   1.1359397e-01
  -3.2400000e+00   9.3922545e-02
  -3.2300000e+00   7.4223039e-02
  -3.2200000e+00   5.4501428e-02
  -3.2100000e+00   3.4763648e-02
  -3.2000000e+00   1.5015594e-02
  -3.1900000e+00  -4.7368840e-03
  -3.1800000e+00  -2.4487977e-02
  -3.1700000e+00  -4.4231923e-02
  -3.1600000e+00  -6.3963010e-02
  -3.1500000e+00  -8.3675572e-02
  -3.1400000e+00  -1.0336400e-01
  -3.1300000e+00  -1.2302273e-01
  -3.1200000e+00  -1.4264625e-01
  -3.1100000e+00  -1.6222913e-01
  -3.1000000e+00  -1.8176595e-01
  -3.0900000e+00  -2.0125140e-01
  -3.0800000e+00  -2.2068020e-01
  -3.0700000e+00  -2.4004714e-01
  -3.0600000e+00  -2.5934706e-01
  -3.0500000e+00  -2.7857489e-01
  -3.0400000e+00  -2.9772560e-01
  -3.0300000e+00  -3.1679425e-01
  -3.0200000e+00  -3.3577594e-01
  -3.0100000e+00  -3.5466587e-01
  -3.0000000e+00  -3.7345929e-01
  -2.9900000e+00  -3.9215152e-01
  -2.9800000e+00  -4.1073796e-01
  -2.9700000e+00  -4.2921409e-01
  -2.9600000e+00  -4.4757545e-01
  -2.9500000e+00  -4.6581765e-01
  -2.9400000e+00  -4.8393641e-01
  -2.9300000e+00  -5.0192748e-01
  -2.9200000e+00  -5.1978671e-01
  -2.9100000e+00  -5.3751005e-01
  -2.9000000e+00  -5.5509348e-01
  -2.8900000e+00  -5.7253310e-01
  -2.8800000e+00  -5.8982507e-01
  -2.8700000e+00  -6.0696564e-01
  -2.8600000e+00  -6.2395113e-01
  -2.8500000e+00  -6.4077796e-01
  -2.8400000e+00  -6.5744261e-01
  -2.8300000e+00  -6.7394165e-01
  -2.8200000e+00  -6.9027174e-01
  -2.8100000e+00  -7.0642962e-01
  -2.8000000e+00  -7.2241211e-01
  -2.7900000e+00  -7.3821611e-01
  -2.7800000e+00  -7.5383862e-01
  -2.7700000e+00  -7.6927669e-01
  -2.7600000e+00  -7.8452750e-01
  -2.7500000e+00  -7.9958827e-01
  -2.7400000e+00  -8.1445634e-01
  -2.7300000e+00  -8.2912911e-01
  -2.7200000e+00  -8.4360408e-01
  -2.7100000e+00  -8.5787882e-01
  -2.7000000e+00  -8.7195100e-01
  -2.6900000e+00  -8.8581835e-01
  -2.6800000e+00  -8.9947871e-01
  -2.6700000e+00  -9.1292999e-01
  -2.6600000e+00  -9.2617020e-01
  -2.6500000e+00  -9.3919740e-01
  -2.6400000e+00  -9.5200976e-01
  -2.6300000e+00  -9.6460553e-01
  -2.6200000e+00  -9.7698303e-01
  -2.6100000e+00  -9.8914069e-01
  -2.6000000e+00  -1.0010770e+00
  -2.5900000e+00  -1.0127905e+00
  -2.5800000e+00  -1.0242799e+00
  -2.5700000e+00  -1.0355438e+00
  -2.5600000e+00  -1.0465812e+00
  -2.5500000e+00  -1.0573910e+00
  -2.5400000e+00  -1.0679720e+00
  -2.5300000e+00  -1.0783233e+00
  -2.5200000e+00  -1.0884442e+00
  -2.5100000e+00  -1.0983337e+00
  -2.5000000e+00  -1.1079912e+00
  -2.4900000e+00  -1.1174160e+00
  -2.4800000e+00  -1.1266076e+00
  -2.4700000e+00  -1.1355654e+00
  -2.4600000e+00  -1.1442892e+00
  -2.4500000e+00  -1.1527784e+00
  -2.4400000e+00  -1.1610330e+00
  -2.4300000e+00  -1.1690525e+00
  -2.4200000e+00  -1.1768371e+00
  -2.4100000e+00  -1.1843865e+00
  -2.4000000e+00  -1.1917008e+00
  -2.3900000e+00  -1.1987801e+00
  -2.3800000e+00  -1.2056246e+00
  -2.3700000e+00  -1.2122344e+00
  -2.3600000e+00  -1.2186099e+00
  -2.3500000e+00  -1.2247513e+00
  -2.3400000e+00  -1.2306592e+00
  -2.3300000e+00  -1.2363340e+00
  -2.3200000e+00  -1.2417762e+00
  -2.3100000e+00  -1.2469864e+00
  -2.3000000e+00  -1.2519654e+00
  -2.2900000e+00  -1.2567138e+00
  -2.2800000e+00  -1.2612324e+00
  -2.2700000e+00  -1.2655220e+00
  -2.2600000e+00  -1.2695837e+00
  -2.2500000e+00  -1.2734182e+00
  -2.2400000e+00  -1.2770266e+00
  -2.2300000e+00  -1.2804101e+00
  -2.2200000e+00  -1.2835696e+00
  -2.2100000e+00  -1.2865064e+00
  -2.2000000e+00  -1.2892217e+00
  -2.1900000e+00  -1.2917168e+00
  -2.1800000e+00  -1.2939929e+00
  -2.1700000e+00  -1.2960515e+00
  -2.1600000e+00  -1.2978940e+00
  -2.1500000e+00  -1.2995217e+00
  -2.1400000e+00  -1.3009363e+00
  -2.1300000e+00  -1.3021393e+00
  -2.1200000e+00  -1.3031322e+00
  -2.1100000e+00  -1.3039168e+00
  -2.1000000e+00  -1.3044946e+00
  -2.0900000e+00  -1.3048673e+00
  -2.0800000e+00  -1.3050369e+00
  -2.0700000e+00  -1.3050049e+00
  -2.0600000e+00  -1.3047733e+00
  -2.0500000e+00  -1.3043439e+00
  -2.0400000e+00  -1.3037186e+00
  -2.0300000e+00  -1.3028993e+00
  -2.0200000e+00  -1.3018881e+00
  -2.0100000e+00  -1.3006868e+00
  -2.0000000e+00  -1.2992975e+00
  -1.9900000e+00  -1.2977223e+00
  -1.9800000e+00  -1.2959633e+00
  -1.9700000e+00  -1.2940225e+00
  -1.9600000e+00  -1.2919020e+00
  -1.9500000e+00  -1.2896041e+00
  -1.9400000e+00  -1.2871309e+00
  -1.9300000e+00  -1.2844847e+00
  -1.9200000e+00  -1.2816676e+00
  -1.9100000e+00  -1.2786819e+00
  -1.9000000e+00  -1.2755298e+00
  -1.8900000e+00  -1.2722138e+00
  -1.8800000e+00  -1.2687359e+00
  -1.8700000e+00  -1.2650987e+00
  -1.8600000e+00  -1.2613044e+00
  -1.8500000e+00  -1.2573554e+00
  -1.8400000e+00  -1.2532540e+00
  -1.8300000e+00  -1.2490027e+00
  -1.8200000e+00  -1.2446037e+00
  -1.8100000e+00  -1.2400596e+00
  -1.8000000e+00  -1.2353728e+00
  -1.7900000e+00  -1.2305456e+00
  -1.7800000e+00  -1.2255806e+00
  -1.7700000e+00  -1.2204801e+00
  -1.7600000e+00  -1.2152466e+00
  -1.7500000e+00  -1.2098826e+00
  -1.7400000e+00  -1.2043905e+00
  -1.7300000e+00  -1.1987728e+00
  -1.7200000e+00  -1.1930319e+00
  -1.7100000e+00  -1.1871704e+00
  -1.7000000e+00  -1.1811907e+00
  -1.6900000e+00  -1.1750954e+00
  -1.6800000e+00  -1.1688867e+00
  -1.6700000e+00  -1.1625674e+00
  -1.6600000e+00  -1.1561397e+00
  -1.6500000e+00  -1.1496063e+00
  -1.6400000e+00  -1.1429695e+00
  -1.6300000e+00  -1.1362319e+00
  -1.6200000e+00  -1.1293959e+00
  -1.6100000e+00  -1.1224640e+00
  -1.6000000e+00  -1.1154386e+00
  -1.5900000e+00  -1.1083222e+00
  -1.5800000e+00  -1.1011172e+00
  -1.5700000e+00  -1.0938260e+00
  -1.5600000e+00  -1.0864512e+00
  -1.5500000e+00  -1.0789950e+00
  -1.5400000e+00  -1.0714600e+00
  -1.5300000e+00  -1.0638485e+00
  -1.5200000e+00  -1.0561629e+00
  -1.5100000e+00  -1.0484057e+00
  -1.5000000e+00  -1.0405790e+00
  -1.4900000e+00  -1.0326854e+00
  -1.4800000e+00  -1.0247272e+00
  -1.4700000e+00  -1.0167066e+00
  -1.4600000e+00  -1.0086260e+00
  -1.4500000e+00  -1.0004878e+00
  -1.4400000e+00  -9.9229415e-01
  -1.4300000e+00  -9.8404738e-01
  -1.4200000e+00  -9.7574974e-01
  -1.4100000e+00  -9.6740348e-01
  -1.4000000e+00  -9.5901080e-01
  -1.3900000e+00  -9.5057394e-01
  -1.3800000e+00  -9.4209507e-01
  -1.3700000e+00  -9.3357637e-01
  -1.3600000e+00  -9.2501999e-01
  -1.3500000e+00  -9.1642807e-01
  -1.3400000e+00  -9.0780273e-01
  -1.3300000e+00  -8.9914607e-01
  -1.3200000e+00  -8.9046016e-01
  -1.3100000e+00  -8.8174707e-01
  -1.3000000e+00  -8.7300883e-01
  -1.2900000e+00  -8.6424745e-01
  -1.2800000e+00  -8.5546495e-01
  -1.2700000e+00  -8.4666329e-01
  -1.2600000e+00  -8.3784443e-01
  -1.2500000e+00  -8.2901030e-01
  -1.2400000e+00  -8.2016281e-01
  -1.2300000e+00  -8.1130385e-01
  -1.2200000e+00  -8.0243528e-01
  -1.2100000e+00  -7.9355896e-01
  -1.2000000e+00  -7.8467670e-01
  -1.1900000e+00  -7.7579030e-01
  -1.1800000e+00  -7.6690154e-01
  -1.1700000e+00  -7.5801216e-01
  -1.1600000e+00  -7.4912389e-01
  -1.1500000e+00  -7.4023844e-01
  -1.1400000e+00  -7.3135749e-01
  -1.1300000e+00  -7.2248269e-01
  -1.1200000e+00  -7.1361568e-01
  -1.1100000e+00  -7.0475806e-01
  -1.1000000e+00  -6.9591141e-01
  -1.0900000e+00  -6.8707731e-01
  -1.0800000e+00  -6.7825727e-01
  -1.0700000e+00  -6.6945281e-01
  -1.0600000e+00  -6.6066542e-01
  -1.0500000e+00  -6.5189655e-01
  -1.0400000e+00  -6.4314765e-01
  -1.0300000e+00  -6.3442011e-01
  -1.0200000e+00  -6.2571534e-01
  -1.0100000e+00  -6.1703468e-01
  -1.0000000e+00  -6.0837948e-01
  -9.9000000e-01  -5.9975104e-01
  -9.8000000e-01  -5.9115066e-01
  -9.7000000e-01  -5.8257959e-01
  -9.6000000e-01  -5.7403908e-01
  -9.5000000e-01  -5.6553033e-01
  -9.4000000e-01  -5.5705453e-01
  -9.3000000e-01  -5.4861284e-01
  -9.2000000e-01  -5.4020640e-01
  -9.1000000e-01  -5.3183632e-01
  -9.0000000e-01  -5.2350370e-01
  -8.9000000e-01  -5.1520959e-01
  -8.8000000e-01  -5.0695503e-01
  -8.7000000e-01  -4.9874105e-01
  -8.6000000e-01  -4.9056862e-01
  -8.5000000e-01  -4.8243872e-01
  -8.4000000e-01  -4.7435229e-01
  -8.3000000e-01  -4.6631025e-01
  -8.2000000e-01  -4.5831349e-01
  -8.1000000e-01  -4.5036288e-01
  -8.0000000e-01  -4.4245927e-01
  -7.9000000e-01  -4.3460349e-01
  -7.8000000e-01  -4.2679633e-01
  -7.7000000e-01  -4.1903857e-01
  -7.6000000e-01  -4.1133096e-01
  -7.5000000e-01  -4.0367424e-01
  -7.4000000e-01  -3.9606911e-01
  -7.3000000e-01  -3.8851627e-01
  -7.2000000e-01  -3.8101637e-01
  -7.1000000e-01  -3.7357005e-01
  -7.0000000e-01  -3.6617793e-01
  -6.9000000e-01  -3.5884062e-01
  -6.8000000e-01  -3.5155868e-01
  -6.7000000e-01  -3.4433267e-01
  -6.6000000e-01  -3.3716312e-01
  -6.5000000e-01  -3.3005054e-01
  -6.4000000e-01  -3.2299542e-01
  -6.3000000e-01  -3.1599824e-01
  -6.2000000e-01  -3.0905943e-01
  -6.1000000e-01  -3.0217944e-01
  -6.0000000e-01  -2.9535866e-01
  -5.9000000e-01  -2.8859749e-01
  -5.8000000e-01  -2.8189629e-01
  -5.7000000e-01  -2.7525541e-01
  -5.6000000e-01  -2.6867518e-01
  -5.5000000e-01  -2.6215592e-01
  -5.4000000e-01  -2.5569791e-01
  -5.3000000e-01  -2.4930143e-01
  -5.2000000e-01  -2.4296672e-01
  -5.1000000e-01  -2.3669404e-01
  -5.0000000e-01  -2.3048358e-01
  -4.9000000e-01  -2.2433557e-01
  -4.8000000e-01  -2.1825017e-01
  -4.7000000e-01  -2.1222756e-01
  -4.6000000e-01  -2.0626787e-01
  -4.5000000e-01  -2.0037126e-01
  -4.4000000e-01  -1.9453782e-01
  -4.3000000e-01  -1.8876765e-01
  -4.2000000e-01  -1.8306085e-01
  -4.1000000e-01  -1.7741747e-01
  -4.0000000e-01  -1.7183757e-01
  -3.9000000e-01  -1.6632118e-01
  -3.8000000e-01  -1.6086833e-01
  -3.7000000e-01  -1.5547900e-01
  -3.6000000e-01  -1.5015321e-01
  -3.5000000e-01  -1.4489092e-01
  -3.4000000e-01  -1.3969209e-01
  -3.3000000e-01  -1.3455668e-01
  -3.2000000e-01  -1.2948461e-01
  -3.1000000e-01  -1.2447580e-01
  -3.0000000e-01  -1.1953016e-01
  -2.9000000e-01  -1.1464758e-01
  -2.8000000e-01  -1.0982795e-01
  -2.7000000e-01  -1.0507112e-01
  -2.6000000e-01  -1.0037696e-01
  -2.5000000e-01  -9.5745298e-02
  -2.4000000e-01  -9.1175971e-02
  -2.3000000e-01  -8.6668792e-02
  -2.2000000e-01  -8.2223567e-02
  -2.1000000e-01  -7.7840088e-02
  -2.0000000e-01  -7.3518136e-02
  -1.9000000e-01  -6.9257477e-02
  -1.8000000e-01  -6.5057870e-02
  -1.7000000e-01  -6.0919057e-02
  -1.6000000e-01  -5.6840772e-02
  -1.5000000e-01  -5.2822733e-02
  -1.4000000e-01  -4.8864646e-02
  -1.3000000e-01  -4.4966206e-02
  -1.2000000e-01  -4.1127090e-02
  -1.1000000e-01  -3.7346962e-02
  -1.0000000e-01  -3.3625467e-02
  -9.0000000e-02  -2.9962231e-02
  -8.0000000e-02  -2.6356857e-02
  -7.0000000e-02  -2.2808915e-02
  -6.0000000e-02  -1.9317945e-02
  -5.0000000e-02  -1.5883402e-02
  -4.0000000e-02  -1.2504778e-02
  -3.0000000e-02  -9.1807944e-03
  -2.0000000e-02  -5.9134703e-03
  -1.0000000e-02  -2.6785567e-03
   0.0000000e+00   2.1184303e-04
   1.0000000e-02   7.8791638e-04
   2.0000000e-02   1.0512989e-03
   3.0000000e-02   1.3248633e-03
   4.0000000e-02   1.5878452e-03
   5.0000000e-02   1.8441395e-03
   6.0000000e-02   2.0937279e-03
   7.0000000e-02   2.3370618e-03
   8.0000000e-02   2.5743866e-03
   9.0000000e-02   2.8059182e-03
   1.0000000e-01   3.0318310e-03
   1.1000000e-01   3.2522752e-03
   1.2000000e-01   3.4673823e-03
   1.3000000e-01   3.6772699e-03
   1.4000000e-01   3.8820448e-03
   1.5000000e-01   4.0818054e-03
   1.6000000e-01   4.2766434e-03
   1.7000000e-01   4.4666449e-03
   1.8000000e-01   4.6518911e-03
   1.9000000e-01   4.8324599e-03
   2.0000000e-01   5.0084256e-03
   2.1000000e-01   5.1798598e-03
   2.2000000e-01   5.3468318e-03
   2.3000000e-01   5.5094087e-03
   2.4000000e-01   5.6676558e-03
   2.5000000e-01   5.8216369e-03
   2.6000000e-01   5.9714142e-03
   2.7000000e-01   6.1170489e-03
   2.8000000e-01   6.2586008e-03
   2.9000000e-01   6.3961286e-03
   3.0000000e-01   6.5296904e-03
   3.1000000e-01   6.6593431e-03
   3.2000000e-01   6.7851430e-03
   3.3000000e-01   6.9071454e-03
   3.4000000e-01   7.0254053e-03
   3.5000000e-01   7.1399766e-03
   3.6000000e-01   7.2509130e-03
   3.7000000e-01   7.3582674e-03
   3.8000000e-01   7.4620922e-03
   3.9000000e-01   7.5624392e-03
   4.0000000e-01   7.6593599e-03
   4.1000000e-01   7.7529051e-03
   4.2000000e-01   7.8431252e-03
   4.3000000e-01   7.9300703e-03
   4.4000000e-01   8.0137898e-03
   4.5000000e-01   8.0943329e-03
   4.6000000e-01   8.1717482e-03
   4.7000000e-01   8.2460842e-03
   4.8000000e-01   8.3173886e-03
   4.9000000e-01   8.3857089e-03
   5.0000000e-01   8.4510923e-03
   5.1000000e-01   8.5135855e-03
   5.2000000e-01   8.5732348e-03
   5.3000000e-01   8.6300862e-03
   5.4000000e-01   8.6841852e-03
   5.5000000e-01   8.7355771e-03
   5.6000000e-01   8.7843068e-03
   5.7000000e-01   8.8304187e-03
   5.8000000e-01   8.8739569e-03
   5.9000000e-01   8.9149651e-03
   6.0000000e-01   8.9534868e-03
   6.1000000e-01   8.9895650e-03
   6.2000000e-01   9.0232423e-03
   6.3000000e-01   9.0545609e-03
   6.4000000e-01   9.0835628e-03
   6.5000000e-01   9.1102896e-03
   6.6000000e-01   9.1347824e-03
   6.7000000e-01   9.1570821e-03
   6.8000000e-01   9.1772290e-03
   6.9000000e-01   9.1952634e-03
   7.0000000e-01   9.2112249e-03
   7.1000000e-01   9.2251528e-03
   7.2000000e-01   9.2370861e-03
   7.3000000e-01   9.2470636e-03
   7.4000000e-01   9.2551233e-03
   7.5000000e-01   9.2613032e-03
   7.6000000e-01   9.2656408e-03
   7.7000000e-01   9.2681732e-03
   7.8000000e-01   9.2689372e-03
   7.9000000e-01   9.2679692e-03
   8.0000000e-01   9.2653052e-03
   8.1000000e-01   9.2609809e-03
   8.2000000e-01   9.2550314e-03
   8.3000000e-01   9.2474918e-03
   8.4000000e-01   9.2383966e-03
   8.5000000e-01   9.2277799e-03
   8.6000000e-01   9.2156755e-03
   8.7000000e-01   9.2021168e-03
   8.8000000e-01   9.1871369e-03
   8.9000000e-01   9.1707685e-03
   9.0000000e-01   9.1530438e-03
   9.1000000e-01   9.1339947e-03
   9.2000000e-01   9.1136529e-03
   9.3000000e-01   9.0920495e-03
   9.4000000e-01   9.0692152e-03
   9.5000000e-01   9.0451807e-03
   9.6000000e-01   9.0199758e-03
   9.7000000e-01   8.9936304e-03
   9.8000000e-01   8.9661738e-03
   9.9000000e-01   8.9376349e-03
   1.0000000e+00   8.9080423e-03
   1.0100000e+00   8.8774243e-03
   1.0200000e+00   8.8458087e-03
   1.0300000e+00   8.8132230e-03
   1.0400000e+00   8.7796945e-03
   1.0500000e+00   8.7452498e-03
   1.0600000e+00   8.7099153e-03
   1.0700000e+00   8.6737173e-03
   1.0800000e+00   8.6366813e-03
   1.0900000e+00   8.5988326e-03
   1.1000000e+00   8.5601964e-03
   1.1100000e+00   8.5207972e-03
   1.1200000e+00   8.4806593e-03
   1.1300000e+00   8.4398067e-03
   1.1400000e+00   8.3982629e-03
   1.1500000e+00   8.3560512e-03
   1.1600000e+00   8.3131945e-03
   1.1700000e+00   8.2697153e-03
   1.1800000e+00   8.2256358e-03
   1.1900000e+00   8.1809780e-03
   1.2000000e+00   8.1357632e-03
   1.2100000e+00   8.0900129e-03
   1.2200000e+00   8.0437477e-03
   1.2300000e+00   7.9969883e-03
   1.2400000e+00   7.9497548e-03
   1.2500000e+00   7.9020671e-03
   1.2600000e+00   7.8539448e-03
   1.2700000e+00   7.8054071e-03
   1.2800000e+00   7.7564728e-03
   1.2900000e+00   7.7071607e-03
   1.3000000e+00   7.6574889e-03
   1.3100000e+00   7.6074754e-03
   1.3200000e+00   7.5571378e-03
   1.3300000e+00   7.5064936e-03
   1.3400000e+00   7.4555596e-03
   1.3500000e+00   7.4043527e-03
   1.3600000e+00   7.3528893e-03
   1.3700000e+00   7.3011855e-03
   1.3800000e+00   7.2492571e-03
   1.3900000e+00   7.1971196e-03
   1.4000000e+00   7.1447884e-03
   1.4100000e+00   7.0922783e-03
   1.4200000e+00   7.0396040e-03
   1.4300000e+00   6.9867799e-03
   1.4400000e+00   6.9338201e-03
   1.4500000e+00   6.8807385e-03
   1.4600000e+00   6.8275485e-03
   1.4700000e+00   6.7742635e-03
   1.4800000e+00   6.7208965e-03
   1.4900000e+00   6.6674602e-03
   1.5000000e+00   6.6139671e-03
   1.5100000e+00   6.5604293e-03
   1.5200000e+00   6.5068589e-03
   1.5300000e+00   6.4532676e-03
   1.5400000e+00   6.3996667e-03
   1.5500000e+00   6.3460676e-03
   1.5600000e+00   6.2924810e-03
   1.5700000e+00   6.2389178e-03
   1.5800000e+00   6.1853884e-03
   1.5900000e+00   6.1319030e-03
   1.6000000e+00   6.0784716e-03
   1.6100000e+00   6.0251039e-03
   1.6200000e+00   5.9718095e-03
   1.6300000e+00   5.9185976e-03
   1.6400000e+00   5.8654773e-03
   1.6500000e+00   5.8124575e-03
   1.6600000e+00   5.7595467e-03
   1.6700000e+00   5.7067534e-03
   1.6800000e+00   5.6540858e-03
   1.6900000e+00   5.6015517e-03
   1.7000000e+00   5.5491591e-03
   1.7100000e+00   5.4969155e-03
   1.7200000e+00   5.4448281e-03
   1.7300000e+00   5.3929043e-03
   1.7400000e+00   5.3411509e-03
   1.7500000e+00   5.2895747e-03
   1.7600000e+00   5.2381822e-03
   1.7700000e+00   5.1869799e-03
   1.7800000e+00   5.1359740e-03
   1.7900000e+00   5.0851705e-03
   1.8000000e+00   5.0345751e-03
   1.8100000e+00   4.9841936e-03
   1.8200000e+00   4.9340314e-03
   1.8300000e+00   4.8840939e-03
   1.8400000e+00   4.8343861e-03
   1.8500000e+00   4.7849130e-03
   1.8600000e+00   4.7356795e-03
   1.8700000e+00   4.6866901e-03
   1.8800000e+00   4.6379493e-03
   1.8900000e+00   4.5894614e-03
   1.9000000e+00   4.5412307e-03
   1.9100000e+00   4.4932611e-03
   1.9200000e+00   4.4455564e-03
   1.9300000e+00   4.3981204e-03
   1.9400000e+00   4.3509566e-03
   1.9500000e+00   4.3040685e-03
   1.9600000e+00   4.2574593e-03
   1.9700000e+00   4.2111323e-03
   1.9800000e+00   4.1650902e-03
   1.9900000e+00   4.1193362e-03
   2.0000000e+00   4.0738728e-03
   2.0100000e+00   4.0287028e-03
   2.0200000e+00   3.9838285e-03
   2.0300000e+00   3.9392524e-03
   2.0400000e+00   3.8949767e-03
   2.0500000e+00   3.8510036e-03
   2.0600000e+00   3.8073349e-03
   2.0700000e+00   3.7639727e-03
   2.0800000e+00   3.7209187e-03
   2.0900000e+00   3.6781745e-03
   2.1000000e+00   3.6357417e-03
   2.1100000e+00   3.5936218e-03
   2.1200000e+00   3.5518161e-03
   2.1300000e+00   3.5103259e-03
   2.1400000e+00   3.4691523e-03
   2.1500000e+00   3.4282963e-03
   2.1600000e+00   3.3877590e-03
   2.1700000e+00   3.3475411e-03
   2.1800000e+00   3.3076434e-03
   2.1900000e+00   3.2680666e-03
   2.2000000e+00   3.2288114e-03
   2.2100000e+00   3.1898781e-03
   2.2200000e+00   3.1512672e-03
   2.2300000e+00   3.1129790e-03
   2.2400000e+00   3.0750139e-03
   2.2500000e+00   3.0373719e-03
   2.2600000e+00   3.0000532e-03
   2.2700000e+00   2.9630578e-03
   2.2800000e+00   2.9263856e-03
   2.2900000e+00   2.8900366e-03
   2.3000000e+00   2.8540104e-03
   2.3100000e+00   2.8183070e-03
   2.3200000e+00   2.7829259e-03
   2.3300000e+00   2.7478668e-03
   2.3400000e+00   2.7131292e-03
   2.3500000e+00   2.6787125e-03
   2.3600000e+00   2.6446163e-03
   2.3700000e+00   2.6108399e-03
   2.3800000e+00   2.5773825e-03
   2.3900000e+00   2.5442436e-03
   2.4000000e+00   2.5114221e-03
   2.4100000e+00   2.4789174e-03
   2.4200000e+00   2.4467284e-03
   2.4300000e+00   2.4148543e-03
   2.4400000e+00   2.3832941e-03
   2.4500000e+00   2.3520466e-03
   2.4600000e+00   2.3211109e-03
   2.4700000e+00   2.2904857e-03
   2.4800000e+00   2.2601699e-03
   2.4900000e+00   2.2301623e-03
   2.5000000e+00   2.2004616e-03
   2.5100000e+00   2.1710666e-03
   2.5200000e+00   2.1419758e-03
   2.5300000e+00   2.1131879e-03
   2.5400000e+00   2.0847016e-03
   2.5500000e+00   2.0565153e-03
   2.5600000e+00   2.0286276e-03
   2.5700000e+00   2.0010370e-03
   2.5800000e+00   1.9737420e-03
   2.5900000e+00   1.9467409e-03
   2.6000000e+00   1.9200323e-03
   2.6100000e+00   1.8936144e-03
   2.6200000e+00   1.8674857e-03
   2.6300000e+00   1.8416444e-03
   2.6400000e+00   1.8160889e-03
   2.6500000e+00   1.7908175e-03
   2.6600000e+00   1.7658284e-03
   2.6700000e+00   1.7411199e-03
   2.6800000e+00   1.7166901e-03
   2.6900000e+00   1.6925373e-03
   2.7000000e+00   1.6686597e-03
   2.7100000e+00   1.6450554e-03
   2.7200000e+00   1.6217226e-03
   2.7300000e+00   1.5986594e-03
   2.7400000e+00   1.5758639e-03
   2.7500000e+00   1.5533343e-03
   2.7600000e+00   1.5310686e-03
   2.7700000e+00   1.5090649e-03
   2.7800000e+00   1.4873213e-03
   2.7900000e+00   1.4658358e-03
   2.8000000e+00   1.4446065e-03
   2.8100000e+00   1.4236314e-03
   2.8200000e+00   1.4029086e-03
   2.8300000e+00   1.3824360e-03
   2.8400000e+00   1.3622117e-03
   2.8500000e+00   1.3422337e-03
   2.8600000e+00   1.3225000e-03
   2.8700000e+00   1.3030085e-03
   2.8800000e+00   1.2837574e-03
   2.8900000e+00   1.2647445e-03
   2.9000000e+00   1.2459679e-03
   2.9100000e+00   1.2274254e-03
   2.9200000e+00   1.2091152e-03
   2.9300000e+00   1.1910352e-03
   2.9400000e+00   1.1731833e-03
   2.9500000e+00   1.1555576e-03
   2.9600000e+00   1.1381560e-03
   2.9700000e+00   1.1209764e-03
   2.9800000e+00   1.1040170e-03
   2.9900000e+00   1.0872755e-03
   3.0000000e+00   1.0707501e-03
   3.0100000e+00   1.0544386e-03
   3.0200000e+00   1.0383392e-03
   3.0300000e+00   1.0224497e-03
   3.0400000e+00   1.0067682e-03
   3.0500000e+00   9.9129256e-04
   3.0600000e+00   9.7602092e-04
   3.0700000e+00   9.6095123e-04
   3.0800000e+00   9.4608149e-04
   3.0900000e+00   9.3140973e-04
   3.1000000e+00   9.1693395e-04
   3.1100000e+00   9.0265219e-04
   3.1200000e+00   8.8856247e-04
   3.1300000e+00   8.7466284e-04
   3.1400000e+00   8.6095133e-04
   3.1500000e+00   8.4742600e-04
   3.1600000e+00   8.3408492e-04
   3.1700000e+00   8.2092614e-04
   3.1800000e+00   8.0794775e-04
   3.1900000e+00   7.9514783e-04
   3.2000000e+00   7.8252446e-04
   3.2100000e+00   7.7007576e-04
   3.2200000e+00   7.5779984e-04
   3.2300000e+00   7.4569481e-04
   3.2400000e+00   7.3375881e-04
   3.2500000e+00   7.2198997e-04
   3.2600000e+00   7.1038644e-04
   3.2700000e+00   6.9894639e-04
   3.2800000e+00   6.8766799e-04
   3.2900000e+00   6.7654941e-04
   3.3000000e+00   6.6558886e-04
   3.3100000e+00   6.5478452e-04
   3.3200000e+00   6.4413462e-04
   3.3300000e+00   6.3363738e-04
   3.3400000e+00   6.2329104e-04
   3.3500000e+00   6.1309384e-04
   3.3600000e+00   6.0304404e-04
   3.3700000e+00   5.9313992e-04
   3.3800000e+00   5.8337977e-04
   3.3900000e+00   5.7376186e-04
   3.4000000e+00   5.6428452e-04
   3.4100000e+00   5.5494606e-04
   3.4200000e+00   5.4574481e-04
   3.4300000e+00   5.3667912e-04
   3.4400000e+00   5.2774734e-04
   3.4500000e+00   5.1894785e-04
   3.4600000e+00   5.1027902e-04
   3.4700000e+00   5.0173925e-04
   3.4800000e+00   4.9332695e-04
   3.4900000e+00   4.8504053e-04
   3.5000000e+00   4.7687844e-04
   3.5100000e+00   4.6883911e-04
   3.5200000e+00   4.6092100e-04
   3.5300000e+00   4.5312260e-04
   3.5400000e+00   4.4544237e-04
   3.5500000e+00   4.3787882e-04
   3.5600000e+00   4.3043046e-04
   3.5700000e+00   4.2309582e-04
   3.5800000e+00   4.1587343e-04
   3.5900000e+00   4.0876183e-04
   3.6000000e+00   4.0175961e-04
   3.6100000e+00   3.9486532e-04
   3.6200000e+00   3.8807756e-04
   3.6300000e+00   3.8139494e-04
   3.6400000e+00   3.7481607e-04
   3.6500000e+00   3.6833957e-04
   3.6600000e+00   3.6196410e-04
   3.6700000e+00   3.5568830e-04
   3.6800000e+00   3.4951084e-04
   3.6900000e+00   3.4343041e-04
   3.7000000e+00   3.3744570e-04
   3.7100000e+00   3.3155542e-04
   3.7200000e+00   3.2575828e-04
   3.7300000e+00   3.2005302e-04
   3.7400000e+00   3.1443839e-04
   3.7500000e+00   3.0891315e-04
   3.7600000e+00   3.0347606e-04
   3.7700000e+00   2.9812592e-04
   3.7800000e+00   2.9286151e-04
   3.7900000e+00   2.8768166e-04
   3.8000000e+00   2.8258518e-04
   3.8100000e+00   2.7757091e-04
   3.8200000e+00   2.7263769e-04
   3.8300000e+00   2.6778440e-04
   3.8400000e+00   2.6300989e-04
   3.8500000e+00   2.5831306e-04
   3.8600000e+00   2.5369280e-04
   3.8700000e+00   2.4914802e-04
   3.8800000e+00   2.4467765e-04
   3.8900000e+00   2.4028062e-04
   3.9000000e+00   2.3595587e-04
   3.9100000e+00   2.3170237e-04
   3.9200000e+00   2.2751908e-04
   3.9300000e+00   2.2340499e-04
   3.9400000e+00   2.1935909e-04
   3.9500000e+00   2.1538039e-04
   3.9600000e+00   2.1146790e-04
   3.9700000e+00   2.0762066e-04
   3.9800000e+00   2.0383769e-04
   3.9900000e+00   2.0011806e-04
   4.0000000e+00   1.9646083e-04
   4.0100000e+00   1.9286508e-04
   4.0200000e+00   1.8932988e-04
   4.0300000e+00   1.8585434e-04
   4.0400000e+00   1.8243756e-04
   4.0500000e+00   1.7907866e-04
   4.0600000e+00   1.7577678e-04
   4.0700000e+00   1.7253105e-04
   4.0800000e+00   1.6934062e-04
   4.0900000e+00   1.6620465e-04
   4.1000000e+00   1.6312233e-04
   4.1100000e+00   1.6009282e-04
   4.1200000e+00   1.5711533e-04
   4.1300000e+00   1.5418906e-04
   4.1400000e+00   1.5131321e-04
   4.1500000e+00   1.4848702e-04
   4.1600000e+00   1.4570972e-04
   4.1700000e+00   1.4298055e-04
   4.1800000e+00   1.4029877e-04
   4.1900000e+00   1.3766363e-04
   4.2000000e+00   1.3507442e-04
   4.2100000e+00   1.3253042e-04
   4.2200000e+00   1.3003090e-04
   4.2300000e+00   1.2757519e-04
   4.2400000e+00   1.2516259e-04
   4.2500000e+00   1.2279242e-04
   4.2600000e+00   1.2046400e-04
   4.2700000e+00   1.1817668e-04
   4.2800000e+00   1.1592981e-04
   4.2900000e+00   1.1372273e-04
   4.3000000e+00   1.1155483e-04
   4.3100000e+00   1.0942546e-04
   4.3200000e+00   1.0733401e-04
   4.3300000e+00   1.0527987e-04
   4.3400000e+00   1.0326245e-04
   4.3500000e+00   1.0128115e-04
   4.3600000e+00   9.9335379e-05
   4.3700000e+00   9.7424570e-05
   4.3800000e+00   9.5548153e-05
   4.3900000e+00   9.3705569e-05
   4.4000000e+00   9.1896265e-05
   4.4100000e+00   9.0119698e-05
   4.4200000e+00   8.8375332e-05
   4.4300000e+00   8.6662637e-05
   4.4400000e+00   8.4981094e-05
   4.4500000e+00   8.3330190e-05
   4.4600000e+00   8.1709418e-05
   4.4700000e+00   8.0118279e-05
   4.4800000e+00   7.8556283e-05
   4.4900000e+00   7.7022946e-05
   4.5000000e+00   7.5517790e-05
   4.5100000e+00   7.4040347e-05
   4.5200000e+00   7.2590152e-05
   4.5300000e+00   7.1166750e-05
   4.5400000e+00   6.9769691e-05
   4.5500000e+00   6.8398533e-05
   4.5600000e+00   6.7052840e-05
   4.5700000e+00   6.5732183e-05
   4.5800000e+00   6.4436139e-05
   4.5900000e+00   6.3164291e-05
   4.6000000e+00   6.1916228e-05
   4.6100000e+00   6.0691548e-05
   4.6200000e+00   5.9489852e-05
   4.6300000e+00   5.8310748e-05
   4.6400000e+00   5.7153852e-05
   4.6500000e+00   5.6018782e-05
   4.6600000e+00   5.4905166e-05
   4.6700000e+00   5.3812635e-05
   4.6800000e+00   5.2740827e-05
   4.6900000e+00   5.1689386e-05
   4.7000000e+00   5.0657960e-05
   4.7100000e+00   4.9646203e-05
   4.7200000e+00   4.8653776e-05
   4.7300000e+00   4.7680344e-05
   4.7400000e+00   4.6725578e-05
   4.7500000e+00   4.5789153e-05
   4.7600000e+00   4.4870750e-05
   4.7700000e+00   4.3970056e-05
   4.7800000e+00   4.3086762e-05
   4.7900000e+00   4.2220564e-05
   4.8000000e+00   4.1371162e-05
   4.8100000e+00   4.0538263e-05
   4.8200000e+00   3.9721578e-05
   4.8300000e+00   3.8920822e-05
   4.8400000e+00   3.8135715e-05
   4.8500000e+00   3.7365981e-05
   4.8600000e+00   3.6611351e-05
   4.8700000e+00   3.5871557e-05
   4.8800000e+00   3.5146338e-05
   4.8900000e+00   3.4435436e-05
   4.9000000e+00   3.3738599e-05
   4.9100000e+00   3.3055576e-05
   4.9200000e+00   3.2386124e-05
   4.9300000e+00   3.1730002e-05
   4.9400000e+00   3.1086973e-05
   4.9500000e+00   3.0456805e-05
   4.9600000e+00   2.9839269e-05
   4.9700000e+00   2.9234140e-05
   4.9800000e+00   2.8641198e-05
   4.9900000e+00   2.8060225e-05
   5.0000000e+00   2.7491009e-05
   5.0100000e+00   2.6933335e-05
   5.0200000e+00   2.6386974e-05
   5.0300000e+00   2.5851697e-05
   5.0400000e+00   2.5327277e-05
   5.0500000e+00   2.4813496e-05
   5.0600000e+00   2.4310138e-05
   5.0700000e+00   2.3816990e-05
   5.0800000e+00   2.3333846e-05
   5.0900000e+00   2.2860503e-05
   5.1000000e+00   2.2396762e-05
   5.1100000e+00   2.1942429e-05
   5.1200000e+00   2.1497312e-05
   5.1300000e+00   2.1061224e-05
   5.1400000e+00   2.0633983e-05
   5.1500000e+00   2.0215409e-05
   5.1600000e+00   1.9805325e-05
   5.1700000e+00   1.9403561e-05
   5.1800000e+00   1.9009946e-05
   5.1900000e+00   1.8624317e-05
   5.2000000e+00   1.8246510e-05
   5.2100000e+00   1.7876367e-05
   5.2200000e+00   1.7513733e-05
   5.2300000e+00   1.7158455e-05
   5.2400000e+00   1.6810384e-05
   5.2500000e+00   1.6469374e-05
   5.2600000e+00   1.6135281e-05
   5.2700000e+00   1.5807966e-05
   5.2800000e+00   1.5487291e-05
   5.2900000e+00   1.5173120e-05
   5.3000000e+00   1.4865323e-05
   5.3100000e+00   1.4563770e-05
   5.3200000e+00   1.4268334e-05
   5.3300000e+00   1.3978891e-05
   5.3400000e+00   1.3695320e-05
   5.3500000e+00   1.3417501e-05
   5.3600000e+00   1.3145318e-05
   5.3700000e+00   1.2878656e-05
   5.3800000e+00   1.2617404e-05
   5.3900000e+00   1.2361451e-05
   5.4000000e+00   1.2110691e-05
   5.4100000e+00   1.1865017e-05
   5.4200000e+00   1.1624327e-05
   5.4300000e+00   1.1388520e-05
   5.4400000e+00   1.1157496e-05
   5.4500000e+00   1.0931159e-05
   5.4600000e+00   1.0709413e-05
   5.4700000e+00   1.0492165e-05
   5.4800000e+00   1.0279324e-05
   5.4900000e+00   1.0070801e-05
   5.5000000e+00   9.8665082e-06
   5.5100000e+00   9.6663594e-06
   5.5200000e+00   9.4702707e-06
   5.5300000e+00   9.2781599e-06
   5.5400000e+00   9.0899461e-06
   5.5500000e+00   8.9055503e-06
   5.5600000e+00   8.7248952e-06
   5.5700000e+00   8.5479048e-06
   5.5800000e+00   8.3745047e-06
   5.5900000e+00   8.2046222e-06
   5.6000000e+00   8.0381859e-06
   5.6100000e+00   7.8751258e-06
   5.6200000e+00   7.7153735e-06
   5.6300000e+00   7.5588619e-06
   5.6400000e+00   7.4055253e-06
   5.6500000e+00   7.2552992e-06
   5.6600000e+00   7.1081205e-06
   5.6700000e+00   6.9639274e-06
   5.6800000e+00   6.8226594e-06
   5.6900000e+00   6.6842572e-06
   5.7000000e+00   6.5486625e-06
   5.7100000e+00   6.4158184e-06
   5.7200000e+00   6.2856692e-06
   5.7300000e+00   6.1581601e-06
   5.7400000e+00   6.0332376e-06
   5.7500000e+00   5.9108493e-06
   5.7600000e+00   5.7909437e-06
   5.7700000e+00   5.6734705e-06
   5.7800000e+00   5.5583803e-06
   5.7900000e+00   5.4456248e-06
   5.8000000e+00   5.3351566e-06
   5.8100000e+00   5.2269293e-06
   5.8200000e+00   5.1208975e-06
   5.8300000e+00   5.0170166e-06
   5.8400000e+00   4.9152430e-06
   5.8500000e+00   4.8155340e-06
   5.8600000e+00   4.7178476e-06
   5.8700000e+00   4.6221429e-06
   5.8800000e+00   4.5283796e-06
   5.8900000e+00   4.4365183e-06
   5.9000000e+00   4.3465205e-06
   5.9100000e+00   4.2583484e-06
   5.9200000e+00   4.1719649e-06
   5.9300000e+00   4.0873338e-06
   5.9400000e+00   4.0044195e-06
   5.9500000e+00   3.9231871e-06
   5.9600000e+00   3.8436026e-06
   5.9700000e+00   3.7656325e-06
   5.9800000e+00   3.6892441e-06
   5.9900000e+00   3.6144053e-06
   6.0000000e+00   3.5410846e-06
   6.0100000e+00   3.4692513e-06
   6.0200000e+00   3.3988752e-06
   6.0300000e+00   3.3299267e-06
   6.0400000e+00   3.2623769e-06
   6.0500000e+00   3.1961974e-06
   6.0600000e+00   3.1313604e-06
   6.0700000e+00   3.0678386e-06
   6.0800000e+00   3.0056054e-06
   6.0900000e+00   2.9446347e-06
   6.1000000e+00   2.8849008e-06
   6.1100000e+00   2.8263786e-06
   6.1200000e+00   2.7690436e-06
   6.1300000e+00   2.7128717e-06
   6.1400000e+00   2.6578393e-06
   6.1500000e+00   2.6039232e-06
   6.1600000e+00   2.5511009e-06
   6.1700000e+00   2.4993501e-06
   6.1800000e+00   2.4486491e-06
   6.1900000e+00   2.3989766e-06
   6.2000000e+00   2.3503117e-06
   6.2100000e+00   2.3026341e-06
   6.2200000e+00   2.2559236e-06
   6.2300000e+00   2.2101607e-06
   6.2400000e+00   2.1653261e-06
   6.2500000e+00   2.1214010e-06
   6.2600000e+00   2.0783669e-06
   6.2700000e+00   2.0362059e-06
   6.2800000e+00   1.9949001e-06
   6.2900000e+00   1.9544322e-06
   6.3000000e+00   1.9147852e-06
   6.3100000e+00   1.8759425e-06
   6.3200000e+00   1.8378878e-06
   6.3300000e+00   1.8006050e-06
   6.3400000e+00   1.7640785e-06
   6.3500000e+00   1.7282930e-06
   6.3600000e+00   1.6932334e-06
   6.3700000e+00   1.6588850e-06
   6.3800000e+00   1.6252335e-06
   6.3900000e+00   1.5922645e-06
   6.4000000e+00   1.5599644e-06
   6.4100000e+00   1.5283195e-06
   6.4200000e+00   1.4973165e-06
   6.4300000e+00   1.4669424e-06
   6.4400000e+00   1.4371845e-06
   6.4500000e+00   1.4080303e-06
   6.4600000e+00   1.3794675e-06
   6.4700000e+00   1.3514841e-06
   6.4800000e+00   1.3240683e-06
   6.4900000e+00   1.2972087e-06
   6.5000000e+00   1.2708940e-06
   6.5100000e+00   1.2451131e-06
   6.5200000e+00   1.2198551e-06
   6.5300000e+00   1.1951096e-06
   6.5400000e+00   1.1708660e-06
   6.5500000e+00   1.1471142e-06
   6.5600000e+00   1.1238443e-06
   6.5700000e+00   1.1010463e-06
   6.5800000e+00   1.0787109e-06
   6.5900000e+00   1.0568286e-06
   6.6000000e+00   1.0353901e-06
   6.6100000e+00   1.0143866e-06
   6.6200000e+00   9.9380907e-07
   6.6300000e+00   9.7364902e-07
   6.6400000e+00   9.5389792e-07
   6.6500000e+00   9.3454750e-07
   6.6600000e+00   9.1558961e-07
   6.6700000e+00   8.9701629e-07
   6.6800000e+00   8.7881975e-07
   6.6900000e+00   8.6099234e-07
   6.7000000e+00   8.4352657e-07
   6.7100000e+00   8.2641510e-07
   6.7200000e+00   8.0965076e-07
   6.7300000e+00   7.9322649e-07
   6.7400000e+00   7.7713540e-07
   6.7500000e+00   7.6137073e-07
   6.7600000e+00   7.4592586e-07
   6.7700000e+00   7.3079430e-07
   6.7800000e+00   7.1596969e-07
   6.7900000e+00   7.0144581e-07
   6.8000000e+00   6.8721656e-07
   6.8100000e+00   6.7327596e-07
   6.8200000e+00   6.5961816e-07
   6.8300000e+00   6.4623742e-07
   6.8400000e+00   6.3312811e-07
   6.8500000e+00   6.2028474e-07
   6.8600000e+00   6.0770190e-07
   6.8700000e+00   5.9537432e-07
   6.8800000e+00   5.8329681e-07
   6.8900000e+00   5.7146431e-07
   6.9000000e+00   5.5987183e-07
   6.9100000e+00   5.4851452e-07
   6.9200000e+00   5.3738760e-07
   6.9300000e+00   5.2648640e-07
   6.9400000e+00   5.1580634e-07
   6.9500000e+00   5.0534293e-07
   6.9600000e+00   4.9509179e-07
   6.9700000e+00   4.8504859e-07
   6.9800000e+00   4.7520913e-07
   6.9900000e+00   4.6556927e-07
   7.0000000e+00   4.5612497e-07
   7.0100000e+00   4.4687225e-07
   7.0200000e+00   4.3780723e-07
   7.0300000e+00   4.2892610e-07
   7.0400000e+00   4.2022513e-07
   7.0500000e+00   4.1170067e-07
   7.0600000e+00   4.0334914e-07
   7.0700000e+00   3.9516702e-07
   7.0800000e+00   3.8715089e-07
   7.0900000e+00   3.7929737e-07
   7.1000000e+00   3.7160317e-07
   7.1100000e+00   3.6406505e-07
   7.1200000e+00   3.5667985e-07
   7.1300000e+00   3.4944447e-07
   7.1400000e+00   3.4235586e-07
   7.1500000e+00   3.3541105e-07
   7.1600000e+00   3.2860713e-07
   7.1700000e+00   3.2194123e-07
   7.1800000e+00   3.1541055e-07
   7.1900000e+00   3.0901236e-07
   7.2000000e+00   3.0274396e-07
   7.2100000e+00   2.9660272e-07
   7.2200000e+00   2.9058606e-07
   7.2300000e+00   2.8469146e-07
   7.2400000e+00   2.7891644e-07
   7.2500000e+00   2.7325857e-07
   7.2600000e+00   2.6771547e-07
   7.2700000e+00   2.6228483e-07
   7.2800000e+00   2.5696435e-07
   7.2900000e+00   2.5175181e-07
   7.3000000e+00   2.4664500e-07
   7.3100000e+00   2.4164180e-07
   7.3200000e+00   2.3674009e-07
   7.3300000e+00   2.3193782e-07
   7.3400000e+00   2.2723297e-07
   7.3500000e+00   2.2262357e-07
   7.3600000e+00   2.1810768e-07
   7.3700000e+00   2.1368339e-07
   7.3800000e+00   2.0934886e-07
   7.3900000e+00   2.0510226e-07
   7.4000000e+00   2.0094181e-07
   7.4100000e+00   1.9686577e-07
   7.4200000e+00   1.9287241e-07
   7.4300000e+00   1.8896006e-07
   7.4400000e+00   1.8512708e-07
   7.4500000e+00   1.8137187e-07
   7.4600000e+00   1.7769283e-07
   7.4700000e+00   1.7408843e-07
   7.4800000e+00   1.7055715e-07
   7.4900000e+00   1.6709751e-07
   7.5000000e+00   1.6370806e-07
   7.5100000e+00   1.6038737e-07
   7.5200000e+00   1.5713404e-07
   7.5300000e+00   1.5394672e-07
   7.5400000e+00   1.5082406e-07
   7.5500000e+00   1.4776475e-07
   7.5600000e+00   1.4476750e-07
   7.5700000e+00   1.4183106e-07
   7.5800000e+00   1.3895420e-07
   7.5900000e+00   1.3613570e-07
   7.6000000e+00   1.3337438e-07
   7.6100000e+00   1.3066908e-07
   7.6200000e+00   1.2801867e-07
   7.6300000e+00   1.2542203e-07
   7.6400000e+00   1.2287807e-07
   7.6500000e+00   1.2038572e-07
   7.6600000e+00   1.1794394e-07
   7.6700000e+00   1.1555169e-07
   7.6800000e+00   1.1320799e-07
   7.6900000e+00   1.1091183e-07
   7.7000000e+00   1.0866226e-07
   7.7100000e+00   1.0645833e-07
   7.7200000e+00   1.0429912e-07
   7.7300000e+00   1.0218371e-07
   7.7400000e+00   1.0011123e-07
   7.7500000e+00   9.8080791e-08
   7.7600000e+00   9.6091553e-08
   7.7700000e+00   9.4142675e-08
   7.7800000e+00   9.2233341e-08
   7.7900000e+00   9.0362747e-08
   7.8000000e+00   8.8530109e-08
   7.8100000e+00   8.6734655e-08
   7.8200000e+00   8.4975633e-08
   7.8300000e+00   8.3252303e-08
   7.8400000e+00   8.1563941e-08
   7.8500000e+00   7.9909839e-08
   7.8600000e+00   7.8289301e-08
   7.8700000e+00   7.6701647e-08
   7.8800000e+00   7.5146210e-08
   7.8900000e+00   7.3622336e-08
   7.9000000e+00   7.2129386e-08
   7.9100000e+00   7.0666733e-08
   7.9200000e+00   6.9233761e-08
   7.9300000e+00   6.7829870e-08
   7.9400000e+00   6.6454469e-08
   7.9500000e+00   6.5106981e-08
   7.9600000e+00   6.3786840e-08
   7.9700000e+00   6.2493492e-08
   7.9800000e+00   6.1226392e-08
   7.9900000e+00   5.9985010e-08
   8.0000000e+00   5.8768822e-08
   8.0100000e+00   5.7577320e-08
   8.0200000e+00   5.6410001e-08
   8.0300000e+00   5.5266377e-08
   8.0400000e+00   5.4145966e-08
   8.0500000e+00   5.3048298e-08
   8.0600000e+00   5.1972912e-08
   8.0700000e+00   5.0919355e-08
   8.0800000e+00   4.9887187e-08
   8.0900000e+00   4.8875972e-08
   8.1000000e+00   4.7885287e-08
   8.1100000e+00   4.6914716e-08
   8.1200000e+00   4.5963849e-08
   8.1300000e+00   4.5032289e-08
   8.1400000e+00   4.4119644e-08
   8.1500000e+00   4.3225530e-08
   8.1600000e+00   4.2349573e-08
   8.1700000e+00   4.1491403e-08
   8.1800000e+00   4.0650661e-08
   8.1900000e+00   3.9826993e-08
   8.2000000e+00   3.9020054e-08
   8.2100000e+00   3.8229505e-08
   8.2200000e+00   3.7455013e-08
   8.2300000e+00   3.6696253e-08
   8.2400000e+00   3.5952907e-08
   8.2500000e+00   3.5224662e-08
   8.2600000e+00   3.4511212e-08
   8.2700000e+00   3.3812259e-08
   8.2800000e+00   3.3127507e-08
   8.2900000e+00   3.2456670e-08
   8.3000000e+00   3.1799465e-08
   8.3100000e+00   3.1155618e-08
   8.3200000e+00   3.0524856e-08
   8.3300000e+00   2.9906916e-08
   8.3400000e+00   2.9301538e-08
   8.3500000e+00   2.8708467e-08
   8.3600000e+00   2.8127455e-08
   8.3700000e+00   2.7558257e-08
   8.3800000e+00   2.7000634e-08
   8.3900000e+00   2.6454352e-08
   8.4000000e+00   2.5919182e-08
   8.4100000e+00   2.5394899e-08
   8.4200000e+00   2.4881282e-08
   8.4300000e+00   2.4378116e-08
   8.4400000e+00   2.3885190e-08
   8.4500000e+00   2.3402296e-08
   8.4600000e+00   2.2929232e-08
   8.4700000e+00   2.2465799e-08
   8.4800000e+00   2.2011802e-08
   8.4900000e+00   2.1567051e-08
   8.5000000e+00   2.1131358e-08
   8.5100000e+00   2.0704541e-08
   8.5200000e+00   2.0286421e-08
   8.5300000e+00   1.9876822e-08
   8.5400000e+00   1.9475571e-08
   8.5500000e+00   1.9082501e-08
   8.5600000e+00   1.8697446e-08
   8.5700000e+00   1.8320245e-08
   8.5800000e+00   1.7950739e-08
   8.5900000e+00   1.7588772e-08
   8.6000000e+00   1.7234193e-08
   8.6100000e+00   1.6886853e-08
   8.6200000e+00   1.6546606e-08
   8.6300000e+00   1.6213310e-08
   8.6400000e+00   1.5886823e-08
   8.6500000e+00   1.5567009e-08
   8.6600000e+00   1.5253734e-08
   8.6700000e+00   1.4946865e-08
   8.6800000e+00   1.4646275e-08
   8.6900000e+00   1.4351837e-08
   8.7000000e+00   1.4063427e-08
   8.7100000e+00   1.3780924e-08
   8.7200000e+00   1.3504209e-08
   8.7300000e+00   1.3233167e-08
   8.7400000e+00   1.2967683e-08
   8.7500000e+00   1.2707645e-08
   8.7600000e+00   1.2452946e-08
   8.7700000e+00   1.2203477e-08
   8.7800000e+00   1.1959133e-08
   8.7900000e+00   1.1719813e-08
   8.8000000e+00   1.1485416e-08
   8.8100000e+00   1.1255842e-08
   8.8200000e+00   1.1030997e-08
   8.8300000e+00   1.0810785e-08
   8.8400000e+00   1.0595114e-08
   8.8500000e+00   1.0383893e-08
   8.8600000e+00   1.0177033e-08
   8.8700000e+00   9.9744483e-09
   8.8800000e+00   9.7760530e-09
   8.8900000e+00   9.5817640e-09
   8.9000000e+00   9.3914996e-09
   8.9100000e+00   9.2051799e-09
   8.9200000e+00   9.0227266e-09
   8.9300000e+00   8.8440632e-09
   8.9400000e+00   8.6691145e-09
   8.9500000e+00   8.4978071e-09
   8.9600000e+00   8.3300691e-09
   8.9700000e+00   8.1658299e-09
   8.9800000e+00   8.0050206e-09
   8.9900000e+00   7.8475736e-09
   9.0000000e+00   7.6934229e-09
   9.0100000e+00   7.5425036e-09
   9.0200000e+00   7.3947524e-09
   9.0300000e+00   7.2501072e-09
   9.0400000e+00   7.1085072e-09
   9.0500000e+00   6.9698931e-09
   9.0600000e+00   6.8342065e-09
   9.0700000e+00   6.7013904e-09
   9.0800000e+00   6.5713892e-09
   9.0900000e+00   6.4441481e-09
   9.1000000e+00   6.3196138e-09
   9.1100000e+00   6.1977339e-09
   9.1200000e+00   6.0784572e-09
   9.1300000e+00   5.9617336e-09
   9.1400000e+00   5.8475142e-09
   9.1500000e+00   5.7357509e-09
   9.1600000e+00   5.6263967e-09
   9.1700000e+00   5.5194058e-09
   9.1800000e+00   5.4147333e-09
   9.1900000e+00   5.3123350e-09
   9.2000000e+00   5.2121681e-09
   9.2100000e+00   5.1141905e-09
   9.2200000e+00   5.0183610e-09
   9.2300000e+00   4.9246393e-09
   9.2400000e+00   4.8329862e-09
   9.2500000e+00   4.7433630e-09
   9.2600000e+00   4.6557322e-09
   9.2700000e+00   4.5700569e-09
   9.2800000e+00   4.4863012e-09
   9.2900000e+00   4.4044299e-09
   9.3000000e+00   4.3244085e-09
   9.3100000e+00   4.2462036e-09
   9.3200000e+00   4.1697821e-09
   9.3300000e+00   4.0951121e-09
   9.3400000e+00   4.0221622e-09
   9.3500000e+00   3.9509017e-09
   9.3600000e+00   3.8813007e-09
   9.3700000e+00   3.8133299e-09
   9.3800000e+00   3.7469609e-09
   9.3900000e+00   3.6821656e-09
   9.4000000e+00   3.6189170e-09
   9.4100000e+00   3.5571885e-09
   9.4200000e+00   3.4969541e-09
   9.4300000e+00   3.4381885e-09
   9.4400000e+00   3.3808670e-09
   9.4500000e+00   3.3249657e-09
   9.4600000e+00   3.2704608e-09
   9.4700000e+00   3.2173297e-09
   9.4800000e+00   3.1655500e-09
   9.4900000e+00   3.1150999e-09
   9.5000000e+00   3.0659582e-09
   9.5100000e+00   3.0181043e-09
   9.5200000e+00   2.9715181e-09
   9.5300000e+00   2.9261800e-09
   9.5400000e+00   2.8820710e-09
   9.5500000e+00   2.8391726e-09
   9.5600000e+00   2.7974667e-09
   9.5700000e+00   2.7569358e-09
   9.5800000e+00   2.7175629e-09
   9.5900000e+00   2.6793314e-09
   9.6000000e+00   2.6422254e-09
   9.6100000e+00   2.6062292e-09
   9.6200000e+00   2.5713277e-09
   9.6300000e+00   2.5375062e-09
   9.6400000e+00   2.5047505e-09
   9.6500000e+00   2.4730469e-09
   9.6600000e+00   2.4423820e-09
   9.6700000e+00   2.4127430e-09
   9.6800000e+00   2.3841175e-09
   9.6900000e+00   2.3564933e-09
   9.7000000e+00   2.3298590e-09
   9.7100000e+00   2.3042032e-09
   9.7200000e+00   2.2795153e-09
   9.7300000e+00   2.2557849e-09
   9.7400000e+00   2.2330019e-09
   9.7500000e+00   2.2111569e-09
   9.7600000e+00   2.1902406e-09
   9.7700000e+00   2.1702443e-09
   9.7800000e+00   2.1511595e-09
   9.7900000e+00   2.1329783e-09
   9.8000000e+00   2.1156930e-09
   9.8100000e+00   2.0992964e-09
   9.8200000e+00   2.0837815e-09
   9.8300000e+00   2.0691419e-09
   9.8400000e+00   2.0553714e-09
   9.8500000e+00   2.0424642e-09
   9.8600000e+00   2.0304149e-09
   9.8700000e+00   2.0192184e-09
   9.8800000e+00   2.0088701e-09
   9.8900000e+00   1.9993655e-09
   9.9000000e+00   1.9907008e-09
   9.9100000e+00   1.9828722e-09
   9.9200000e+00   1.9758764e-09
   9.9300000e+00   1.9697106e-09
   9.9400000e+00   1.9643721e-09
   9.9500000e+00   1.9598587e-09
   9.9600000e+00   1.9561686e-09
   9.9700000e+00   1.9533000e-09
   9.9800000e+00   1.9512519e-09
   9.9900000e+00   1.9500234e-09
   1.0000000e+01   1.9496139e-09
