  -4.6746566e-01
  -4.6545456e-01
  -4.6342057e-01
  -4.6136424e-01
  -4.5928615e-01
  -4.5718684e-01
  -4.5506687e-01
  -4.5292680e-01
  -4.5076716e-01
  -4.4858851e-01
  -4.4639138e-01
  -4.4417631e-01
  -4.4194383e-01
  -4.3969448e-01
  -4.3742878e-01
  -4.3514724e-01
  -4.3285040e-01
  -4.3053875e-01
  -4.2821282e-01
  -4.2587311e-01
  -4.2352011e-01
  -4.2115433e-01
  -4.1877625e-01
  -4.1638637e-01
  -4.1398518e-01
  -4.1157314e-01
  -4.0915073e-01
  -4.0671843e-01
  -4.0427669e-01
  -4.0182599e-01
  -3.9936677e-01
  -3.9689950e-01
  -3.9442460e-01
  -3.9194253e-01
  -3.8945373e-01
  -3.8695862e-01
  -3.8445764e-01
  -3.8195120e-01
  -3.7943973e-01
  -3.7692363e-01
  -3.7440331e-01
  -3.7187919e-01
  -3.6935164e-01
  -3.6682107e-01
  -3.6428787e-01
  -3.6175241e-01
  -3.5921507e-01
  -3.5667624e-01
  -3.5413626e-01
  -3.5159551e-01
  -3.4905435e-01
  -3.4651311e-01
  -3.4397217e-01
  -3.4143184e-01
  -3.3889248e-01
  -3.3635441e-01
  -3.3381795e-01
  -3.3128344e-01
  -3.2875119e-01
  -3.2622150e-01
  -3.2369470e-01
  -3.2117106e-01
  -3.1865090e-01
  -3.1613451e-01
  -3.1362217e-01
  -3.1111416e-01
  -3.0861075e-01
  -3.0611223e-01
  -3.0361886e-01
  -3.0113089e-01
  -2.9864860e-01
  -2.9617221e-01
  -2.9370200e-01
  -2.9123819e-01
  -2.8878102e-01
  -2.8633074e-01
  -2.8388755e-01
  -2.8145170e-01
  -2.7902339e-01
  -2.7660285e-01
  -2.7419027e-01
  -2.7178587e-01
  -2.6938985e-01
  -2.6700240e-01
  -2.6462370e-01
  -2.6225396e-01
  -2.5989335e-01
  -2.5754204e-01
  -2.5520022e-01
  -2.5286805e-01
  -2.5054569e-01
  -2.4823331e-01
  -2.4593106e-01
  -2.4363909e-01
  -2.4135756e-01
  -2.3908660e-01
  -2.3682636e-01
  -2.3457696e-01
  -2.3233855e-01
  -2.3011125e-01
  -2.2789518e-01
  -2.2569047e-01
  -2.2349722e-01
  -2.2131555e-01
  -2.1914557e-01
  -2.1698739e-01
  -2.1484110e-01
  -2.1270680e-01
  -2.1058459e-01
  -2.0847456e-01
  -2.0637678e-01
  -2.0429135e-01
  -2.0221835e-01
  -2.0015784e-01
  -1.9810991e-01
  -1.9607462e-01
  -1.9405204e-01
  -1.9204223e-01
  -1.9004525e-01
  -1.8806117e-01
  -1.8609002e-01
  -1.8413186e-01
  -1.8218675e-01
  -1.8025472e-01
  -1.7833582e-01
  -1.7643008e-01
  -1.7453754e-01
  -1.7265823e-01
  -1.7079218e-01
  -1.6893943e-01
  -1.6709999e-01
  -1.6527389e-01
  -1.6346115e-01
  -1.6166178e-01
  -1.5987580e-01
  -1.5810322e-01
  -1.5634405e-01
  -1.5459830e-01
  -1.5286596e-01
  -1.5114706e-01
  -1.4944157e-01
  -1.4774951e-01
  -1.4607087e-01
  -1.4440564e-01
  -1.4275382e-01
  -1.4111539e-01
  -1.3949033e-01
  -1.3787865e-01
  -1.3628031e-01
  -1.3469530e-01
  -1.3312361e-01
  -1.3156520e-01
  -1.3002005e-01
  -1.2848815e-01
  -1.2696945e-01
  -1.2546394e-01
  -1.2397158e-01
  -1.2249234e-01
  -1.2102618e-01
  -1.1957307e-01
  -1.1813297e-01
  -1.1670585e-01
  -1.1529165e-01
  -1.1389035e-01
  -1.1250190e-01
  -1.1112626e-01
  -1.0976337e-01
  -1.0841320e-01
  -1.0707569e-01
  -1.0575080e-01
  -1.0443847e-01
  -1.0313866e-01
  -1.0185130e-01
  -1.0057636e-01
  -9.9313767e-02
  -9.8063472e-02
  -9.6825417e-02
  -9.5599544e-02
  -9.4385796e-02
  -9.3184112e-02
  -9.1994431e-02
  -9.0816694e-02
  -8.9650837e-02
  -8.8496799e-02
  -8.7354514e-02
  -8.6223919e-02
  -8.5104949e-02
  -8.3997538e-02
  -8.2901619e-02
  -8.1817126e-02
  -8.0743991e-02
  -7.9682146e-02
  -7.8631522e-02
  -7.7592049e-02
  -7.6563658e-02
  -7.5546278e-02
  -7.4539839e-02
  -7.3544270e-02
  -7.2559498e-02
  -7.1585452e-02
  -7.0622060e-02
  -6.9669248e-02
  -6.8726945e-02
  -6.7795075e-02
  -6.6873566e-02
  -6.5962343e-02
  -6.5061333e-02
  -6.4170460e-02
  -6.3289651e-02
  -6.2418831e-02
  -6.1557924e-02
  -6.0706855e-02
  -5.9865550e-02
  -5.9033931e-02
  -5.8211925e-02
  -5.7399456e-02
  -5.6596447e-02
  -5.5802823e-02
  -5.5018508e-02
  -5.4243426e-02
  -5.3477502e-02
  -5.2720660e-02
  -5.1972823e-02
  -5.1233917e-02
  -5.0503865e-02
  -4.9782592e-02
  -4.9070021e-02
  -4.8366079e-02
  -4.7670689e-02
  -4.6983775e-02
  -4.6305264e-02
  -4.5635079e-02
  -4.4973146e-02
  -4.4319390e-02
  -4.3673737e-02
  -4.3036112e-02
  -4.2406441e-02
  -4.1784650e-02
  -4.1170666e-02
  -4.0564414e-02
  -3.9965822e-02
  -3.9374817e-02
  -3.8791325e-02
  -3.8215274e-02
  -3.7646592e-02
  -3.7085207e-02
  -3.6531046e-02
  -3.5984040e-02
  -3.5444116e-02
  -3.4911204e-02
  -3.4385233e-02
  -3.3866133e-02
  -3.3353834e-02
  -3.2848266e-02
  -3.2349361e-02
  -3.1857050e-02
  -3.1371264e-02
  -3.0891935e-02
  -3.0418995e-02
  -2.9952376e-02
  -2.9492013e-02
  -2.9037838e-02
  -2.8589785e-02
  -2.8147787e-02
  -2.7711780e-02
  -2.7281699e-02
  -2.6857479e-02
  -2.6439055e-02
  -2.6026363e-02
  -2.5619341e-02
  -2.5217925e-02
  -2.4822053e-02
  -2.4431662e-02
  -2.4046690e-02
  -2.3667077e-02
  -2.3292761e-02
  -2.2923682e-02
  -2.2559780e-02
  -2.2200994e-02
  -2.1847267e-02
  -2.1498539e-02
  -2.1154752e-02
  -2.0815848e-02
  -2.0481769e-02
  -2.0152460e-02
  -1.9827862e-02
  -1.9507921e-02
  -1.9192580e-02
  -1.8881784e-02
  -1.8575479e-02
  -1.8273610e-02
  -1.7976124e-02
  -1.7682967e-02
  -1.7394086e-02
  -1.7109429e-02
  -1.6828944e-02
  -1.6552578e-02
  -1.6280282e-02
  -1.6012005e-02
  -1.5747695e-02
  -1.5487304e-02
  -1.5230782e-02
  -1.4978081e-02
  -1.4729151e-02
  -1.4483945e-02
  -1.4242416e-02
  -1.4004516e-02
  -1.3770199e-02
  -1.3539418e-02
  -1.3312128e-02
  -1.3088284e-02
  -1.2867840e-02
  -1.2650753e-02
  -1.2436978e-02
  -1.2226472e-02
  -1.2019191e-02
  -1.1815094e-02
  -1.1614137e-02
  -1.1416280e-02
  -1.1221480e-02
  -1.1029696e-02
  -1.0840889e-02
  -1.0655018e-02
  -1.0472043e-02
  -1.0291925e-02
  -1.0114625e-02
  -9.9401054e-03
  -9.7683273e-03
  -9.5992535e-03
  -9.4328465e-03
  -9.2690697e-03
  -9.1078867e-03
  -8.9492615e-03
  -8.7931584e-03
  -8.6395423e-03
  -8.4883783e-03
  -8.3396321e-03
  -8.1932696e-03
  -8.0492571e-03
  -7.9075615e-03
  -7.7681499e-03
  -7.6309896e-03
  -7.4960487e-03
  -7.3632954e-03
  -7.2326983e-03
  -7.1042263e-03
  -6.9778489e-03
  -6.8535358e-03
  -6.7312570e-03
  -6.6109830e-03
  -6.4926845e-03
  -6.3763327e-03
  -6.2618992e-03
  -6.1493557e-03
  -6.0386744e-03
  -5.9298278e-03
  -5.8227888e-03
  -5.7175307e-03
  -5.6140268e-03
  -5.5122511e-03
  -5.4121778e-03
  -5.3137813e-03
  -5.2170366e-03
  -5.1219186e-03
  -5.0284030e-03
  -4.9364654e-03
  -4.8460820e-03
  -4.7572292e-03
  -4.6698836e-03
  -4.5840222e-03
  -4.4996224e-03
  -4.4166617e-03
  -4.3351180e-03
  -4.2549694e-03
  -4.1761946e-03
  -4.0987721e-03
  -4.0226810e-03
  -3.9479007e-03
  -3.8744106e-03
  -3.8021907e-03
  -3.7312211e-03
  -3.6614822e-03
  -3.5929546e-03
  -3.5256193e-03
  -3.4594574e-03
  -3.3944504e-03
  -3.3305800e-03
  -3.2678281e-03
  -3.2061769e-03
  -3.1456089e-03
  -3.0861067e-03
  -3.0276533e-03
  -2.9702318e-03
  -2.9138256e-03
  -2.8584184e-03
  -2.8039940e-03
  -2.7505366e-03
  -2.6980303e-03
  -2.6464598e-03
  -2.5958099e-03
  -2.5460655e-03
  -2.4972117e-03
  -2.4492341e-03
  -2.4021182e-03
  -2.3558499e-03
  -2.3104151e-03
  -2.2658001e-03
  -2.2219914e-03
  -2.1789756e-03
  -2.1367395e-03
  -2.0952702e-03
  -2.0545548e-03
  -2.0145807e-03
  -1.9753356e-03
  -1.9368072e-03
  -1.8989835e-03
  -1.8618527e-03
  -1.8254029e-03
  -1.7896228e-03
  -1.7545009e-03
  -1.7200262e-03
  -1.6861876e-03
  -1.6529744e-03
  -1.6203757e-03
  -1.5883812e-03
  -1.5569805e-03
  -1.5261634e-03
  -1.4959198e-03
  -1.4662400e-03
  -1.4371142e-03
  -1.4085329e-03
  -1.3804865e-03
  -1.3529659e-03
  -1.3259619e-03
  -1.2994655e-03
  -1.2734680e-03
  -1.2479604e-03
  -1.2229344e-03
  -1.1983815e-03
  -1.1742934e-03
  -1.1506618e-03
  -1.1274789e-03
  -1.1047366e-03
  -1.0824272e-03
  -1.0605430e-03
  -1.0390764e-03
  -1.0180202e-03
  -9.9736690e-04
  -9.7710941e-04
  -9.5724065e-04
  -9.3775368e-04
  -9.1864166e-04
  -8.9989787e-04
  -8.8151569e-04
  -8.6348862e-04
  -8.4581026e-04
  -8.2847432e-04
  -8.1147460e-04
  -7.9480503e-04
  -7.7845960e-04
  -7.6243245e-04
  -7.4671777e-04
  -7.3130987e-04
  -7.1620315e-04
  -7.0139211e-04
  -6.8687133e-04
  -6.7263550e-04
  -6.5867937e-04
  -6.4499781e-04
  -6.3158576e-04
  -6.1843824e-04
  -6.0555036e-04
  -5.9291733e-04
  -5.8053441e-04
  -5.6839697e-04
  -5.5650043e-04
  -5.4484032e-04
  -5.3341223e-04
  -5.2221182e-04
  -5.1123483e-04
  -5.0047708e-04
  -4.8993446e-04
  -4.7960292e-04
  -4.6947849e-04
  -4.5955728e-04
  -4.4983544e-04
  -4.4030920e-04
  -4.3097487e-04
  -4.2182881e-04
  -4.1286745e-04
  -4.0408727e-04
  -3.9548482e-04
  -3.8705672e-04
  -3.7879964e-04
  -3.7071030e-04
  -3.6278550e-04
  -3.5502209e-04
  -3.4741696e-04
  -3.3996707e-04
  -3.3266944e-04
  -3.2552111e-04
  -3.1851923e-04
  -3.1166094e-04
  -3.0494348e-04
  -2.9836411e-04
  -2.9192015e-04
  -2.8560897e-04
  -2.7942798e-04
  -2.7337465e-04
  -2.6744648e-04
  -2.6164102e-04
  -2.5595588e-04
  -2.5038870e-04
  -2.4493715e-04
  -2.3959898e-04
  -2.3437194e-04
  -2.2925385e-04
  -2.2424255e-04
  -2.1933594e-04
  -2.1453195e-04
  -2.0982854e-04
  -2.0522371e-04
  -2.0071552e-04
  -1.9630203e-04
  -1.9198136e-04
  -1.8775166e-04
  -1.8361112e-04
  -1.7955794e-04
  -1.7559039e-04
  -1.7170674e-04
  -1.6790531e-04
  -1.6418446e-04
  -1.6054255e-04
  -1.5697799e-04
  -1.5348923e-04
  -1.5007474e-04
  -1.4673301e-04
  -1.4346257e-04
  -1.4026198e-04
  -1.3712981e-04
  -1.3406468e-04
  -1.3106522e-04
  -1.2813009e-04
  -1.2525798e-04
  -1.2244760e-04
  -1.1969770e-04
  -1.1700703e-04
  -1.1437437e-04
  -1.1179854e-04
  -1.0927838e-04
  -1.0681272e-04
  -1.0440045e-04
  -1.0204048e-04
  -9.9731708e-05
  -9.7473090e-05
  -9.5263584e-05
  -9.3102171e-05
  -9.0987854e-05
  -8.8919655e-05
  -8.6896613e-05
  -8.4917788e-05
  -8.2982258e-05
  -8.1089120e-05
  -7.9237488e-05
  -7.7426492e-05
  -7.5655282e-05
  -7.3923023e-05
  -7.2228897e-05
  -7.0572103e-05
  -6.8951855e-05
  -6.7367382e-05
  -6.5817930e-05
  -6.4302760e-05
  -6.2821146e-05
  -6.1372378e-05
  -5.9955760e-05
  -5.8570610e-05
  -5.7216259e-05
  -5.5892053e-05
  -5.4597350e-05
  -5.3331520e-05
  -5.2093948e-05
  -5.0884031e-05
  -4.9701176e-05
  -4.8544804e-05
  -4.7414348e-05
  -4.6309252e-05
  -4.5228971e-05
  -4.4172971e-05
  -4.3140730e-05
  -4.2131735e-05
  -4.1145485e-05
  -4.0181489e-05
  -3.9239265e-05
  -3.8318342e-05
  -3.7418259e-05
  -3.6538563e-05
  -3.5678813e-05
  -3.4838573e-05
  -3.4017419e-05
  -3.3214936e-05
  -3.2430717e-05
  -3.1664362e-05
  -3.0915481e-05
  -3.0183692e-05
  -2.9468620e-05
  -2.8769899e-05
  -2.8087170e-05
  -2.7420082e-05
  -2.6768290e-05
  -2.6131457e-05
  -2.5509255e-05
  -2.4901359e-05
  -2.4307454e-05
  -2.3727231e-05
  -2.3160386e-05
  -2.2606624e-05
  -2.2065654e-05
  -2.1537192e-05
  -2.1020960e-05
  -2.0516686e-05
  -2.0024103e-05
  -1.9542952e-05
  -1.9072976e-05
  -1.8613926e-05
  -1.8165558e-05
  -1.7727632e-05
  -1.7299915e-05
  -1.6882178e-05
  -1.6474196e-05
  -1.6075750e-05
  -1.5686626e-05
  -1.5306614e-05
  -1.4935507e-05
  -1.4573107e-05
  -1.4219214e-05
  -1.3873638e-05
  -1.3536190e-05
  -1.3206686e-05
  -1.2884946e-05
  -1.2570792e-05
  -1.2264054e-05
  -1.1964562e-05
  -1.1672152e-05
  -1.1386661e-05
  -1.1107933e-05
  -1.0835812e-05
  -1.0570148e-05
  -1.0310792e-05
  -1.0057601e-05
  -9.8104335e-06
  -9.5691505e-06
  -9.3336173e-06
  -9.1037016e-06
  -8.8792741e-06
  -8.6602084e-06
  -8.4463810e-06
  -8.2376709e-06
  -8.0339600e-06
  -7.8351325e-06
  -7.6410756e-06
  -7.4516786e-06
  -7.2668336e-06
  -7.0864348e-06
  -6.9103791e-06
  -6.7385654e-06
  -6.5708950e-06
  -6.4072713e-06
  -6.2476000e-06
  -6.0917889e-06
  -5.9397478e-06
  -5.7913885e-06
  -5.6466248e-06
  -5.5053725e-06
  -5.3675494e-06
  -5.2330748e-06
  -5.1018702e-06
  -4.9738587e-06
  -4.8489651e-06
  -4.7271160e-06
  -4.6082396e-06
  -4.4922658e-06
  -4.3791259e-06
  -4.2687531e-06
  -4.1610818e-06
  -4.0560481e-06
  -3.9535894e-06
  -3.8536447e-06
  -3.7561542e-06
  -3.6610596e-06
  -3.5683039e-06
  -3.4778315e-06
  -3.3895879e-06
  -3.3035199e-06
  -3.2195757e-06
  -3.1377044e-06
  -3.0578565e-06
  -2.9799836e-06
  -2.9040383e-06
  -2.8299745e-06
  -2.7577469e-06
  -2.6873115e-06
  -2.6186252e-06
  -2.5516459e-06
  -2.4863324e-06
  -2.4226447e-06
  -2.3605435e-06
  -2.2999905e-06
  -2.2409483e-06
  -2.1833803e-06
  -2.1272509e-06
  -2.0725252e-06
  -2.0191691e-06
  -1.9671495e-06
  -1.9164338e-06
  -1.8669904e-06
  -1.8187883e-06
  -1.7717972e-06
  -1.7259877e-06
  -1.6813310e-06
  -1.6377988e-06
  -1.5953637e-06
  -1.5539990e-06
  -1.5136783e-06
  -1.4743761e-06
  -1.4360674e-06
  -1.3987279e-06
  -1.3623338e-06
  -1.3268618e-06
  -1.2922892e-06
  -1.2585939e-06
  -1.2257543e-06
  -1.1937493e-06
  -1.1625582e-06
  -1.1321611e-06
  -1.1025381e-06
  -1.0736703e-06
  -1.0455389e-06
  -1.0181256e-06
  -9.9141267e-07
  -9.6538269e-07
  -9.4001870e-07
  -9.1530414e-07
  -8.9122285e-07
  -8.6775906e-07
  -8.4489739e-07
  -8.2262281e-07
  -8.0092068e-07
  -7.7977668e-07
  -7.5917686e-07
  -7.3910762e-07
  -7.1955565e-07
  -7.0050800e-07
  -6.8195202e-07
  -6.6387536e-07
  -6.4626599e-07
  -6.2911215e-07
  -6.1240238e-07
  -5.9612551e-07
  -5.8027062e-07
  -5.6482706e-07
  -5.4978446e-07
  -5.3513269e-07
  -5.2086187e-07
  -5.0696235e-07
  -4.9342474e-07
  -4.8023987e-07
  -4.6739879e-07
  -4.5489277e-07
  -4.4271332e-07
  -4.3085211e-07
  -4.1930107e-07
  -4.0805229e-07
  -3.9709807e-07
  -3.8643091e-07
  -3.7604347e-07
  -3.6592862e-07
  -3.5607938e-07
  -3.4648897e-07
  -3.3715077e-07
  -3.2805830e-07
  -3.1920528e-07
  -3.1058555e-07
  -3.0219314e-07
  -2.9402219e-07
  -2.8606703e-07
  -2.7832208e-07
  -2.7078195e-07
  -2.6344135e-07
  -2.5629513e-07
  -2.4933829e-07
  -2.4256593e-07
  -2.3597328e-07
  -2.2955569e-07
  -2.2330864e-07
  -2.1722770e-07
  -2.1130856e-07
  -2.0554704e-07
  -1.9993904e-07
  -1.9448056e-07
  -1.8916773e-07
  -1.8399675e-07
  -1.7896393e-07
  -1.7406567e-07
  -1.6929846e-07
  -1.6465889e-07
  -1.6014361e-07
  -1.5574937e-07
  -1.5147303e-07
  -1.4731148e-07
  -1.4326172e-07
  -1.3932082e-07
  -1.3548593e-07
  -1.3175427e-07
  -1.2812311e-07
  -1.2458983e-07
  -1.2115185e-07
  -1.1780665e-07
  -1.1455180e-07
  -1.1138490e-07
  -1.0830365e-07
  -1.0530578e-07
  -1.0238909e-07
  -9.9551436e-08
  -9.6790720e-08
  -9.4104908e-08
  -9.1492016e-08
  -8.8950111e-08
  -8.6477310e-08
  -8.4071779e-08
  -8.1731729e-08
  -7.9455421e-08
  -7.7241158e-08
  -7.5087289e-08
  -7.2992204e-08
  -7.0954337e-08
  -6.8972160e-08
  -6.7044188e-08
  -6.5168972e-08
  -6.3345101e-08
  -6.1571203e-08
  -5.9845938e-08
  -5.8168005e-08
  -5.6536134e-08
  -5.4949090e-08
  -5.3405669e-08
  -5.1904700e-08
  -5.0445040e-08
  -4.9025580e-08
  -4.7645236e-08
  -4.6302956e-08
  -4.4997713e-08
  -4.3728507e-08
  -4.2494368e-08
  -4.1294346e-08
  -4.0127520e-08
  -3.8992992e-08
  -3.7889888e-08
  -3.6817358e-08
  -3.5774571e-08
  -3.4760722e-08
  -3.3775025e-08
  -3.2816716e-08
  -3.1885051e-08
  -3.0979304e-08
  -3.0098772e-08
  -2.9242766e-08
  -2.8410619e-08
  -2.7601681e-08
  -2.6815317e-08
  -2.6050913e-08
  -2.5307867e-08
  -2.4585596e-08
  -2.3883532e-08
  -2.3201122e-08
  -2.2537826e-08
  -2.1893122e-08
  -2.1266499e-08
  -2.0657461e-08
  -2.0065526e-08
  -1.9490222e-08
  -1.8931093e-08
  -1.8387694e-08
  -1.7859591e-08
  -1.7346364e-08
  -1.6847601e-08
  -1.6362905e-08
  -1.5891886e-08
  -1.5434167e-08
  -1.4989380e-08
  -1.4557167e-08
  -1.4137181e-08
  -1.3729083e-08
  -1.3332543e-08
  -1.2947241e-08
  -1.2572865e-08
  -1.2209112e-08
  -1.1855686e-08
  -1.1512301e-08
  -1.1178678e-08
  -1.0854543e-08
  -1.0539634e-08
  -1.0233693e-08
  -9.9364704e-09
  -9.6477222e-09
  -9.3672122e-09
  -9.0947101e-09
  -8.8299922e-09
  -8.5728406e-09
  -8.3230436e-09
  -8.0803953e-09
  -7.8446952e-09
  -7.6157486e-09
  -7.3933660e-09
  -7.1773631e-09
  -6.9675607e-09
  -6.7637845e-09
  -6.5658651e-09
  -6.3736376e-09
  -6.1869417e-09
  -6.0056217e-09
  -5.8295259e-09
  -5.6585070e-09
  -5.4924218e-09
  -5.3311309e-09
  -5.1744989e-09
  -5.0223940e-09
  -4.8746882e-09
  -4.7312571e-09
  -4.5919795e-09
  -4.4567377e-09
  -4.3254175e-09
  -4.1979075e-09
  -4.0740997e-09
  -3.9538888e-09
  -3.8371728e-09
  -3.7238523e-09
  -3.6138308e-09
  -3.5070144e-09
  -3.4033119e-09
  -3.3026345e-09
  -3.2048962e-09
  -3.1100131e-09
  -3.0179039e-09
  -2.9284893e-09
  -2.8416925e-09
  -2.7574388e-09
  -2.6756554e-09
  -2.5962719e-09
  -2.5192195e-09
  -2.4444317e-09
  -2.3718436e-09
  -2.3013923e-09
  -2.2330167e-09
  -2.1666572e-09
  -2.1022562e-09
  -2.0397576e-09
  -1.9791067e-09
  -1.9202507e-09
  -1.8631381e-09
  -1.8077190e-09
  -1.7539447e-09
  -1.7017680e-09
  -1.6511432e-09
  -1.6020257e-09
  -1.5543724e-09
  -1.5081411e-09
  -1.4632912e-09
  -1.4197829e-09
  -1.3775779e-09
  -1.3366387e-09
  -1.2969292e-09
  -1.2584139e-09
  -1.2210589e-09
  -1.1848307e-09
  -1.1496972e-09
  -1.1156271e-09
  -1.0825899e-09
  -1.0505562e-09
  -1.0194973e-09
  -9.8938543e-10
  -9.6019360e-10
  -9.3189562e-10
  -9.0446608e-10
  -8.7788032e-10
  -8.5211442e-10
  -8.2714517e-10
  -8.0295005e-10
  -7.7950723e-10
  -7.5679551e-10
  -7.3479435e-10
  -7.1348383e-10
  -6.9284463e-10
  -6.7285804e-10
  -6.5350588e-10
  -6.3477058e-10
  -6.1663508e-10
  -5.9908286e-10
  -5.8209792e-10
  -5.6566475e-10
  -5.4976835e-10
  -5.3439418e-10
  -5.1952817e-10
  -5.0515671e-10
  -4.9126661e-10
  -4.7784514e-10
  -4.6487998e-10
  -4.5235919e-10
  -4.4027128e-10
  -4.2860510e-10
  -4.1734992e-10
  -4.0649536e-10
  -3.9603141e-10
  -3.8594840e-10
  -3.7623703e-10
  -3.6688832e-10
  -3.5789363e-10
  -3.4924463e-10
  -3.4093332e-10
  -3.3295201e-10
  -3.2529329e-10
  -3.1795009e-10
  -3.1091558e-10
  -3.0418326e-10
  -2.9774689e-10
  -2.9160050e-10
  -2.8573839e-10
  -2.8015514e-10
  -2.7484557e-10
  -2.6980479e-10
  -2.6502812e-10
  -2.6051116e-10
  -2.5624973e-10
  -2.5223993e-10
  -2.4847805e-10
  -2.4496066e-10
  -2.4168453e-10
  -2.3864669e-10
  -2.3584437e-10
  -2.3327505e-10
  -2.3093641e-10
  -2.2882639e-10
  -2.2694311e-10
  -2.2528495e-10
  -2.2385047e-10
  -2.2263849e-10
  -2.2164801e-10
  -2.2087828e-10
  -2.2032875e-10
  -2.1999908e-10
  -2.1988918e-10
