   2.9500000e+04  -1.0921017e-01
   2.9500500e+04  -2.1247216e-01
   2.9501000e+04  -2.6372250e-01
   2.9501500e+04  -2.5041330e-01
   2.9502000e+04  -1.7580226e-01
   2.9502500e+04  -5.8154774e-02
   2.9503000e+04   7.3717514e-02
   2.9503500e+04   1.8753801e-01
   2.9504000e+04   2.5543112e-01
   2.9504500e+04   2.6077979e-01
   2.9505000e+04   2.0226994e-01
   2.9505500e+04   9.4231981e-02
   2.9506000e+04  -3.6890053e-02
   2.9506500e+04  -1.5898445e-01
   2.9507000e+04  -2.4216476e-01
   2.9507500e+04  -2.6606077e-01
   2.9508000e+04  -2.2482561e-01
   2.9508500e+04  -1.2855452e-01
   2.9509000e+04  -8.1394906e-04
   2.9509500e+04   1.2711289e-01
   2.9510000e+04   2.2391287e-01
   2.9510500e+04   2.6588214e-01
   2.9511000e+04   2.4274659e-01
   2.9511500e+04   1.6016680e-01
   2.9512000e+04   3.8368262e-02
   2.9512500e+04  -9.2836630e-02
   2.9513000e+04  -2.0131627e-01
   2.9513500e+04  -2.6051830e-01
   2.9514000e+04  -2.5594167e-01
   2.9514500e+04  -1.8871354e-01
   2.9515000e+04  -7.5286012e-02
   2.9515500e+04   5.6562166e-02
   2.9516000e+04   1.7455574e-01
   2.9516500e+04   2.4980199e-01
   2.9517000e+04   2.6388197e-01
   2.9517500e+04   2.1334354e-01
   2.9518000e+04   1.1056663e-01
   2.9518500e+04  -1.9295364e-02
   2.9519000e+04  -1.4443325e-01
   2.9519500e+04  -2.3422545e-01
   2.9520000e+04  -2.6667468e-01
   2.9520500e+04  -2.3384258e-01
   2.9521000e+04  -1.4376427e-01
   2.9521500e+04  -1.8499311e-02
   2.9522000e+04   1.1129150e-01
   2.9522500e+04   2.1382259e-01
   2.9523000e+04   2.6399420e-01
   2.9523500e+04   2.4952297e-01
   2.9524000e+04   1.7395255e-01
   2.9524500e+04   5.5782063e-02
   2.9525000e+04  -7.6053144e-02
   2.9525500e+04  -1.8927640e-01
   2.9526000e+04  -2.5616519e-01
   2.9526500e+04  -2.6034623e-01
   2.9527000e+04  -2.0079243e-01
   2.9527500e+04  -9.2087444e-02
   2.9528000e+04   3.9158108e-02
   2.9528500e+04   1.6080571e-01
   2.9529000e+04   2.4307352e-01
   2.9529500e+04   2.6582213e-01
   2.9530000e+04   2.2348020e-01
   2.9530500e+04   1.2641232e-01
   2.9531000e+04  -1.6148799e-03
   2.9531500e+04  -1.2925133e-01
   2.9532000e+04  -2.2525389e-01
   2.9532500e+04  -2.6611689e-01
   2.9533000e+04  -2.4182768e-01
   2.9533500e+04  -1.5834260e-01
   2.9534000e+04  -3.6099243e-02
   2.9534500e+04   9.4976559e-02
   2.9535000e+04   2.0279016e-01
   2.9535500e+04   2.6094097e-01
   2.9536000e+04   2.5520390e-01
   2.9536500e+04   1.8696892e-01
   2.9537000e+04   7.2952336e-02
   2.9537500e+04  -5.8934650e-02
   2.9538000e+04  -1.7640101e-01
   2.9538500e+04  -2.5068669e-01
   2.9539000e+04  -2.6360323e-01
   2.9539500e+04  -2.1198944e-01
   2.9540000e+04  -1.0848013e-01
   2.9540500e+04   2.1577843e-02
   2.9541000e+04   1.4634638e-01
   2.9541500e+04   2.3527512e-01
   2.9542000e+04   2.6659283e-01
   2.9542500e+04   2.3263027e-01
   2.9543000e+04   1.4170166e-01
   2.9543500e+04   1.6076779e-02
   2.9544000e+04  -1.1350094e-01
   2.9544500e+04  -2.1528996e-01
   2.9545000e+04  -2.6438312e-01
   2.9545500e+04  -2.4875078e-01
   2.9546000e+04  -1.7222640e-01
   2.9546500e+04  -5.3539203e-02
   2.9547000e+04   7.8241934e-02
   2.9547500e+04   1.9086367e-01
   2.9548000e+04   2.5674468e-01
   2.9548500e+04   2.5975623e-01
   2.9549000e+04   1.9916347e-01
   2.9549500e+04   8.9799272e-02
   2.9550000e+04  -4.1558275e-02
   2.9550500e+04  -1.6275056e-01
   2.9551000e+04  -2.4410222e-01
   2.9551500e+04  -2.6570012e-01
   2.9552000e+04  -2.2225022e-01
   2.9552500e+04  -1.2439877e-01
   2.9553000e+04   3.9053404e-03
   2.9553500e+04   1.3124456e-01
   2.9554000e+04   2.2643796e-01
   2.9554500e+04   2.6618864e-01
   2.9555000e+04   2.4075614e-01
   2.9555500e+04   1.5636910e-01
   2.9556000e+04   3.3690264e-02
   2.9556500e+04  -9.7247068e-02
   2.9557000e+04  -2.0437919e-01
   2.9557500e+04  -2.6148785e-01
   2.9558000e+04  -2.5457595e-01
   2.9558500e+04  -1.8534873e-01
   2.9559000e+04  -7.0745732e-02
   2.9559500e+04   6.1167237e-02
   2.9560000e+04   1.7809576e-01
   2.9560500e+04   2.5141261e-01
   2.9561000e+04   2.6316881e-01
   2.9561500e+04   2.1047792e-01
   2.9562000e+04   1.0625287e-01
   2.9562500e+04  -2.3998101e-02
   2.9563000e+04  -1.4838004e-01
   2.9563500e+04  -2.3644763e-01
   2.9564000e+04  -2.6662384e-01
   2.9564500e+04  -2.3153685e-01
   2.9565000e+04  -1.3976796e-01
   2.9565500e+04  -1.3784784e-02
   2.9566000e+04   1.1556249e-01
   2.9566500e+04   2.1660562e-01
   2.9567000e+04   2.6461365e-01
   2.9567500e+04   2.4782061e-01
   2.9568000e+04   1.7034771e-01
   2.9568500e+04   5.1158529e-02
   2.9569000e+04  -8.0564291e-02
   2.9569500e+04  -1.9257214e-01
   2.9570000e+04  -2.5743809e-01
   2.9570500e+04  -2.5928364e-01
   2.9571000e+04  -1.9765484e-01
   2.9571500e+04  -8.7642569e-02
   2.9572000e+04   4.3819037e-02
   2.9572500e+04   1.6454631e-01
   2.9573000e+04   2.4497538e-01
   2.9573500e+04   2.6541918e-01
   2.9574000e+04   2.2087000e-01
   2.9574500e+04   1.2223660e-01
   2.9575000e+04  -6.3335609e-03
   2.9575500e+04  -1.3336137e-01
   2.9576000e+04  -2.2774406e-01
   2.9576500e+04  -2.6637968e-01
   2.9577000e+04  -2.3979910e-01
   2.9577500e+04  -1.5452024e-01
   2.9578000e+04  -3.1416865e-02
   2.9578500e+04   9.9371750e-02
   2.9579000e+04   2.0582080e-01
   2.9579500e+04   2.6186981e-01
   2.9580000e+04   2.5379607e-01
   2.9580500e+04   1.8357498e-01
   2.9581000e+04   6.8401595e-02
   2.9581500e+04  -6.3529424e-02
   2.9582000e+04  -1.7991286e-01
   2.9582500e+04  -2.5225599e-01
   2.9583000e+04  -2.6284772e-01
   2.9583500e+04  -2.0909164e-01
   2.9584000e+04  -1.0415244e-01
   2.9584500e+04   2.6281714e-02
   2.9585000e+04   1.5026599e-01
   2.9585500e+04   2.3746021e-01
   2.9586000e+04   2.6650091e-01
   2.9586500e+04   2.3028733e-01
   2.9587000e+04   1.3768048e-01
   2.9587500e+04   1.1361397e-02
   2.9588000e+04  -1.1775297e-01
   2.9588500e+04  -2.1804291e-01
   2.9589000e+04  -2.6495794e-01
   2.9589500e+04  -2.4701086e-01
   2.9590000e+04  -1.6859250e-01
   2.9590500e+04  -4.8909319e-02
   2.9591000e+04   8.2743847e-02
   2.9591500e+04   1.9412922e-01
   2.9592000e+04   2.5797594e-01
   2.9592500e+04   2.5865195e-01
   2.9593000e+04   1.9599345e-01
   2.9593500e+04   8.5343336e-02
   2.9594000e+04  -4.6214998e-02
   2.9594500e+04  -1.6646373e-01
   2.9595000e+04  -2.4596408e-01
   2.9595500e+04  -2.6525431e-01
   2.9596000e+04  -2.1960960e-01
   2.9596500e+04  -1.2020204e-01
   2.9597000e+04   8.6251091e-03
   2.9597500e+04   1.3532977e-01
   2.9598000e+04   2.2889819e-01
   2.9598500e+04   2.6641028e-01
   2.9599000e+04   2.3868982e-01
   2.9599500e+04   1.5252208e-01
   2.9600000e+04   2.9003201e-02
   2.9600500e+04  -1.0162728e-01
   2.9601000e+04  -2.0738119e-01
   2.9601500e+04  -2.6236983e-01
   2.9602000e+04  -2.5313171e-01
   2.9602500e+04  -1.8192431e-01
   2.9603000e+04  -6.6185354e-02
   2.9603500e+04   6.5750011e-02
   2.9604000e+04   1.8158084e-01
   2.9604500e+04   2.5294283e-01
   2.9605000e+04   2.6237035e-01
   2.9605500e+04   2.0755148e-01
   2.9606000e+04   1.0190616e-01
   2.9606500e+04  -2.8694738e-02
   2.9607000e+04  -1.5228003e-01
   2.9607500e+04  -2.3859217e-01
   2.9608000e+04  -2.6649154e-01
   2.9608500e+04  -2.2915935e-01
   2.9609000e+04  -1.3572476e-01
   2.9609500e+04  -9.0706115e-03
   2.9610000e+04   1.1979722e-01
   2.9610500e+04   2.1932535e-01
   2.9611000e+04   2.6514552e-01
   2.9611500e+04   2.4604390e-01
   2.9612000e+04   1.6668922e-01
   2.9612500e+04   4.6517880e-02
   2.9613000e+04  -8.5050154e-02
   2.9613500e+04  -1.9580720e-01
   2.9614000e+04  -2.5862761e-01
   2.9614500e+04  -2.5813942e-01
   2.9615000e+04  -1.9445452e-01
   2.9615500e+04  -8.3171561e-02
   2.9616000e+04   4.8467367e-02
   2.9616500e+04   1.6823281e-01
   2.9617000e+04   2.4680029e-01
   2.9617500e+04   2.6493209e-01
   2.9618000e+04   2.1819096e-01
   2.9618500e+04   1.1802418e-01
   2.9619000e+04  -1.1051077e-02
   2.9619500e+04  -1.3742921e-01
   2.9620000e+04  -2.3016301e-01
   2.9620500e+04  -2.6656017e-01
   2.9621000e+04  -2.3769757e-01
   2.9621500e+04  -1.5064915e-01
   2.9622000e+04  -2.6726105e-02
   2.9622500e+04   1.0373811e-01
   2.9623000e+04   2.0878733e-01
   2.9623500e+04   2.6271556e-01
   2.9624000e+04   2.5230937e-01
   2.9624500e+04   1.8012539e-01
   2.9625000e+04   6.3825511e-02
   2.9625500e+04  -6.8103098e-02
   2.9626000e+04  -1.8336906e-01
   2.9626500e+04  -2.5374699e-01
   2.9627000e+04  -2.6201088e-01
   2.9627500e+04  -2.0612722e-01
   2.9628000e+04  -9.9791098e-02
   2.9628500e+04   3.0970964e-02
   2.9629000e+04   1.5414478e-01
   2.9629500e+04   2.3956600e-01
   2.9630000e+04   2.6632689e-01
   2.9630500e+04   2.2787433e-01
   2.9631000e+04   1.3362102e-01
   2.9631500e+04   6.6410736e-03
   2.9632000e+04  -1.2196840e-01
   2.9632500e+04  -2.2072670e-01
   2.9633000e+04  -2.6545252e-01
   2.9633500e+04  -2.4519271e-01
   2.9634000e+04  -1.6491000e-01
   2.9634500e+04  -4.4261011e-02
   2.9635000e+04   8.7217968e-02
   2.9635500e+04   1.9733305e-01
   2.9636000e+04   2.5912560e-01
   2.9636500e+04   2.5746933e-01
   2.9637000e+04   1.9276369e-01
   2.9637500e+04   8.0857085e-02
   2.9638000e+04  -5.0854773e-02
   2.9638500e+04  -1.7012603e-01
   2.9639000e+04  -2.4774900e-01
   2.9639500e+04  -2.6472635e-01
   2.9640000e+04  -2.1689653e-01
   2.9640500e+04  -1.1597105e-01
   2.9641000e+04   1.3339934e-02
   2.9641500e+04   1.3937570e-01
   2.9642000e+04   2.3127928e-01
   2.9642500e+04   2.6655162e-01
   2.9643000e+04   2.3654948e-01
   2.9643500e+04   1.4862798e-01
   2.9644000e+04   2.4306535e-02
   2.9644500e+04  -1.0597444e-01
   2.9645000e+04  -2.1031759e-01
   2.9645500e+04  -2.6317306e-01
   2.9646000e+04  -2.5160676e-01
   2.9646500e+04  -1.7844506e-01
   2.9647000e+04  -6.1602786e-02
   2.9647500e+04   7.0313982e-02
   2.9648000e+04   1.8500846e-01
   2.9648500e+04   2.5439516e-01
   2.9649000e+04   2.6149046e-01
   2.9649500e+04   2.0455805e-01
   2.9650000e+04   9.7527618e-02
   2.9650500e+04  -3.3383238e-02
   2.9651000e+04  -1.5613217e-01
   2.9651500e+04  -2.4065940e-01
   2.9652000e+04  -2.6627869e-01
   2.9652500e+04  -2.2670640e-01
   2.9653000e+04  -1.3164122e-01
   2.9653500e+04  -4.3515460e-03
   2.9654000e+04   1.2399513e-01
   2.9654500e+04   2.2197267e-01
   2.9655000e+04   2.6559938e-01
   2.9655500e+04   2.4418755e-01
   2.9656000e+04   1.6297970e-01
   2.9656500e+04   4.1863799e-02
   2.9657000e+04  -8.9510838e-02
   2.9657500e+04  -1.9898173e-01
   2.9658000e+04  -2.5973972e-01
   2.9658500e+04  -2.5691339e-01
   2.9659000e+04  -1.9119473e-01
   2.9659500e+04  -7.8673689e-02
   2.9660000e+04   5.3104354e-02
   2.9660500e+04   1.7186719e-01
   2.9661000e+04   2.4854555e-01
   2.9661500e+04   2.6436350e-01
   2.9662000e+04   2.1544632e-01
   2.9662500e+04   1.1377092e-01
   2.9663000e+04  -1.5765344e-02
   2.9663500e+04  -1.4144971e-01
   2.9664000e+04  -2.3251626e-01
   2.9664500e+04  -2.6665489e-01
   2.9665000e+04  -2.3552287e-01
   2.9665500e+04  -1.4672978e-01
   2.9666000e+04  -2.2024355e-02
   2.9666500e+04   1.0806840e-01
   2.9667000e+04   2.1169010e-01
   2.9667500e+04   2.6347918e-01
   2.9668000e+04   2.5074593e-01
   2.9668500e+04   1.7661725e-01
   2.9669000e+04   5.9234928e-02
   2.9669500e+04  -7.2656930e-02
   2.9670000e+04  -1.8676749e-01
   2.9670500e+04  -2.5516127e-01
   2.9671000e+04  -2.6108839e-01
   2.9671500e+04  -2.0310285e-01
   2.9672000e+04  -9.5396112e-02
   2.9672500e+04   3.5654719e-02
   2.9673000e+04   1.5797049e-01
   2.9673500e+04   2.4160154e-01
   2.9674000e+04   2.6606816e-01
   2.9674500e+04   2.2538965e-01
   2.9675000e+04   1.2951476e-01
   2.9675500e+04   1.9219053e-03
   2.9676000e+04  -1.2614684e-01
   2.9676500e+04  -2.2334263e-01
   2.9677000e+04  -2.6585950e-01
   2.9677500e+04  -2.4329960e-01
   2.9678000e+04  -1.6117461e-01
   2.9678500e+04  -3.9598327e-02
   2.9679000e+04   9.1662840e-02
   2.9679500e+04   2.0047466e-01
   2.9680000e+04   2.6019646e-01
   2.9680500e+04   2.5620352e-01
   2.9681000e+04   1.8947374e-01
   2.9681500e+04   7.6346051e-02
   2.9682000e+04  -5.5480625e-02
   2.9682500e+04  -1.7373381e-01
   2.9683000e+04  -2.4945927e-01
   2.9683500e+04  -2.6411498e-01
   2.9684000e+04  -2.1411637e-01
   2.9684500e+04  -1.1170064e-01
   2.9685000e+04   1.8051372e-02
   2.9685500e+04   1.4337889e-01
   2.9686000e+04   2.3359155e-01
   2.9686500e+04   2.6660584e-01
   2.9687000e+04   2.3433456e-01
   2.9687500e+04   1.4468584e-01
   2.9688000e+04   1.9602658e-02
   2.9688500e+04  -1.1028976e-01
   2.9689000e+04  -2.1318554e-01
   2.9689500e+04  -2.6389425e-01
   2.9690000e+04  -2.5000505e-01
   2.9690500e+04  -1.7490717e-01
   2.9691000e+04  -5.7001558e-02
   2.9691500e+04   7.4857856e-02
   2.9692000e+04   1.8837582e-01
   2.9692500e+04   2.5576977e-01
   2.9693000e+04   2.6052998e-01
   2.9693500e+04   2.0149602e-01
   2.9694000e+04   9.3120449e-02
   2.9694500e+04  -3.8059288e-02
   2.9695000e+04  -1.5993723e-01
   2.9695500e+04  -2.4265661e-01
   2.9696000e+04  -2.6597769e-01
   2.9696500e+04  -2.2418759e-01
   2.9697000e+04  -1.2751409e-01
   2.9697500e+04   3.6966810e-04
   2.9698000e+04   1.2815236e-01
   2.9698500e+04   2.2455453e-01
   2.9699000e+04   2.6596639e-01
   2.9699500e+04   2.4225369e-01
   2.9700000e+04   1.5921961e-01
   2.9700500e+04   3.7195908e-02
   2.9701000e+04  -9.3944909e-02
   2.9701500e+04  -2.0209224e-01
   2.9702000e+04  -2.6076869e-01
   2.9702500e+04  -2.5560823e-01
   2.9703000e+04  -1.8787429e-01
   2.9703500e+04  -7.4149602e-02
   2.9704000e+04   5.7718157e-02
   2.9704500e+04   1.7545024e-01
   2.9705000e+04   2.5021251e-01
   2.9705500e+04   2.6371173e-01
   2.9706000e+04   2.1263225e-01
   2.9706500e+04   1.0948649e-01
   2.9707000e+04  -2.0475452e-02
   2.9707500e+04  -1.4542944e-01
   2.9708000e+04  -2.3478979e-01
   2.9708500e+04  -2.6667120e-01
   2.9709000e+04  -2.3326988e-01
   2.9709500e+04  -1.4276494e-01
   2.9710000e+04  -1.7315633e-02
   2.9710500e+04   1.1236422e-01
   2.9711000e+04   2.1452895e-01
   2.9711500e+04   2.6415593e-01
   2.9712000e+04   2.4910323e-01
   2.9712500e+04   1.7305172e-01
   2.9713000e+04   5.4624402e-02
   2.9713500e+04  -7.7186412e-02
   2.9714000e+04  -1.9010826e-01
   2.9714500e+04  -2.5649133e-01
   2.9715000e+04  -2.6008611e-01
   2.9715500e+04  -2.0001179e-01
   2.9716000e+04  -9.0974592e-02
   2.9716500e+04   4.0327228e-02
   2.9717000e+04   1.6174854e-01
   2.9717500e+04   2.4355811e-01
   2.9718000e+04   2.6572811e-01
   2.9718500e+04   2.2283122e-01
   2.9719000e+04   1.2536909e-01
   2.9719500e+04  -2.7991914e-03
   2.9720000e+04  -1.3028595e-01
   2.9720500e+04  -2.2588565e-01
   2.9721000e+04  -2.6618852e-01
   2.9721500e+04  -2.4132647e-01
   2.9722000e+04  -1.5738782e-01
   2.9722500e+04  -3.4925427e-02
   2.9723000e+04   9.6081364e-02
   2.9723500e+04   2.0355710e-01
   2.9724000e+04   2.6118221e-01
   2.9724500e+04   2.5485628e-01
   2.9725000e+04   1.8612403e-01
   2.9725500e+04   7.1812674e-02
   2.9726000e+04  -6.0089573e-02
   2.9726500e+04  -1.7728752e-01
   2.9727000e+04  -2.5108669e-01
   2.9727500e+04  -2.6342246e-01
   2.9728000e+04  -2.1126813e-01
   2.9728500e+04  -1.0739716e-01
   2.9729000e+04   2.2758045e-02
   2.9729500e+04   1.4733607e-01
   2.9730000e+04   2.3582973e-01
   2.9730500e+04   2.6657792e-01
   2.9731000e+04   2.3204691e-01
   2.9731500e+04   1.4070084e-01
   2.9732000e+04   1.4890134e-02
   2.9732500e+04  -1.1456804e-01
   2.9733000e+04  -2.1598877e-01
   2.9733500e+04  -2.6453472e-01
   2.9734000e+04  -2.4832080e-01
   2.9734500e+04  -1.7131854e-01
   2.9735000e+04  -5.2379741e-02
   2.9735500e+04   7.9376089e-02
   2.9736000e+04   1.9168565e-01
   2.9736500e+04   2.5706220e-01
   2.9737000e+04   2.5948499e-01
   2.9737500e+04   1.9837461e-01
   2.9738000e+04   8.8683906e-02
   2.9738500e+04  -4.2726377e-02
   2.9739000e+04  -1.6368551e-01
   2.9739500e+04  -2.4457856e-01
   2.9740000e+04  -2.6559379e-01
   2.9740500e+04  -2.2159556e-01
   2.9741000e+04  -1.2335088e-01
   2.9741500e+04   5.0891335e-03
   2.9742000e+04   1.3227128e-01
   2.9742500e+04   2.2706424e-01
   2.9743000e+04   2.6624978e-01
   2.9743500e+04   2.4024682e-01
   2.9744000e+04   1.5540878e-01
   2.9744500e+04   3.2516363e-02
   2.9745000e+04  -9.8348915e-02
   2.9745500e+04  -2.0513779e-01
   2.9746000e+04  -2.6171639e-01
   2.9746500e+04  -2.5422043e-01
   2.9747000e+04  -1.8449618e-01
   2.9747500e+04  -6.9603245e-02
   2.9748000e+04   6.2317410e-02
   2.9748500e+04   1.7897535e-01
   2.9749000e+04   2.5180380e-01
   2.9749500e+04   2.6297496e-01
   2.9750000e+04   2.0975188e-01
   2.9750500e+04   1.0516477e-01
   2.9751000e+04  -2.5176735e-02
   2.9751500e+04  -1.4936405e-01
   2.9752000e+04  -2.3698967e-01
   2.9752500e+04  -2.6660141e-01
   2.9753000e+04  -2.3094469e-01
   2.9753500e+04  -1.3875931e-01
   2.9754000e+04  -1.2601973e-02
   2.9754500e+04   1.1662866e-01
   2.9755000e+04   2.1729529e-01
   2.9755500e+04   2.6475292e-01
   2.9756000e+04   2.4738391e-01
   2.9756500e+04   1.6943364e-01
   2.9757000e+04   4.9995113e-02
   2.9757500e+04  -8.1692331e-02
   2.9758000e+04  -1.9338804e-01
   2.9758500e+04  -2.5774476e-01
   2.9759000e+04  -2.5900271e-01
   2.9759500e+04  -1.9685881e-01
   2.9760000e+04  -8.6522691e-02
   2.9760500e+04   4.4986065e-02
   2.9761000e+04   1.6547648e-01
   2.9761500e+04   2.4543855e-01
   2.9762000e+04   2.6530310e-01
   2.9762500e+04   2.2020639e-01
   2.9763000e+04   1.2118110e-01
   2.9763500e+04  -7.5150718e-03
   2.9764000e+04  -1.3438394e-01
   2.9764500e+04  -2.2835947e-01
   2.9765000e+04  -2.6643070e-01
   2.9765500e+04  -2.3928108e-01
   2.9766000e+04  -1.5355476e-01
   2.9766500e+04  -3.0240100e-02
   2.9767000e+04   1.0046860e-01
   2.9767500e+04   2.0657272e-01
   2.9768000e+04   2.6209020e-01
   2.9768500e+04   2.5343068e-01
   2.9769000e+04   1.8271626e-01
   2.9769500e+04   6.7256316e-02
   2.9770000e+04  -6.4679779e-02
   2.9770500e+04  -1.8078558e-01
   2.9771000e+04  -2.5263848e-01
   2.9771500e+04  -2.6264400e-01
   2.9772000e+04  -2.0835675e-01
   2.9772500e+04  -1.0306038e-01
   2.9773000e+04   2.7458085e-02
   2.9773500e+04   1.5124396e-01
   2.9774000e+04   2.3799399e-01
   2.9774500e+04   2.6646639e-01
   2.9775000e+04   2.2968864e-01
   2.9775500e+04   1.3666762e-01
   2.9776000e+04   1.0176450e-02
   2.9776500e+04  -1.1881253e-01
   2.9777000e+04  -2.1872309e-01
   2.9777500e+04  -2.6508991e-01
   2.9778000e+04  -2.4656141e-01
   2.9778500e+04  -1.6767524e-01
   2.9779000e+04  -4.7743098e-02
   2.9779500e+04   8.3867012e-02
   2.9780000e+04   1.9493827e-01
   2.9780500e+04   2.5827195e-01
   2.9781000e+04   2.5836264e-01
   2.9781500e+04   1.9518981e-01
   2.9782000e+04   8.4219042e-02
   2.9782500e+04  -4.7379656e-02
   2.9783000e+04  -1.6738703e-01
   2.9783500e+04  -2.4641865e-01
   2.9784000e+04  -2.6513014e-01
   2.9784500e+04  -2.1893425e-01
   2.9785000e+04  -1.1914570e-01
   2.9785500e+04   9.8088360e-03
   2.9786000e+04   1.3634741e-01
   2.9786500e+04   2.2950238e-01
   2.9787000e+04   2.6645312e-01
   2.9787500e+04   2.3816176e-01
   2.9788000e+04   1.5154792e-01
   2.9788500e+04   2.7827017e-02
   2.9789000e+04  -1.0271969e-01
   2.9789500e+04  -2.0812366e-01
   2.9790000e+04  -2.6257952e-01
   2.9790500e+04  -2.5275678e-01
   2.9791000e+04  -1.8105821e-01
   2.9791500e+04  -6.5038603e-02
   2.9792000e+04   6.6899252e-02
   2.9792500e+04   1.8244463e-01
   2.9793000e+04   2.5331644e-01
   2.9793500e+04   2.6215962e-01
   2.9794000e+04   2.0680387e-01
   2.9794500e+04   1.0081198e-01
   2.9795000e+04  -2.9872328e-02
   2.9795500e+04  -1.5325325e-01
   2.9796000e+04  -2.3911677e-01
   2.9796500e+04  -2.6644744e-01
   2.9797000e+04  -2.2854994e-01
   2.9797500e+04  -1.3470510e-01
   2.9798000e+04  -7.8843082e-03
   2.9798500e+04   1.2085272e-01
   2.9799000e+04   2.1999668e-01
   2.9799500e+04   2.6526801e-01
   2.9800000e+04   2.4558434e-01
   2.9800500e+04   1.6576568e-01
   2.9801000e+04   4.5351436e-02
   2.9801500e+04  -8.6174432e-02
   2.9802000e+04  -1.9660587e-01
   2.9802500e+04  -2.5891731e-01
   2.9803000e+04  -2.5783924e-01
   2.9803500e+04  -1.9364210e-01
   2.9804000e+04  -8.2045103e-02
   2.9804500e+04   4.9632095e-02
   2.9805000e+04   1.6914938e-01
   2.9805500e+04   2.4724570e-01
   2.9806000e+04   2.6479717e-01
   2.9806500e+04   2.1750934e-01
   2.9807000e+04   1.1696040e-01
   2.9807500e+04  -1.2233525e-02
   2.9808000e+04  -1.3844076e-01
   2.9808500e+04  -2.3076093e-01
   2.9809000e+04  -2.6659164e-01
   2.9809500e+04  -2.3715805e-01
   2.9810000e+04  -1.4967174e-01
   2.9810500e+04  -2.5545900e-02
   2.9811000e+04   1.0482503e-01
   2.9811500e+04   2.0952291e-01
   2.9812000e+04   2.6291451e-01
   2.9812500e+04   2.5192645e-01
   2.9813000e+04   1.7924914e-01
   2.9813500e+04   6.2678651e-02
   2.9814000e+04  -6.9248855e-02
   2.9814500e+04  -1.8422623e-01
   2.9815000e+04  -2.5411084e-01
   2.9815500e+04  -2.6178640e-01
   2.9816000e+04  -2.0537593e-01
   2.9816500e+04  -9.8691567e-02
   2.9817000e+04   3.2147247e-02
   2.9817500e+04   1.5510768e-01
   2.9818000e+04   2.4008676e-01
   2.9818500e+04   2.6626953e-01
   2.9819000e+04   2.2725719e-01
   2.9819500e+04   1.3259337e-01
   2.9820000e+04   5.4582210e-03
   2.9820500e+04  -1.2302336e-01
   2.9821000e+04  -2.2138689e-01
   2.9821500e+04  -2.6556342e-01
   2.9822000e+04  -2.4472364e-01
   2.9822500e+04  -1.6397675e-01
   2.9823000e+04  -4.3091791e-02
   2.9823500e+04   8.8334949e-02
   2.9824000e+04   1.9812766e-01
   2.9824500e+04   2.5940221e-01
   2.9825000e+04   2.5715712e-01
   2.9825500e+04   1.9194517e-01
   2.9826000e+04   7.9726930e-02
   2.9826500e+04  -5.2016936e-02
   2.9827000e+04  -1.7103583e-01
   2.9827500e+04  -2.4818566e-01
   2.9828000e+04  -2.6458178e-01
   2.9828500e+04  -2.1620555e-01
   2.9829000e+04  -1.1490221e-01
   2.9829500e+04   1.4522442e-02
   2.9830000e+04   1.4038402e-01
   2.9830500e+04   2.3186712e-01
   2.9831000e+04   2.6657248e-01
   2.9831500e+04   2.3600143e-01
   2.9832000e+04   1.4764322e-01
   2.9832500e+04   2.3125541e-02
   2.9833000e+04  -1.0705747e-01
   2.9833500e+04  -2.1104473e-01
   2.9834000e+04  -2.6336334e-01
   2.9834500e+04  -2.5121019e-01
   2.9835000e+04  -1.7756458e-01
   2.9835500e+04  -6.0450133e-02
   2.9836000e+04   7.1456514e-02
   2.9836500e+04   1.8585772e-01
   2.9837000e+04   2.5474893e-01
   2.9837500e+04   2.6125644e-01
   2.9838000e+04   2.0379525e-01
   2.9838500e+04   9.6426975e-02
   2.9839000e+04  -3.4559232e-02
   2.9839500e+04  -1.5709050e-01
   2.9840000e+04  -2.4116948e-01
   2.9840500e+04  -2.6621063e-01
   2.9841000e+04  -2.2608140e-01
   2.9841500e+04  -1.3060958e-01
   2.9842000e+04  -3.1668411e-03
   2.9842500e+04   1.2504216e-01
   2.9843000e+04   2.2262757e-01
   2.9843500e+04   2.6570010e-01
   2.9844000e+04   2.4370780e-01
   2.9844500e+04   1.6204276e-01
   2.9845000e+04   4.0692848e-02
   2.9845500e+04  -9.0627527e-02
   2.9846000e+04  -1.9976657e-01
   2.9846500e+04  -2.6000568e-01
   2.9847000e+04  -2.5659161e-01
   2.9847500e+04  -1.9036631e-01
   2.9848000e+04  -7.7541421e-02
   2.9848500e+04   5.4262120e-02
   2.9849000e+04   1.7277124e-01
   2.9849500e+04   2.4897003e-01
   2.9850000e+04   2.6420599e-01
   2.9850500e+04   2.1474740e-01
   2.9851000e+04   1.1269898e-01
   2.9851500e+04  -1.6947096e-02
   2.9852000e+04  -1.4245210e-01
   2.9852500e+04  -2.3309173e-01
   2.9853000e+04  -2.6666796e-01
   2.9853500e+04  -2.3496255e-01
   2.9854000e+04  -1.4574039e-01
   2.9854500e+04  -2.0843822e-02
   2.9855000e+04   1.0914951e-01
   2.9855500e+04   2.1240970e-01
   2.9856000e+04   2.6365384e-01
   2.9856500e+04   2.5034342e-01
   2.9857000e+04   1.7572564e-01
   2.9857500e+04   5.8080214e-02
   2.9858000e+04  -7.3794255e-02
   2.9858500e+04  -1.8761237e-01
   2.9859000e+04  -2.5550091e-01
   2.9859500e+04  -2.6084718e-01
   2.9860000e+04  -2.0232997e-01
   2.9860500e+04  -9.4292873e-02
   2.9861000e+04   3.6829599e-02
   2.9861500e+04   1.5892314e-01
   2.9862000e+04   2.4209927e-01
   2.9862500e+04   2.6599235e-01
   2.9863000e+04   2.2475276e-01
   2.9863500e+04   1.2847869e-01
   2.9864000e+04   7.3918773e-04
   2.9864500e+04  -1.2719155e-01
   2.9865000e+04  -2.2398593e-01
   2.9865500e+04  -2.6595047e-01
   2.9866000e+04  -2.4281094e-01
   2.9866500e+04  -1.6023008e-01
   2.9867000e+04  -3.8426231e-02
   2.9867500e+04   9.2775252e-02
   2.9868000e+04   2.0125354e-01
   2.9868500e+04   2.6045105e-01
   2.9869000e+04   2.5587316e-01
   2.9869500e+04   1.8863766e-01
   2.9870000e+04   7.5212792e-02
   2.9870500e+04  -5.6641062e-02
   2.9871000e+04  -1.7462849e-01
   2.9871500e+04  -2.4987533e-01
   2.9872000e+04  -2.6394821e-01
   2.9872500e+04  -2.1340768e-01
   2.9873000e+04  -1.1062450e-01
   2.9873500e+04   1.9231774e-02
   2.9874000e+04   1.4437583e-01
   2.9874500e+04   2.3415755e-01
   2.9875000e+04   2.6660668e-01
   2.9875500e+04   2.3376909e-01
   2.9876000e+04   1.4369144e-01
   2.9876500e+04   1.8421260e-02
   2.9877000e+04  -1.1136506e-01
   2.9877500e+04  -2.1389555e-01
   2.9878000e+04  -2.6406239e-01
   2.9878500e+04  -2.4958936e-01
   2.9879000e+04  -1.7401343e-01
   2.9879500e+04  -5.5843433e-02
   2.9880000e+04   7.5993478e-02
   2.9880500e+04   1.8921182e-01
   2.9881000e+04   2.5610024e-01
   2.9881500e+04   2.6027705e-01
   2.9882000e+04   2.0071745e-01
   2.9882500e+04   9.2011248e-02
   2.9883000e+04  -3.9232249e-02
   2.9883500e+04  -1.6088066e-01
   2.9884000e+04  -2.4314600e-01
   2.9884500e+04  -2.6588829e-01
   2.9885000e+04  -2.2354372e-01
   2.9885500e+04  -1.2647390e-01
   2.9886000e+04   1.5531817e-03
   2.9886500e+04   1.2919121e-01
   2.9887000e+04   2.2518823e-01
   2.9887500e+04   2.6604773e-01
   2.9888000e+04   2.4175588e-01
   2.9888500e+04   1.5826862e-01
   2.9889000e+04   3.6022848e-02
   2.9889500e+04  -9.5051747e-02
   2.9890000e+04  -2.0286381e-01
   2.9890500e+04  -2.6101248e-01
   2.9891000e+04  -2.5526722e-01
   2.9891500e+04  -1.8703234e-01
   2.9892000e+04  -7.3012105e-02
   2.9892500e+04   5.8875699e-02
   2.9893000e+04   1.7633783e-01
   2.9893500e+04   2.5061996e-01
   2.9894000e+04   2.6353272e-01
   2.9894500e+04   2.1191627e-01
   2.9895000e+04   1.0840479e-01
   2.9895500e+04  -2.1654975e-02
   2.9896000e+04  -1.4642145e-01
   2.9896500e+04  -2.3534651e-01
   2.9897000e+04  -2.6666112e-01
   2.9897500e+04  -2.3269554e-01
   2.9898000e+04  -1.4176212e-01
   2.9898500e+04  -1.6135245e-02
   2.9899000e+04   1.1343768e-01
   2.9899500e+04   2.1522719e-01
   2.9900000e+04   2.6431571e-01
   2.9900500e+04   2.4867721e-01
   2.9901000e+04   1.7215303e-01
   2.9901500e+04   5.3464225e-02
   2.9902000e+04  -7.8318425e-02
   2.9902500e+04  -1.9093554e-01
   2.9903000e+04  -2.5681573e-01
   2.9903500e+04  -2.5982369e-01
   2.9904000e+04  -1.9922611e-01
   2.9904500e+04  -8.9862578e-02
   2.9905000e+04   4.1499078e-02
   2.9905500e+04   1.6268774e-01
   2.9906000e+04   2.4403582e-01
   2.9906500e+04   2.6563247e-01
   2.9907000e+04   2.2217754e-01
   2.9907500e+04   1.2432309e-01
   2.9908000e+04  -3.9819222e-03
   2.9908500e+04  -1.3131876e-01
   2.9909000e+04  -2.2651137e-01
   2.9909500e+04  -2.6625870e-01
   2.9910000e+04  -2.4081897e-01
   2.9910500e+04  -1.5643310e-01
   2.9911000e+04  -3.3749353e-02
   2.9911500e+04   9.7183355e-02
   2.9912000e+04   2.0431868e-01
   2.9912500e+04   2.6141889e-01
   2.9913000e+04   2.5450613e-01
   2.9913500e+04   1.8527332e-01
   2.9914000e+04   7.0673290e-02
   2.9914500e+04  -6.1244688e-02
   2.9915000e+04  -1.7816931e-01
   2.9915500e+04  -2.5148374e-01
   2.9916000e+04  -2.6323359e-01
   2.9916500e+04  -2.1054637e-01
   2.9917000e+04  -1.0630938e-01
   2.9917500e+04   2.3935116e-02
   2.9918000e+04   1.4832175e-01
   2.9918500e+04   2.3637935e-01
   2.9919000e+04   2.6655671e-01
   2.9919500e+04   2.3146343e-01
   2.9920000e+04   1.3969231e-01
   2.9920500e+04   1.3709566e-02
   2.9921000e+04  -1.1563723e-01
   2.9921500e+04  -2.1667980e-01
   2.9922000e+04  -2.6468014e-01
   2.9922500e+04  -2.4788915e-01
   2.9923000e+04  -1.7040857e-01
   2.9923500e+04  -5.1218478e-02
   2.9924000e+04   8.0503771e-02
   2.9924500e+04   1.9250876e-01
   2.9925000e+04   2.5737155e-01
   2.9925500e+04   2.5921375e-01
   2.9926000e+04   1.9758046e-01
   2.9926500e+04   8.7566284e-02
   2.9927000e+04  -4.3894461e-02
   2.9927500e+04  -1.6461930e-01
   2.9928000e+04  -2.4504831e-01
   2.9928500e+04  -2.6548675e-01
   2.9929000e+04  -2.2093506e-01
   2.9929500e+04  -1.2229772e-01
   2.9930000e+04   6.2719691e-03
   2.9930500e+04   1.3330090e-01
   2.9931000e+04   2.2768212e-01
   2.9931500e+04   2.6631000e-01
   2.9932000e+04   2.3972957e-01
   2.9932500e+04   1.5444522e-01
   2.9933000e+04   3.1339706e-02
   2.9933500e+04  -9.9446212e-02
   2.9934000e+04  -2.0589548e-01
   2.9934500e+04  -2.6193867e-01
   2.9935000e+04  -2.5386370e-01
   2.9935500e+04  -1.8363654e-01
   2.9936000e+04  -6.8462051e-02
   2.9936500e+04   6.3469118e-02
   2.9937000e+04   1.7985066e-01
   2.9937500e+04   2.5219138e-01
   2.9938000e+04   2.6277884e-01
   2.9938500e+04   2.0901799e-01
   2.9939000e+04   1.0407742e-01
   2.9939500e+04  -2.6356394e-02
   2.9940000e+04  -1.5034317e-01
   2.9940500e+04  -2.3753141e-01
   2.9941000e+04  -2.6656925e-01
   2.9941500e+04  -2.3035265e-01
   2.9942000e+04  -1.3774301e-01
   2.9942500e+04  -1.1422229e-02
   2.9943000e+04   1.1769304e-01
   2.9943500e+04   2.1797896e-01
   2.9944000e+04   2.6488994e-01
   2.9944500e+04   2.4694006e-01
   2.9945000e+04   1.6851914e-01
   2.9945500e+04   4.8831758e-02
   2.9946000e+04  -8.2818769e-02
   2.9946500e+04  -1.9420057e-01
   2.9947000e+04  -2.5804664e-01
   2.9947500e+04  -2.5871948e-01
   2.9948000e+04  -1.9605704e-01
   2.9948500e+04  -8.5403469e-02
   2.9949000e+04   4.6153325e-02
   2.9949500e+04   1.6640206e-01
   2.9950000e+04   2.4589986e-01
   2.9950500e+04   2.6518482e-01
   2.9951000e+04   2.1953672e-01
   2.9951500e+04   1.2012624e-01
   2.9952000e+04  -8.7003386e-03
   2.9952500e+04  -1.3540561e-01
   2.9953000e+04  -2.2896848e-01
   2.9953500e+04  -2.6648084e-01
   2.9954000e+04  -2.3875456e-01
   2.9954500e+04  -1.5258380e-01
   2.9955000e+04  -2.9063303e-02
   2.9955500e+04   1.0156519e-01
   2.9956000e+04   2.0732115e-01
   2.9956500e+04   2.6230353e-01
   2.9957000e+04   2.5306113e-01
   2.9957500e+04   1.8184924e-01
   2.9958000e+04   6.6109728e-02
   2.9958500e+04  -6.5827917e-02
   2.9959000e+04  -1.8165446e-01
   2.9959500e+04  -2.5301473e-01
   2.9960000e+04  -2.6243566e-01
   2.9960500e+04  -2.0761486e-01
   2.9961000e+04  -1.0196785e-01
   2.9961500e+04   2.8635127e-02
   2.9962000e+04   1.5221936e-01
   2.9962500e+04   2.3852520e-01
   2.9963000e+04   2.6642529e-01
   2.9963500e+04   2.2908558e-01
   2.9964000e+04   1.3564895e-01
   2.9964500e+04   8.9940842e-03
   2.9965000e+04  -1.1987273e-01
   2.9965500e+04  -2.1939924e-01
   2.9966000e+04  -2.6521554e-01
   2.9966500e+04  -2.4610811e-01
   2.9967000e+04  -1.6675163e-01
   2.9967500e+04  -4.6578419e-02
   2.9968000e+04   8.4991355e-02
   2.9968500e+04   1.9574365e-01
   2.9969000e+04   2.5856281e-01
   2.9969500e+04   2.5806837e-01
   2.9970000e+04   1.9438050e-01
   2.9970500e+04   8.3096710e-02
   2.9971000e+04  -4.8545911e-02
   2.9971500e+04  -1.6830722e-01
   2.9972000e+04  -2.4686947e-01
   2.9972500e+04  -2.6500158e-01
   2.9973000e+04  -2.1825504e-01
   2.9973500e+04  -1.1808519e-01
   2.9974000e+04   1.0990318e-02
   2.9974500e+04   1.3736704e-01
   2.9975000e+04   2.3009971e-01
   2.9975500e+04   2.6649357e-01
   2.9976000e+04   2.3762562e-01
   2.9976500e+04   1.5057366e-01
   2.9977000e+04   2.6647974e-02
   2.9977500e+04  -1.0381100e-01
   2.9978000e+04  -2.0886267e-01
   2.9978500e+04  -2.6278473e-01
   2.9979000e+04  -2.5237488e-01
   2.9979500e+04  -1.8018733e-01
   2.9980000e+04  -6.3887904e-02
   2.9980500e+04   6.8042827e-02
   2.9981000e+04   1.8330776e-01
   2.9981500e+04   2.5368111e-01
   2.9982000e+04   2.6194064e-01
   2.9982500e+04   2.0605435e-01
   2.9983000e+04   9.9713065e-02
   2.9983500e+04  -3.1047736e-02
   2.9984000e+04  -1.5422014e-01
   2.9984500e+04  -2.3963899e-01
   2.9985000e+04  -2.6639357e-01
   2.9985500e+04  -2.2793668e-01
   2.9986000e+04  -1.3368274e-01
   2.9986500e+04  -6.7016171e-03
   2.9987000e+04   1.2190735e-01
   2.9987500e+04   2.2066362e-01
   2.9988000e+04   2.6538245e-01
   2.9988500e+04   2.4512228e-01
   2.9989000e+04   1.6483601e-01
   2.9989500e+04   4.4182529e-02
   2.9990000e+04  -8.7292190e-02
   2.9990500e+04  -1.9740784e-01
   2.9991000e+04  -2.5919523e-01
   2.9991500e+04  -2.5753426e-01
   2.9992000e+04  -1.9282799e-01
   2.9992500e+04  -8.0915660e-02
   2.9993000e+04   5.0795023e-02
   2.9993500e+04   1.7006244e-01
   2.9994000e+04   2.4768641e-01
   2.9994500e+04   2.6465551e-01
   2.9995000e+04   2.1682336e-01
   2.9995500e+04   1.1589476e-01
   2.9996000e+04  -1.3415397e-02
   2.9996500e+04  -1.3945263e-01
   2.9997000e+04  -2.3135183e-01
   2.9997500e+04  -2.6661801e-01
   2.9998000e+04  -2.3661624e-01
   2.9998500e+04  -1.4868847e-01
   2.9999000e+04  -2.4366287e-02
   2.9999500e+04   1.0591299e-01
   3.0000000e+04   2.1025428e-01
