  -1.5000000e+01   8.4379815e-01
  -1.4990000e+01   8.4422015e-01
  -1.4980000e+01   8.4379808e-01
  -1.4970000e+01   8.4253235e-01
  -1.4960000e+01   8.4042423e-01
  -1.4950000e+01   8.3747583e-01
  -1.4940000e+01   8.3369010e-01
  -1.4930000e+01   8.2907082e-01
  -1.4920000e+01   8.2362261e-01
  -1.4910000e+01   8.1735092e-01
  -1.4900000e+01   8.1026202e-01
  -1.4890000e+01   8.0236299e-01
  -1.4880000e+01   7.9366174e-01
  -1.4870000e+01   7.8416696e-01
  -1.4860000e+01   7.7388814e-01
  -1.4850000e+01   7.6283557e-01
  -1.4840000e+01   7.5102029e-01
  -1.4830000e+01   7.3845412e-01
  -1.4820000e+01   7.2514962e-01
  -1.4810000e+01   7.1112010e-01
  -1.4800000e+01   6.9637958e-01
  -1.4790000e+01   6.8094279e-01
  -1.4780000e+01   6.6482518e-01
  -1.4770000e+01   6.4804286e-01
  -1.4760000e+01   6.3061260e-01
  -1.4750000e+01   6.1255184e-01
  -1.4740000e+01   5.9387863e-01
  -1.4730000e+01   5.7461164e-01
  -1.4720000e+01   5.5477014e-01
  -1.4710000e+01   5.3437397e-01
  -1.4700000e+01   5.1344351e-01
  -1.4690000e+01   4.9199969e-01
  -1.4680000e+01   4.7006396e-01
  -1.4670000e+01   4.4765825e-01
  -1.4660000e+01   4.2480495e-01
  -1.4650000e+01   4.0152692e-01
  -1.4640000e+01   3.7784743e-01
  -1.4630000e+01   3.5379016e-01
  -1.4620000e+01   3.2937915e-01
  -1.4610000e+01   3.0463883e-01
  -1.4600000e+01   2.7959392e-01
  -1.4590000e+01   2.5426946e-01
  -1.4580000e+01   2.2869077e-01
  -1.4570000e+01   2.0288344e-01
  -1.4560000e+01   1.7687325e-01
  -1.4550000e+01   1.5068622e-01
  -1.4540000e+01   1.2434853e-01
  -1.4530000e+01   9.7886518e-02
  -1.4520000e+01   7.1326632e-02
  -1.4510000e+01   4.4695431e-02
  -1.4500000e+01   1.8019542e-02
  -1.4490000e+01  -8.6743632e-03
  -1.4480000e+01  -3.5359596e-02
  -1.4470000e+01  -6.2009474e-02
  -1.4460000e+01  -8.8597354e-02
  -1.4450000e+01  -1.1509665e-01
  -1.4440000e+01  -1.4148087e-01
  -1.4430000e+01  -1.6772364e-01
  -1.4420000e+01  -1.9379870e-01
  -1.4410000e+01  -2.1968001e-01
  -1.4400000e+01  -2.4534167e-01
  -1.4390000e+01  -2.7075803e-01
  -1.4380000e+01  -2.9590368e-01
  -1.4370000e+01  -3.2075347e-01
  -1.4360000e+01  -3.4528257e-01
  -1.4350000e+01  -3.6946644e-01
  -1.4340000e+01  -3.9328091e-01
  -1.4330000e+01  -4.1670216e-01
  -1.4320000e+01  -4.3970678e-01
  -1.4310000e+01  -4.6227178e-01
  -1.4300000e+01  -4.8437457e-01
  -1.4290000e+01  -5.0599308e-01
  -1.4280000e+01  -5.2710568e-01
  -1.4270000e+01  -5.4769126e-01
  -1.4260000e+01  -5.6772925e-01
  -1.4250000e+01  -5.8719960e-01
  -1.4240000e+01  -6.0608285e-01
  -1.4230000e+01  -6.2436012e-01
  -1.4220000e+01  -6.4201314e-01
  -1.4210000e+01  -6.5902426e-01
  -1.4200000e+01  -6.7537646e-01
  -1.4190000e+01  -6.9105340e-01
  -1.4180000e+01  -7.0603941e-01
  -1.4170000e+01  -7.2031949e-01
  -1.4160000e+01  -7.3387938e-01
  -1.4150000e+01  -7.4670552e-01
  -1.4140000e+01  -7.5878507e-01
  -1.4130000e+01  -7.7010597e-01
  -1.4120000e+01  -7.8065690e-01
  -1.4110000e+01  -7.9042730e-01
  -1.4100000e+01  -7.9940741e-01
  -1.4090000e+01  -8.0758824e-01
  -1.4080000e+01  -8.1496163e-01
  -1.4070000e+01  -8.2152019e-01
  -1.4060000e+01  -8.2725738e-01
  -1.4050000e+01  -8.3216744e-01
  -1.4040000e+01  -8.3624548e-01
  -1.4030000e+01  -8.3948742e-01
  -1.4020000e+01  -8.4189001e-01
  -1.4010000e+01  -8.4345086e-01
  -1.4000000e+01  -8.4416839e-01
  -1.3990000e+01  -8.4404191e-01
  -1.3980000e+01  -8.4307152e-01
  -1.3970000e+01  -8.4125821e-01
  -1.3960000e+01  -8.3860378e-01
  -1.3950000e+01  -8.3511089e-01
  -1.3940000e+01  -8.3078303e-01
  -1.3930000e+01  -8.2562453e-01
  -1.3920000e+01  -8.1964055e-01
  -1.3910000e+01  -8.1283706e-01
  -1.3900000e+01  -8.0522088e-01
  -1.3890000e+01  -7.9679961e-01
  -1.3880000e+01  -7.8758168e-01
  -1.3870000e+01  -7.7757630e-01
  -1.3860000e+01  -7.6679348e-01
  -1.3850000e+01  -7.5524399e-01
  -1.3840000e+01  -7.4293939e-01
  -1.3830000e+01  -7.2989197e-01
  -1.3820000e+01  -7.1611479e-01
  -1.3810000e+01  -7.0162161e-01
  -1.3800000e+01  -6.8642693e-01
  -1.3790000e+01  -6.7054595e-01
  -1.3780000e+01  -6.5399453e-01
  -1.3770000e+01  -6.3678922e-01
  -1.3760000e+01  -6.1894724e-01
  -1.3750000e+01  -6.0048641e-01
  -1.3740000e+01  -5.8142520e-01
  -1.3730000e+01  -5.6178267e-01
  -1.3720000e+01  -5.4157844e-01
  -1.3710000e+01  -5.2083273e-01
  -1.3700000e+01  -4.9956628e-01
  -1.3690000e+01  -4.7780034e-01
  -1.3680000e+01  -4.5555669e-01
  -1.3670000e+01  -4.3285755e-01
  -1.3660000e+01  -4.0972563e-01
  -1.3650000e+01  -3.8618406e-01
  -1.3640000e+01  -3.6225637e-01
  -1.3630000e+01  -3.3796648e-01
  -1.3620000e+01  -3.1333869e-01
  -1.3610000e+01  -2.8839761e-01
  -1.3600000e+01  -2.6316818e-01
  -1.3590000e+01  -2.3767562e-01
  -1.3580000e+01  -2.1194543e-01
  -1.3570000e+01  -1.8600334e-01
  -1.3560000e+01  -1.5987527e-01
  -1.3550000e+01  -1.3358735e-01
  -1.3540000e+01  -1.0716587e-01
  -1.3530000e+01  -8.0637238e-02
  -1.3520000e+01  -5.4027985e-02
  -1.3510000e+01  -2.7364713e-02
  -1.3500000e+01  -6.7408125e-04
  -1.3490000e+01   2.6017225e-02
  -1.3480000e+01   5.2682518e-02
  -1.3470000e+01   7.9295137e-02
  -1.3460000e+01   1.0582848e-01
  -1.3450000e+01   1.3225600e-01
  -1.3440000e+01   1.5855130e-01
  -1.3430000e+01   1.8468807e-01
  -1.3420000e+01   2.1064018e-01
  -1.3410000e+01   2.3638169e-01
  -1.3400000e+01   2.6188686e-01
  -1.3390000e+01   2.8713018e-01
  -1.3380000e+01   3.1208642e-01
  -1.3370000e+01   3.3673063e-01
  -1.3360000e+01   3.6103817e-01
  -1.3350000e+01   3.8498473e-01
  -1.3340000e+01   4.0854637e-01
  -1.3330000e+01   4.3169954e-01
  -1.3320000e+01   4.5442107e-01
  -1.3310000e+01   4.7668827e-01
  -1.3300000e+01   4.9847885e-01
  -1.3290000e+01   5.1977105e-01
  -1.3280000e+01   5.4054356e-01
  -1.3270000e+01   5.6077562e-01
  -1.3260000e+01   5.8044699e-01
  -1.3250000e+01   5.9953802e-01
  -1.3240000e+01   6.1802962e-01
  -1.3230000e+01   6.3590329e-01
  -1.3220000e+01   6.5314116e-01
  -1.3210000e+01   6.6972601e-01
  -1.3200000e+01   6.8564124e-01
  -1.3190000e+01   7.0087095e-01
  -1.3180000e+01   7.1539990e-01
  -1.3170000e+01   7.2921358e-01
  -1.3160000e+01   7.4229817e-01
  -1.3150000e+01   7.5464059e-01
  -1.3140000e+01   7.6622849e-01
  -1.3130000e+01   7.7705030e-01
  -1.3120000e+01   7.8709518e-01
  -1.3110000e+01   7.9635311e-01
  -1.3100000e+01   8.0481482e-01
  -1.3090000e+01   8.1247185e-01
  -1.3080000e+01   8.1931655e-01
  -1.3070000e+01   8.2534207e-01
  -1.3060000e+01   8.3054239e-01
  -1.3050000e+01   8.3491231e-01
  -1.3040000e+01   8.3844745e-01
  -1.3030000e+01   8.4114429e-01
  -1.3020000e+01   8.4300014e-01
  -1.3010000e+01   8.4401312e-01
  -1.3000000e+01   8.4418224e-01
  -1.2990000e+01   8.4350731e-01
  -1.2980000e+01   8.4198902e-01
  -1.2970000e+01   8.3962889e-01
  -1.2960000e+01   8.3642927e-01
  -1.2950000e+01   8.3239337e-01
  -1.2940000e+01   8.2752521e-01
  -1.2930000e+01   8.2182967e-01
  -1.2920000e+01   8.1531243e-01
  -1.2910000e+01   8.0798003e-01
  -1.2900000e+01   7.9983978e-01
  -1.2890000e+01   7.9089983e-01
  -1.2880000e+01   7.8116911e-01
  -1.2870000e+01   7.7065736e-01
  -1.2860000e+01   7.5937508e-01
  -1.2850000e+01   7.4733355e-01
  -1.2840000e+01   7.3454482e-01
  -1.2830000e+01   7.2102166e-01
  -1.2820000e+01   7.0677761e-01
  -1.2810000e+01   6.9182690e-01
  -1.2800000e+01   6.7618449e-01
  -1.2790000e+01   6.5986600e-01
  -1.2780000e+01   6.4288776e-01
  -1.2770000e+01   6.2526674e-01
  -1.2760000e+01   6.0702056e-01
  -1.2750000e+01   5.8816746e-01
  -1.2740000e+01   5.6872630e-01
  -1.2730000e+01   5.4871650e-01
  -1.2720000e+01   5.2815809e-01
  -1.2710000e+01   5.0707160e-01
  -1.2700000e+01   4.8547813e-01
  -1.2690000e+01   4.6339927e-01
  -1.2680000e+01   4.4085708e-01
  -1.2670000e+01   4.1787411e-01
  -1.2660000e+01   3.9447334e-01
  -1.2650000e+01   3.7067816e-01
  -1.2640000e+01   3.4651237e-01
  -1.2630000e+01   3.2200012e-01
  -1.2620000e+01   2.9716593e-01
  -1.2610000e+01   2.7203462e-01
  -1.2600000e+01   2.4663133e-01
  -1.2590000e+01   2.2098144e-01
  -1.2580000e+01   1.9511061e-01
  -1.2570000e+01   1.6904471e-01
  -1.2560000e+01   1.4280978e-01
  -1.2550000e+01   1.1643208e-01
  -1.2540000e+01   8.9937957e-02
  -1.2530000e+01   6.3353914e-02
  -1.2520000e+01   3.6706529e-02
  -1.2510000e+01   1.0022443e-02
  -1.2500000e+01  -1.6671664e-02
  -1.2490000e+01  -4.3349102e-02
  -1.2480000e+01  -6.9983198e-02
  -1.2470000e+01  -9.6547322e-02
  -1.2460000e+01  -1.2301492e-01
  -1.2450000e+01  -1.4935952e-01
  -1.2440000e+01  -1.7555478e-01
  -1.2430000e+01  -2.0157452e-01
  -1.2420000e+01  -2.2739272e-01
  -1.2410000e+01  -2.5298357e-01
  -1.2400000e+01  -2.7832148e-01
  -1.2390000e+01  -3.0338111e-01
  -1.2380000e+01  -3.2813741e-01
  -1.2370000e+01  -3.5256563e-01
  -1.2360000e+01  -3.7664135e-01
  -1.2350000e+01  -4.0034048e-01
  -1.2340000e+01  -4.2363935e-01
  -1.2330000e+01  -4.4651465e-01
  -1.2320000e+01  -4.6894351e-01
  -1.2310000e+01  -4.9090350e-01
  -1.2300000e+01  -5.1237268e-01
  -1.2290000e+01  -5.3332957e-01
  -1.2280000e+01  -5.5375322e-01
  -1.2270000e+01  -5.7362321e-01
  -1.2260000e+01  -5.9291968e-01
  -1.2250000e+01  -6.1162333e-01
  -1.2240000e+01  -6.2971546e-01
  -1.2230000e+01  -6.4717798e-01
  -1.2220000e+01  -6.6399343e-01
  -1.2210000e+01  -6.8014500e-01
  -1.2200000e+01  -6.9561654e-01
  -1.2190000e+01  -7.1039259e-01
  -1.2180000e+01  -7.2445836e-01
  -1.2170000e+01  -7.3779980e-01
  -1.2160000e+01  -7.5040356e-01
  -1.2150000e+01  -7.6225705e-01
  -1.2140000e+01  -7.7334841e-01
  -1.2130000e+01  -7.8366655e-01
  -1.2120000e+01  -7.9320116e-01
  -1.2110000e+01  -8.0194271e-01
  -1.2100000e+01  -8.0988244e-01
  -1.2090000e+01  -8.1701244e-01
  -1.2080000e+01  -8.2332556e-01
  -1.2070000e+01  -8.2881549e-01
  -1.2060000e+01  -8.3347675e-01
  -1.2050000e+01  -8.3730467e-01
  -1.2040000e+01  -8.4029544e-01
  -1.2030000e+01  -8.4244604e-01
  -1.2020000e+01  -8.4375435e-01
  -1.2010000e+01  -8.4421905e-01
  -1.2000000e+01  -8.4383967e-01
  -1.1990000e+01  -8.4261659e-01
  -1.1980000e+01  -8.4055104e-01
  -1.1970000e+01  -8.3764509e-01
  -1.1960000e+01  -8.3390163e-01
  -1.1950000e+01  -8.2932441e-01
  -1.1940000e+01  -8.2391801e-01
  -1.1930000e+01  -8.1768783e-01
  -1.1920000e+01  -8.1064010e-01
  -1.1910000e+01  -8.0278187e-01
  -1.1900000e+01  -7.9412099e-01
  -1.1890000e+01  -7.8466613e-01
  -1.1880000e+01  -7.7442673e-01
  -1.1870000e+01  -7.6341304e-01
  -1.1860000e+01  -7.5163607e-01
  -1.1850000e+01  -7.3910759e-01
  -1.1840000e+01  -7.2584013e-01
  -1.1830000e+01  -7.1184695e-01
  -1.1820000e+01  -6.9714204e-01
  -1.1810000e+01  -6.8174011e-01
  -1.1800000e+01  -6.6565656e-01
  -1.1790000e+01  -6.4890746e-01
  -1.1780000e+01  -6.3150957e-01
  -1.1770000e+01  -6.1348027e-01
  -1.1760000e+01  -5.9483760e-01
  -1.1750000e+01  -5.7560019e-01
  -1.1740000e+01  -5.5578728e-01
  -1.1730000e+01  -5.3541868e-01
  -1.1720000e+01  -5.1451475e-01
  -1.1710000e+01  -4.9309639e-01
  -1.1700000e+01  -4.7118502e-01
  -1.1690000e+01  -4.4880254e-01
  -1.1680000e+01  -4.2597134e-01
  -1.1670000e+01  -4.0271424e-01
  -1.1660000e+01  -3.7905450e-01
  -1.1650000e+01  -3.5501576e-01
  -1.1640000e+01  -3.3062207e-01
  -1.1630000e+01  -3.0589781e-01
  -1.1620000e+01  -2.8086771e-01
  -1.1610000e+01  -2.5555679e-01
  -1.1600000e+01  -2.2999035e-01
  -1.1590000e+01  -2.0419396e-01
  -1.1580000e+01  -1.7819342e-01
  -1.1570000e+01  -1.5201471e-01
  -1.1560000e+01  -1.2568401e-01
  -1.1550000e+01  -9.9227647e-02
  -1.1540000e+01  -7.2672075e-02
  -1.1530000e+01  -4.6043843e-02
  -1.1520000e+01  -1.9369575e-02
  -1.1510000e+01   7.3240586e-03
  -1.1500000e+01   3.4010370e-02
  -1.1490000e+01   6.0662676e-02
  -1.1480000e+01   8.7254330e-02
  -1.1470000e+01   1.1375875e-01
  -1.1460000e+01   1.4014942e-01
  -1.1450000e+01   1.6639997e-01
  -1.1440000e+01   1.9248415e-01
  -1.1430000e+01   2.1837587e-01
  -1.1420000e+01   2.4404926e-01
  -1.1410000e+01   2.6947864e-01
  -1.1400000e+01   2.9463859e-01
  -1.1390000e+01   3.1950395e-01
  -1.1380000e+01   3.4404986e-01
  -1.1370000e+01   3.6825178e-01
  -1.1360000e+01   3.9208551e-01
  -1.1350000e+01   4.1552722e-01
  -1.1340000e+01   4.3855347e-01
  -1.1330000e+01   4.6114124e-01
  -1.1320000e+01   4.8326795e-01
  -1.1310000e+01   5.0491148e-01
  -1.1300000e+01   5.2605018e-01
  -1.1290000e+01   5.4666292e-01
  -1.1280000e+01   5.6672909e-01
  -1.1270000e+01   5.8622863e-01
  -1.1260000e+01   6.0514204e-01
  -1.1250000e+01   6.2345041e-01
  -1.1240000e+01   6.4113543e-01
  -1.1230000e+01   6.5817943e-01
  -1.1220000e+01   6.7456536e-01
  -1.1210000e+01   6.9027684e-01
  -1.1200000e+01   7.0529816e-01
  -1.1190000e+01   7.1961430e-01
  -1.1180000e+01   7.3321096e-01
  -1.1170000e+01   7.4607452e-01
  -1.1160000e+01   7.5819214e-01
  -1.1150000e+01   7.6955169e-01
  -1.1140000e+01   7.8014182e-01
  -1.1130000e+01   7.8995195e-01
  -1.1120000e+01   7.9897225e-01
  -1.1110000e+01   8.0719372e-01
  -1.1100000e+01   8.1460814e-01
  -1.1090000e+01   8.2120808e-01
  -1.1080000e+01   8.2698696e-01
  -1.1070000e+01   8.3193899e-01
  -1.1060000e+01   8.3605922e-01
  -1.1050000e+01   8.3934354e-01
  -1.1040000e+01   8.4178865e-01
  -1.1030000e+01   8.4339212e-01
  -1.1020000e+01   8.4415234e-01
  -1.1010000e+01   8.4406855e-01
  -1.1000000e+01   8.4314084e-01
  -1.0990000e+01   8.4137013e-01
  -1.0980000e+01   8.3875819e-01
  -1.0970000e+01   8.3530763e-01
  -1.0960000e+01   8.3102192e-01
  -1.0950000e+01   8.2590532e-01
  -1.0940000e+01   8.1996295e-01
  -1.0930000e+01   8.1320076e-01
  -1.0920000e+01   8.0562551e-01
  -1.0910000e+01   7.9724478e-01
  -1.0900000e+01   7.8806693e-01
  -1.0890000e+01   7.7810115e-01
  -1.0880000e+01   7.6735740e-01
  -1.0870000e+01   7.5584642e-01
  -1.0860000e+01   7.4357973e-01
  -1.0850000e+01   7.3056958e-01
  -1.0840000e+01   7.1682899e-01
  -1.0830000e+01   7.0237169e-01
  -1.0820000e+01   6.8721214e-01
  -1.0810000e+01   6.7136549e-01
  -1.0800000e+01   6.5484759e-01
  -1.0790000e+01   6.3767496e-01
  -1.0780000e+01   6.1986476e-01
  -1.0770000e+01   6.0143480e-01
  -1.0760000e+01   5.8240350e-01
  -1.0750000e+01   5.6278991e-01
  -1.0740000e+01   5.4261361e-01
  -1.0730000e+01   5.2189480e-01
  -1.0720000e+01   5.0065418e-01
  -1.0710000e+01   4.7891300e-01
  -1.0700000e+01   4.5669298e-01
  -1.0690000e+01   4.3401634e-01
  -1.0680000e+01   4.1090577e-01
  -1.0670000e+01   3.8738435e-01
  -1.0660000e+01   3.6347562e-01
  -1.0650000e+01   3.3920348e-01
  -1.0640000e+01   3.1459219e-01
  -1.0630000e+01   2.8966636e-01
  -1.0620000e+01   2.6445091e-01
  -1.0610000e+01   2.3897106e-01
  -1.0600000e+01   2.1325227e-01
  -1.0590000e+01   1.8732027e-01
  -1.0580000e+01   1.6120099e-01
  -1.0570000e+01   1.3492053e-01
  -1.0560000e+01   1.0850517e-01
  -1.0550000e+01   8.1981324e-02
  -1.0540000e+01   5.5375511e-02
  -1.0530000e+01   2.8714333e-02
  -1.0520000e+01   2.0244445e-03
  -1.0510000e+01  -2.4667468e-02
  -1.0500000e+01  -5.1334716e-02
  -1.0490000e+01  -7.7950639e-02
  -1.0480000e+01  -1.0448862e-01
  -1.0470000e+01  -1.3092214e-01
  -1.0460000e+01  -1.5722475e-01
  -1.0450000e+01  -1.8337017e-01
  -1.0440000e+01  -2.0933225e-01
  -1.0430000e+01  -2.3508503e-01
  -1.0420000e+01  -2.6060277e-01
  -1.0410000e+01  -2.8585994e-01
  -1.0400000e+01  -3.1083131e-01
  -1.0390000e+01  -3.3549190e-01
  -1.0380000e+01  -3.5981705e-01
  -1.0370000e+01  -3.8378245e-01
  -1.0360000e+01  -4.0736413e-01
  -1.0350000e+01  -4.3053851e-01
  -1.0340000e+01  -4.5328243e-01
  -1.0330000e+01  -4.7557315e-01
  -1.0320000e+01  -4.9738837e-01
  -1.0310000e+01  -5.1870629e-01
  -1.0300000e+01  -5.3950559e-01
  -1.0290000e+01  -5.5976548e-01
  -1.0280000e+01  -5.7946569e-01
  -1.0270000e+01  -5.9858654e-01
  -1.0260000e+01  -6.1710891e-01
  -1.0250000e+01  -6.3501427e-01
  -1.0240000e+01  -6.5228472e-01
  -1.0230000e+01  -6.6890300e-01
  -1.0220000e+01  -6.8485249e-01
  -1.0210000e+01  -7.0011725e-01
  -1.0200000e+01  -7.1468201e-01
  -1.0190000e+01  -7.2853220e-01
  -1.0180000e+01  -7.4165399e-01
  -1.0170000e+01  -7.5403425e-01
  -1.0160000e+01  -7.6566061e-01
  -1.0150000e+01  -7.7652143e-01
  -1.0140000e+01  -7.8660587e-01
  -1.0130000e+01  -7.9590383e-01
  -1.0120000e+01  -8.0440602e-01
  -1.0110000e+01  -8.1210395e-01
  -1.0100000e+01  -8.1898991e-01
  -1.0090000e+01  -8.2505702e-01
  -1.0080000e+01  -8.3029921e-01
  -1.0070000e+01  -8.3471125e-01
  -1.0060000e+01  -8.3828871e-01
  -1.0050000e+01  -8.4102803e-01
  -1.0040000e+01  -8.4292646e-01
  -1.0030000e+01  -8.4398212e-01
  -1.0020000e+01  -8.4419393e-01
  -1.0010000e+01  -8.4356169e-01
  -1.0000000e+01  -8.4208603e-01
  -9.9900000e+00  -8.3976858e-01
  -9.9800000e+00  -8.3661233e-01
  -9.9700000e+00  -8.3262129e-01
  -9.9600000e+00  -8.2780026e-01
  -9.9500000e+00  -8.2215489e-01
  -9.9400000e+00  -8.1569160e-01
  -9.9300000e+00  -8.0841766e-01
  -9.9200000e+00  -8.0034109e-01
  -9.9100000e+00  -7.9147072e-01
  -9.9000000e+00  -7.8181613e-01
  -9.8900000e+00  -7.7138768e-01
  -9.8800000e+00  -7.6019645e-01
  -9.8700000e+00  -7.4825427e-01
  -9.8600000e+00  -7.3557369e-01
  -9.8500000e+00  -7.2216796e-01
  -9.8400000e+00  -7.0805101e-01
  -9.8300000e+00  -6.9323746e-01
  -9.8200000e+00  -6.7774256e-01
  -9.8100000e+00  -6.6158224e-01
  -9.8000000e+00  -6.4477302e-01
  -9.7900000e+00  -6.2733203e-01
  -9.7800000e+00  -6.0927698e-01
  -9.7700000e+00  -5.9062616e-01
  -9.7600000e+00  -5.7139840e-01
  -9.7500000e+00  -5.5161305e-01
  -9.7400000e+00  -5.3128996e-01
  -9.7300000e+00  -5.1044949e-01
  -9.7200000e+00  -4.8911244e-01
  -9.7100000e+00  -4.6730006e-01
  -9.7000000e+00  -4.4503400e-01
  -9.6900000e+00  -4.2233634e-01
  -9.6800000e+00  -3.9922950e-01
  -9.6700000e+00  -3.7573628e-01
  -9.6600000e+00  -3.5187978e-01
  -9.6500000e+00  -3.2768342e-01
  -9.6400000e+00  -3.0317091e-01
  -9.6300000e+00  -2.7836619e-01
  -9.6200000e+00  -2.5329346e-01
  -9.6100000e+00  -2.2797709e-01
  -9.6000000e+00  -2.0244168e-01
  -9.5900000e+00  -1.7671196e-01
  -9.5800000e+00  -1.5081280e-01
  -9.5700000e+00  -1.2476918e-01
  -9.5600000e+00  -9.8606182e-02
  -9.5500000e+00  -7.2348929e-02
  -9.5400000e+00  -4.6022593e-02
  -9.5300000e+00  -1.9652356e-02
  -9.5200000e+00   6.7366104e-03
  -9.5100000e+00   3.3119169e-02
  -9.5000000e+00   5.9470243e-02
  -9.4900000e+00   8.5764836e-02
  -9.4800000e+00   1.1197806e-01
  -9.4700000e+00   1.3808516e-01
  -9.4600000e+00   1.6406152e-01
  -9.4500000e+00   1.8988272e-01
  -9.4400000e+00   2.1552452e-01
  -9.4300000e+00   2.4096292e-01
  -9.4200000e+00   2.6617414e-01
  -9.4100000e+00   2.9113469e-01
  -9.4000000e+00   3.1582135e-01
  -9.3900000e+00   3.4021121e-01
  -9.3800000e+00   3.6428170e-01
  -9.3700000e+00   3.8801057e-01
  -9.3600000e+00   4.1137596e-01
  -9.3500000e+00   4.3435641e-01
  -9.3400000e+00   4.5693084e-01
  -9.3300000e+00   4.7907860e-01
  -9.3200000e+00   5.0077950e-01
  -9.3100000e+00   5.2201379e-01
  -9.3000000e+00   5.4276221e-01
  -9.2900000e+00   5.6300601e-01
  -9.2800000e+00   5.8272691e-01
  -9.2700000e+00   6.0190718e-01
  -9.2600000e+00   6.2052964e-01
  -9.2500000e+00   6.3857765e-01
  -9.2400000e+00   6.5603514e-01
  -9.2300000e+00   6.7288663e-01
  -9.2200000e+00   6.8911722e-01
  -9.2100000e+00   7.0471263e-01
  -9.2000000e+00   7.1965918e-01
  -9.1900000e+00   7.3394384e-01
  -9.1800000e+00   7.4755422e-01
  -9.1700000e+00   7.6047854e-01
  -9.1600000e+00   7.7270572e-01
  -9.1500000e+00   7.8422531e-01
  -9.1400000e+00   7.9502757e-01
  -9.1300000e+00   8.0510340e-01
  -9.1200000e+00   8.1444441e-01
  -9.1100000e+00   8.2304288e-01
  -9.1000000e+00   8.3089180e-01
  -9.0900000e+00   8.3798487e-01
  -9.0800000e+00   8.4431646e-01
  -9.0700000e+00   8.4988167e-01
  -9.0600000e+00   8.5467630e-01
  -9.0500000e+00   8.5869687e-01
  -9.0400000e+00   8.6194059e-01
  -9.0300000e+00   8.6440539e-01
  -9.0200000e+00   8.6608991e-01
  -9.0100000e+00   8.6699350e-01
  -9.0000000e+00   8.6711622e-01
  -8.9900000e+00   8.6645883e-01
  -8.9800000e+00   8.6502279e-01
  -8.9700000e+00   8.6281025e-01
  -8.9600000e+00   8.5982407e-01
  -8.9500000e+00   8.5606779e-01
  -8.9400000e+00   8.5154564e-01
  -8.9300000e+00   8.4626250e-01
  -8.9200000e+00   8.4022397e-01
  -8.9100000e+00   8.3343626e-01
  -8.9000000e+00   8.2590627e-01
  -8.8900000e+00   8.1764153e-01
  -8.8800000e+00   8.0865022e-01
  -8.8700000e+00   7.9894114e-01
  -8.8600000e+00   7.8852371e-01
  -8.8500000e+00   7.7740796e-01
  -8.8400000e+00   7.6560450e-01
  -8.8300000e+00   7.5312457e-01
  -8.8200000e+00   7.3997993e-01
  -8.8100000e+00   7.2618293e-01
  -8.8000000e+00   7.1174646e-01
  -8.7900000e+00   6.9668396e-01
  -8.7800000e+00   6.8100937e-01
  -8.7700000e+00   6.6473714e-01
  -8.7600000e+00   6.4788223e-01
  -8.7500000e+00   6.3046005e-01
  -8.7400000e+00   6.1248651e-01
  -8.7300000e+00   5.9397793e-01
  -8.7200000e+00   5.7495107e-01
  -8.7100000e+00   5.5542312e-01
  -8.7000000e+00   5.3541165e-01
  -8.6900000e+00   5.1493463e-01
  -8.6800000e+00   4.9401037e-01
  -8.6700000e+00   4.7265754e-01
  -8.6600000e+00   4.5089516e-01
  -8.6500000e+00   4.2874251e-01
  -8.6400000e+00   4.0621922e-01
  -8.6300000e+00   3.8334515e-01
  -8.6200000e+00   3.6014045e-01
  -8.6100000e+00   3.3662550e-01
  -8.6000000e+00   3.1282088e-01
  -8.5900000e+00   2.8874740e-01
  -8.5800000e+00   2.6442604e-01
  -8.5700000e+00   2.3987793e-01
  -8.5600000e+00   2.1512438e-01
  -8.5500000e+00   1.9018680e-01
  -8.5400000e+00   1.6508672e-01
  -8.5300000e+00   1.3984574e-01
  -8.5200000e+00   1.1448554e-01
  -8.5100000e+00   8.9027868e-02
  -8.5000000e+00   6.3494480e-02
  -8.4900000e+00   3.7907155e-02
  -8.4800000e+00   1.2287665e-02
  -8.4700000e+00  -1.3342241e-02
  -8.4600000e+00  -3.8960859e-02
  -8.4500000e+00  -6.4546545e-02
  -8.4400000e+00  -9.0077733e-02
  -8.4300000e+00  -1.1553296e-01
  -8.4200000e+00  -1.4089087e-01
  -8.4100000e+00  -1.6613024e-01
  -8.4000000e+00  -1.9123001e-01
  -8.3900000e+00  -2.1616928e-01
  -8.3800000e+00  -2.4092733e-01
  -8.3700000e+00  -2.6548366e-01
  -8.3600000e+00  -2.8981795e-01
  -8.3500000e+00  -3.1391017e-01
  -8.3400000e+00  -3.3774049e-01
  -8.3300000e+00  -3.6128938e-01
  -8.3200000e+00  -3.8453758e-01
  -8.3100000e+00  -4.0746613e-01
  -8.3000000e+00  -4.3005637e-01
  -8.2900000e+00  -4.5228998e-01
  -8.2800000e+00  -4.7414899e-01
  -8.2700000e+00  -4.9561576e-01
  -8.2600000e+00  -5.1667304e-01
  -8.2500000e+00  -5.3730395e-01
  -8.2400000e+00  -5.5749200e-01
  -8.2300000e+00  -5.7722112e-01
  -8.2200000e+00  -5.9647565e-01
  -8.2100000e+00  -6.1524036e-01
  -8.2000000e+00  -6.3350045e-01
  -8.1900000e+00  -6.5124160e-01
  -8.1800000e+00  -6.6844992e-01
  -8.1700000e+00  -6.8511201e-01
  -8.1600000e+00  -7.0121494e-01
  -8.1500000e+00  -7.1674628e-01
  -8.1400000e+00  -7.3169409e-01
  -8.1300000e+00  -7.4604695e-01
  -8.1200000e+00  -7.5979392e-01
  -8.1100000e+00  -7.7292462e-01
  -8.1000000e+00  -7.8542916e-01
  -8.0900000e+00  -7.9729823e-01
  -8.0800000e+00  -8.0852301e-01
  -8.0700000e+00  -8.1909525e-01
  -8.0600000e+00  -8.2900725e-01
  -8.0500000e+00  -8.3825185e-01
  -8.0400000e+00  -8.4682246e-01
  -8.0300000e+00  -8.5471303e-01
  -8.0200000e+00  -8.6191811e-01
  -8.0100000e+00  -8.6843276e-01
  -8.0000000e+00  -8.7425267e-01
  -7.9900000e+00  -8.7937404e-01
  -7.9800000e+00  -8.8379369e-01
  -7.9700000e+00  -8.8750897e-01
  -7.9600000e+00  -8.9051781e-01
  -7.9500000e+00  -8.9281873e-01
  -7.9400000e+00  -8.9441079e-01
  -7.9300000e+00  -8.9529364e-01
  -7.9200000e+00  -8.9546748e-01
  -7.9100000e+00  -8.9493307e-01
  -7.9000000e+00  -8.9369175e-01
  -7.8900000e+00  -8.9174539e-01
  -7.8800000e+00  -8.8909644e-01
  -7.8700000e+00  -8.8574787e-01
  -7.8600000e+00  -8.8170322e-01
  -7.8500000e+00  -8.7696656e-01
  -7.8400000e+00  -8.7154249e-01
  -7.8300000e+00  -8.6543614e-01
  -7.8200000e+00  -8.5865317e-01
  -7.8100000e+00  -8.5119975e-01
  -7.8000000e+00  -8.4308257e-01
  -7.7900000e+00  -8.3430879e-01
  -7.7800000e+00  -8.2488610e-01
  -7.7700000e+00  -8.1482267e-01
  -7.7600000e+00  -8.0412713e-01
  -7.7500000e+00  -7.9280859e-01
  -7.7400000e+00  -7.8087662e-01
  -7.7300000e+00  -7.6834125e-01
  -7.7200000e+00  -7.5521294e-01
  -7.7100000e+00  -7.4150259e-01
  -7.7000000e+00  -7.2722151e-01
  -7.6900000e+00  -7.1238142e-01
  -7.6800000e+00  -6.9699447e-01
  -7.6700000e+00  -6.8107315e-01
  -7.6600000e+00  -6.6463038e-01
  -7.6500000e+00  -6.4767941e-01
  -7.6400000e+00  -6.3023386e-01
  -7.6300000e+00  -6.1230769e-01
  -7.6200000e+00  -5.9391519e-01
  -7.6100000e+00  -5.7507096e-01
  -7.6000000e+00  -5.5578993e-01
  -7.5900000e+00  -5.3608729e-01
  -7.5800000e+00  -5.1597855e-01
  -7.5700000e+00  -4.9547945e-01
  -7.5600000e+00  -4.7460601e-01
  -7.5500000e+00  -4.5337447e-01
  -7.5400000e+00  -4.3180131e-01
  -7.5300000e+00  -4.0990323e-01
  -7.5200000e+00  -3.8769712e-01
  -7.5100000e+00  -3.6520006e-01
  -7.5000000e+00  -3.4242931e-01
  -7.4900000e+00  -3.1940226e-01
  -7.4800000e+00  -2.9613649e-01
  -7.4700000e+00  -2.7264968e-01
  -7.4600000e+00  -2.4895964e-01
  -7.4500000e+00  -2.2508428e-01
  -7.4400000e+00  -2.0104160e-01
  -7.4300000e+00  -1.7684967e-01
  -7.4200000e+00  -1.5252663e-01
  -7.4100000e+00  -1.2809068e-01
  -7.4000000e+00  -1.0356002e-01
  -7.3900000e+00  -7.8952901e-02
  -7.3800000e+00  -5.4287569e-02
  -7.3700000e+00  -2.9582263e-02
  -7.3600000e+00  -4.8552040e-03
  -7.3500000e+00   1.9875424e-02
  -7.3400000e+00   4.4591484e-02
  -7.3300000e+00   6.9274899e-02
  -7.3200000e+00   9.3907665e-02
  -7.3100000e+00   1.1847187e-01
  -7.3000000e+00   1.4294969e-01
  -7.2900000e+00   1.6732343e-01
  -7.2800000e+00   1.9157551e-01
  -7.2700000e+00   2.1568849e-01
  -7.2600000e+00   2.3964509e-01
  -7.2500000e+00   2.6342816e-01
  -7.2400000e+00   2.8702077e-01
  -7.2300000e+00   3.1040614e-01
  -7.2200000e+00   3.3356771e-01
  -7.2100000e+00   3.5648911e-01
  -7.2000000e+00   3.7915420e-01
  -7.1900000e+00   4.0154707e-01
  -7.1800000e+00   4.2365205e-01
  -7.1700000e+00   4.4545373e-01
  -7.1600000e+00   4.6693694e-01
  -7.1500000e+00   4.8808681e-01
  -7.1400000e+00   5.0888872e-01
  -7.1300000e+00   5.2932838e-01
  -7.1200000e+00   5.4939176e-01
  -7.1100000e+00   5.6906516e-01
  -7.1000000e+00   5.8833520e-01
  -7.0900000e+00   6.0718881e-01
  -7.0800000e+00   6.2561327e-01
  -7.0700000e+00   6.4359620e-01
  -7.0600000e+00   6.6112555e-01
  -7.0500000e+00   6.7818964e-01
  -7.0400000e+00   6.9477716e-01
  -7.0300000e+00   7.1087716e-01
  -7.0200000e+00   7.2647906e-01
  -7.0100000e+00   7.4157266e-01
  -7.0000000e+00   7.5614818e-01
  -6.9900000e+00   7.7019618e-01
  -6.9800000e+00   7.8370766e-01
  -6.9700000e+00   7.9667400e-01
  -6.9600000e+00   8.0908699e-01
  -6.9500000e+00   8.2093884e-01
  -6.9400000e+00   8.3222216e-01
  -6.9300000e+00   8.4292998e-01
  -6.9200000e+00   8.5305576e-01
  -6.9100000e+00   8.6259338e-01
  -6.9000000e+00   8.7153714e-01
  -6.8900000e+00   8.7988177e-01
  -6.8800000e+00   8.8762243e-01
  -6.8700000e+00   8.9475472e-01
  -6.8600000e+00   9.0127465e-01
  -6.8500000e+00   9.0717868e-01
  -6.8400000e+00   9.1246370e-01
  -6.8300000e+00   9.1712705e-01
  -6.8200000e+00   9.2116646e-01
  -6.8100000e+00   9.2458015e-01
  -6.8000000e+00   9.2736673e-01
  -6.7900000e+00   9.2952525e-01
  -6.7800000e+00   9.3105521e-01
  -6.7700000e+00   9.3195652e-01
  -6.7600000e+00   9.3222953e-01
  -6.7500000e+00   9.3187499e-01
  -6.7400000e+00   9.3089410e-01
  -6.7300000e+00   9.2928848e-01
  -6.7200000e+00   9.2706013e-01
  -6.7100000e+00   9.2421152e-01
  -6.7000000e+00   9.2074548e-01
  -6.6900000e+00   9.1666527e-01
  -6.6800000e+00   9.1197456e-01
  -6.6700000e+00   9.0667739e-01
  -6.6600000e+00   9.0077821e-01
  -6.6500000e+00   8.9428187e-01
  -6.6400000e+00   8.8719357e-01
  -6.6300000e+00   8.7951893e-01
  -6.6200000e+00   8.7126392e-01
  -6.6100000e+00   8.6243486e-01
  -6.6000000e+00   8.5303847e-01
  -6.5900000e+00   8.4308178e-01
  -6.5800000e+00   8.3257222e-01
  -6.5700000e+00   8.2151751e-01
  -6.5600000e+00   8.0992574e-01
  -6.5500000e+00   7.9780531e-01
  -6.5400000e+00   7.8516496e-01
  -6.5300000e+00   7.7201372e-01
  -6.5200000e+00   7.5836094e-01
  -6.5100000e+00   7.4421626e-01
  -6.5000000e+00   7.2958963e-01
  -6.4900000e+00   7.1449126e-01
  -6.4800000e+00   6.9893165e-01
  -6.4700000e+00   6.8292155e-01
  -6.4600000e+00   6.6647199e-01
  -6.4500000e+00   6.4959423e-01
  -6.4400000e+00   6.3229979e-01
  -6.4300000e+00   6.1460039e-01
  -6.4200000e+00   5.9650802e-01
  -6.4100000e+00   5.7803484e-01
  -6.4000000e+00   5.5919325e-01
  -6.3900000e+00   5.3999582e-01
  -6.3800000e+00   5.2045533e-01
  -6.3700000e+00   5.0058472e-01
  -6.3600000e+00   4.8039711e-01
  -6.3500000e+00   4.5990578e-01
  -6.3400000e+00   4.3912416e-01
  -6.3300000e+00   4.1806580e-01
  -6.3200000e+00   3.9674442e-01
  -6.3100000e+00   3.7517383e-01
  -6.3000000e+00   3.5336796e-01
  -6.2900000e+00   3.3134086e-01
  -6.2800000e+00   3.0910665e-01
  -6.2700000e+00   2.8667956e-01
  -6.2600000e+00   2.6407386e-01
  -6.2500000e+00   2.4130391e-01
  -6.2400000e+00   2.1838413e-01
  -6.2300000e+00   1.9532897e-01
  -6.2200000e+00   1.7215291e-01
  -6.2100000e+00   1.4887049e-01
  -6.2000000e+00   1.2549624e-01
  -6.1900000e+00   1.0204470e-01
  -6.1800000e+00   7.8530432e-02
  -6.1700000e+00   5.4967958e-02
  -6.1600000e+00   3.1371801e-02
  -6.1500000e+00   7.7564508e-03
  -6.1400000e+00  -1.5863640e-02
  -6.1300000e+00  -3.9474065e-02
  -6.1200000e+00  -6.3060469e-02
  -6.1100000e+00  -8.6608565e-02
  -6.1000000e+00  -1.1010413e-01
  -6.0900000e+00  -1.3353304e-01
  -6.0800000e+00  -1.5688123e-01
  -6.0700000e+00  -1.8013476e-01
  -6.0600000e+00  -2.0327977e-01
  -6.0500000e+00  -2.2630254e-01
  -6.0400000e+00  -2.4918946e-01
  -6.0300000e+00  -2.7192703e-01
  -6.0200000e+00  -2.9450191e-01
  -6.0100000e+00  -3.1690091e-01
  -6.0000000e+00  -3.3911096e-01
  -5.9900000e+00  -3.6111918e-01
  -5.9800000e+00  -3.8291284e-01
  -5.9700000e+00  -4.0447939e-01
  -5.9600000e+00  -4.2580644e-01
  -5.9500000e+00  -4.4688182e-01
  -5.9400000e+00  -4.6769352e-01
  -5.9300000e+00  -4.8822976e-01
  -5.9200000e+00  -5.0847893e-01
  -5.9100000e+00  -5.2842965e-01
  -5.9000000e+00  -5.4807078e-01
  -5.8900000e+00  -5.6739135e-01
  -5.8800000e+00  -5.8638066e-01
  -5.8700000e+00  -6.0502822e-01
  -5.8600000e+00  -6.2332380e-01
  -5.8500000e+00  -6.4125739e-01
  -5.8400000e+00  -6.5881924e-01
  -5.8300000e+00  -6.7599986e-01
  -5.8200000e+00  -6.9278999e-01
  -5.8100000e+00  -7.0918067e-01
  -5.8000000e+00  -7.2516316e-01
  -5.7900000e+00  -7.4072902e-01
  -5.7800000e+00  -7.5587008e-01
  -5.7700000e+00  -7.7057844e-01
  -5.7600000e+00  -7.8484646e-01
  -5.7500000e+00  -7.9866682e-01
  -5.7400000e+00  -8.1203245e-01
  -5.7300000e+00  -8.2493658e-01
  -5.7200000e+00  -8.3737275e-01
  -5.7100000e+00  -8.4933475e-01
  -5.7000000e+00  -8.6081670e-01
  -5.6900000e+00  -8.7181300e-01
  -5.6800000e+00  -8.8231835e-01
  -5.6700000e+00  -8.9232775e-01
  -5.6600000e+00  -9.0183650e-01
  -5.6500000e+00  -9.1084019e-01
  -5.6400000e+00  -9.1933473e-01
  -5.6300000e+00  -9.2731633e-01
  -5.6200000e+00  -9.3478150e-01
  -5.6100000e+00  -9.4172704e-01
  -5.6000000e+00  -9.4815008e-01
  -5.5900000e+00  -9.5404804e-01
  -5.5800000e+00  -9.5941863e-01
  -5.5700000e+00  -9.6425990e-01
  -5.5600000e+00  -9.6857016e-01
  -5.5500000e+00  -9.7234806e-01
  -5.5400000e+00  -9.7559253e-01
  -5.5300000e+00  -9.7830280e-01
  -5.5200000e+00  -9.8047840e-01
  -5.5100000e+00  -9.8211917e-01
  -5.5000000e+00  -9.8322523e-01
  -5.4900000e+00  -9.8379700e-01
  -5.4800000e+00  -9.8383521e-01
  -5.4700000e+00  -9.8334084e-01
  -5.4600000e+00  -9.8231520e-01
  -5.4500000e+00  -9.8075985e-01
  -5.4400000e+00  -9.7867666e-01
  -5.4300000e+00  -9.7606778e-01
  -5.4200000e+00  -9.7293561e-01
  -5.4100000e+00  -9.6928286e-01
  -5.4000000e+00  -9.6511248e-01
  -5.3900000e+00  -9.6042771e-01
  -5.3800000e+00  -9.5523206e-01
  -5.3700000e+00  -9.4952927e-01
  -5.3600000e+00  -9.4332337e-01
  -5.3500000e+00  -9.3661863e-01
  -5.3400000e+00  -9.2941958e-01
  -5.3300000e+00  -9.2173098e-01
  -5.3200000e+00  -9.1355785e-01
  -5.3100000e+00  -9.0490543e-01
  -5.3000000e+00  -8.9577922e-01
  -5.2900000e+00  -8.8618492e-01
  -5.2800000e+00  -8.7612848e-01
  -5.2700000e+00  -8.6561606e-01
  -5.2600000e+00  -8.5465403e-01
  -5.2500000e+00  -8.4324898e-01
  -5.2400000e+00  -8.3140771e-01
  -5.2300000e+00  -8.1913721e-01
  -5.2200000e+00  -8.0644467e-01
  -5.2100000e+00  -7.9333748e-01
  -5.2000000e+00  -7.7982321e-01
  -5.1900000e+00  -7.6590960e-01
  -5.1800000e+00  -7.5160460e-01
  -5.1700000e+00  -7.3691628e-01
  -5.1600000e+00  -7.2185293e-01
  -5.1500000e+00  -7.0642295e-01
  -5.1400000e+00  -6.9063494e-01
  -5.1300000e+00  -6.7449760e-01
  -5.1200000e+00  -6.5801983e-01
  -5.1100000e+00  -6.4121061e-01
  -5.1000000e+00  -6.2407910e-01
  -5.0900000e+00  -6.0663455e-01
  -5.0800000e+00  -5.8888636e-01
  -5.0700000e+00  -5.7084403e-01
  -5.0600000e+00  -5.5251717e-01
  -5.0500000e+00  -5.3391549e-01
  -5.0400000e+00  -5.1504882e-01
  -5.0300000e+00  -4.9592704e-01
  -5.0200000e+00  -4.7656017e-01
  -5.0100000e+00  -4.5695826e-01
  -5.0000000e+00  -4.3713147e-01
  -4.9900000e+00  -4.1709002e-01
  -4.9800000e+00  -3.9684418e-01
  -4.9700000e+00  -3.7640430e-01
  -4.9600000e+00  -3.5578076e-01
  -4.9500000e+00  -3.3498401e-01
  -4.9400000e+00  -3.1402452e-01
  -4.9300000e+00  -2.9291281e-01
  -4.9200000e+00  -2.7165941e-01
  -4.9100000e+00  -2.5027490e-01
  -4.9000000e+00  -2.2876985e-01
  -4.8900000e+00  -2.0715488e-01
  -4.8800000e+00  -1.8544058e-01
  -4.8700000e+00  -1.6363755e-01
  -4.8600000e+00  -1.4175641e-01
  -4.8500000e+00  -1.1980775e-01
  -4.8400000e+00  -9.7802149e-02
  -4.8300000e+00  -7.5750168e-02
  -4.8200000e+00  -5.3662343e-02
  -4.8100000e+00  -3.1549183e-02
  -4.8000000e+00  -9.4211588e-03
  -4.7900000e+00   1.2711297e-02
  -4.7800000e+00   3.4837796e-02
  -4.7700000e+00   5.6948001e-02
  -4.7600000e+00   7.9031629e-02
  -4.7500000e+00   1.0107845e-01
  -4.7400000e+00   1.2307832e-01
  -4.7300000e+00   1.4502113e-01
  -4.7200000e+00   1.6689687e-01
  -4.7100000e+00   1.8869560e-01
  -4.7000000e+00   2.1040745e-01
  -4.6900000e+00   2.3202266e-01
  -4.6800000e+00   2.5353155e-01
  -4.6700000e+00   2.7492452e-01
  -4.6600000e+00   2.9619209e-01
  -4.6500000e+00   3.1732487e-01
  -4.6400000e+00   3.3831359e-01
  -4.6300000e+00   3.5914907e-01
  -4.6200000e+00   3.7982225e-01
  -4.6100000e+00   4.0032421e-01
  -4.6000000e+00   4.2064611e-01
  -4.5900000e+00   4.4077929e-01
  -4.5800000e+00   4.6071516e-01
  -4.5700000e+00   4.8044529e-01
  -4.5600000e+00   4.9996140e-01
  -4.5500000e+00   5.1925531e-01
  -4.5400000e+00   5.3831901e-01
  -4.5300000e+00   5.5714462e-01
  -4.5200000e+00   5.7572441e-01
  -4.5100000e+00   5.9405080e-01
  -4.5000000e+00   6.1211635e-01
  -4.4900000e+00   6.2991379e-01
  -4.4800000e+00   6.4743599e-01
  -4.4700000e+00   6.6467600e-01
  -4.4600000e+00   6.8162701e-01
  -4.4500000e+00   6.9828238e-01
  -4.4400000e+00   7.1463563e-01
  -4.4300000e+00   7.3068046e-01
  -4.4200000e+00   7.4641072e-01
  -4.4100000e+00   7.6182045e-01
  -4.4000000e+00   7.7690384e-01
  -4.3900000e+00   7.9165526e-01
  -4.3800000e+00   8.0606926e-01
  -4.3700000e+00   8.2014057e-01
  -4.3600000e+00   8.3386409e-01
  -4.3500000e+00   8.4723488e-01
  -4.3400000e+00   8.6024822e-01
  -4.3300000e+00   8.7289952e-01
  -4.3200000e+00   8.8518441e-01
  -4.3100000e+00   8.9709868e-01
  -4.3000000e+00   9.0863832e-01
  -4.2900000e+00   9.1979948e-01
  -4.2800000e+00   9.3057851e-01
  -4.2700000e+00   9.4097192e-01
  -4.2600000e+00   9.5097644e-01
  -4.2500000e+00   9.6058894e-01
  -4.2400000e+00   9.6980652e-01
  -4.2300000e+00   9.7862642e-01
  -4.2200000e+00   9.8704608e-01
  -4.2100000e+00   9.9506314e-01
  -4.2000000e+00   1.0026754e+00
  -4.1900000e+00   1.0098808e+00
  -4.1800000e+00   1.0166776e+00
  -4.1700000e+00   1.0230641e+00
  -4.1600000e+00   1.0290389e+00
  -4.1500000e+00   1.0346006e+00
  -4.1400000e+00   1.0397481e+00
  -4.1300000e+00   1.0444806e+00
  -4.1200000e+00   1.0487972e+00
  -4.1100000e+00   1.0526973e+00
  -4.1000000e+00   1.0561807e+00
  -4.0900000e+00   1.0592469e+00
  -4.0800000e+00   1.0618961e+00
  -4.0700000e+00   1.0641283e+00
  -4.0600000e+00   1.0659437e+00
  -4.0500000e+00   1.0673429e+00
  -4.0400000e+00   1.0683264e+00
  -4.0300000e+00   1.0688950e+00
  -4.0200000e+00   1.0690497e+00
  -4.0100000e+00   1.0687916e+00
  -4.0000000e+00   1.0681219e+00
  -3.9900000e+00   1.0670421e+00
  -3.9800000e+00   1.0655537e+00
  -3.9700000e+00   1.0636586e+00
  -3.9600000e+00   1.0613585e+00
  -3.9500000e+00   1.0586555e+00
  -3.9400000e+00   1.0555519e+00
  -3.9300000e+00   1.0520498e+00
  -3.9200000e+00   1.0481519e+00
  -3.9100000e+00   1.0438607e+00
  -3.9000000e+00   1.0391789e+00
  -3.8900000e+00   1.0341096e+00
  -3.8800000e+00   1.0286556e+00
  -3.8700000e+00   1.0228202e+00
  -3.8600000e+00   1.0166067e+00
  -3.8500000e+00   1.0100184e+00
  -3.8400000e+00   1.0030590e+00
  -3.8300000e+00   9.9573196e-01
  -3.8200000e+00   9.8804122e-01
  -3.8100000e+00   9.7999063e-01
  -3.8000000e+00   9.7158421e-01
  -3.7900000e+00   9.6282608e-01
  -3.7800000e+00   9.5372048e-01
  -3.7700000e+00   9.4427175e-01
  -3.7600000e+00   9.3448434e-01
  -3.7500000e+00   9.2436279e-01
  -3.7400000e+00   9.1391173e-01
  -3.7300000e+00   9.0313592e-01
  -3.7200000e+00   8.9204019e-01
  -3.7100000e+00   8.8062944e-01
  -3.7000000e+00   8.6890870e-01
  -3.6900000e+00   8.5688305e-01
  -3.6800000e+00   8.4455767e-01
  -3.6700000e+00   8.3193780e-01
  -3.6600000e+00   8.1902878e-01
  -3.6500000e+00   8.0583600e-01
  -3.6400000e+00   7.9236493e-01
  -3.6300000e+00   7.7862111e-01
  -3.6200000e+00   7.6461014e-01
  -3.6100000e+00   7.5033769e-01
  -3.6000000e+00   7.3580946e-01
  -3.5900000e+00   7.2103124e-01
  -3.5800000e+00   7.0600885e-01
  -3.5700000e+00   6.9074818e-01
  -3.5600000e+00   6.7525514e-01
  -3.5500000e+00   6.5953571e-01
  -3.5400000e+00   6.4359590e-01
  -3.5300000e+00   6.2744175e-01
  -3.5200000e+00   6.1107935e-01
  -3.5100000e+00   5.9451483e-01
  -3.5000000e+00   5.7775432e-01
  -3.4900000e+00   5.6080401e-01
  -3.4800000e+00   5.4367009e-01
  -3.4700000e+00   5.2635879e-01
  -3.4600000e+00   5.0887635e-01
  -3.4500000e+00   4.9122903e-01
  -3.4400000e+00   4.7342310e-01
  -3.4300000e+00   4.5546485e-01
  -3.4200000e+00   4.3736058e-01
  -3.4100000e+00   4.1911657e-01
  -3.4000000e+00   4.0073914e-01
  -3.3900000e+00   3.8223459e-01
  -3.3800000e+00   3.6360922e-01
  -3.3700000e+00   3.4486934e-01
  -3.3600000e+00   3.2602124e-01
  -3.3500000e+00   3.0707121e-01
  -3.3400000e+00   2.8802551e-01
  -3.3300000e+00   2.6889042e-01
  -3.3200000e+00   2.4967218e-01
  -3.3100000e+00   2.3037701e-01
  -3.3000000e+00   2.1101112e-01
  -3.2900000e+00   1.9158070e-01
  -3.2800000e+00   1.7209192e-01
  -3.2700000e+00   1.5255090e-01
  -3.2600000e+00   1.3296375e-01
  -3.2500000e+00   1.1333655e-01
  -3.2400000e+00   9.3675334e-02
  -3.2300000e+00   7.3986117e-02
  -3.2200000e+00   5.4274866e-02
  -3.2100000e+00   3.4547514e-02
  -3.2000000e+00   1.4809950e-02
  -3.1900000e+00  -4.9319751e-03
  -3.1800000e+00  -2.4672459e-02
  -3.1700000e+00  -4.4405742e-02
  -3.1600000e+00  -6.4126116e-02
  -3.1500000e+00  -8.3827918e-02
  -3.1400000e+00  -1.0350554e-01
  -3.1300000e+00  -1.2315342e-01
  -3.1200000e+00  -1.4276607e-01
  -3.1100000e+00  -1.6233803e-01
  -3.1000000e+00  -1.8186391e-01
  -3.0900000e+00  -2.0133839e-01
  -3.0800000e+00  -2.2075619e-01
  -3.0700000e+00  -2.4011211e-01
  -3.0600000e+00  -2.5940100e-01
  -3.0500000e+00  -2.7861778e-01
  -3.0400000e+00  -2.9775743e-01
  -3.0300000e+00  -3.1681501e-01
  -3.0200000e+00  -3.3578564e-01
  -3.0100000e+00  -3.5466449e-01
  -3.0000000e+00  -3.7344684e-01
  -2.9900000e+00  -3.9212801e-01
  -2.9800000e+00  -4.1070339e-01
  -2.9700000e+00  -4.2916847e-01
  -2.9600000e+00  -4.4751880e-01
  -2.9500000e+00  -4.6574999e-01
  -2.9400000e+00  -4.8385775e-01
  -2.9300000e+00  -5.0183784e-01
  -2.9200000e+00  -5.1968613e-01
  -2.9100000e+00  -5.3739854e-01
  -2.9000000e+00  -5.5497109e-01
  -2.8900000e+00  -5.7239985e-01
  -2.8800000e+00  -5.8968101e-01
  -2.8700000e+00  -6.0681080e-01
  -2.8600000e+00  -6.2378555e-01
  -2.8500000e+00  -6.4060168e-01
  -2.8400000e+00  -6.5725569e-01
  -2.8300000e+00  -6.7374413e-01
  -2.8200000e+00  -6.9006368e-01
  -2.8100000e+00  -7.0621107e-01
  -2.8000000e+00  -7.2218313e-01
  -2.7900000e+00  -7.3797676e-01
  -2.7800000e+00  -7.5358895e-01
  -2.7700000e+00  -7.6901678e-01
  -2.7600000e+00  -7.8425740e-01
  -2.7500000e+00  -7.9930807e-01
  -2.7400000e+00  -8.1416609e-01
  -2.7300000e+00  -8.2882890e-01
  -2.7200000e+00  -8.4329397e-01
  -2.7100000e+00  -8.5755889e-01
  -2.7000000e+00  -8.7162133e-01
  -2.6900000e+00  -8.8547902e-01
  -2.6800000e+00  -8.9912981e-01
  -2.6700000e+00  -9.1257160e-01
  -2.6600000e+00  -9.2580240e-01
  -2.6500000e+00  -9.3882029e-01
  -2.6400000e+00  -9.5162342e-01
  -2.6300000e+00  -9.6421006e-01
  -2.6200000e+00  -9.7657852e-01
  -2.6100000e+00  -9.8872723e-01
  -2.6000000e+00  -1.0006547e+00
  -2.5900000e+00  -1.0123594e+00
  -2.5800000e+00  -1.0238402e+00
  -2.5700000e+00  -1.0350956e+00
  -2.5600000e+00  -1.0461245e+00
  -2.5500000e+00  -1.0569259e+00
  -2.5400000e+00  -1.0674987e+00
  -2.5300000e+00  -1.0778419e+00
  -2.5200000e+00  -1.0879547e+00
  -2.5100000e+00  -1.0978363e+00
  -2.5000000e+00  -1.1074860e+00
  -2.4900000e+00  -1.1169031e+00
  -2.4800000e+00  -1.1260871e+00
  -2.4700000e+00  -1.1350375e+00
  -2.4600000e+00  -1.1437539e+00
  -2.4500000e+00  -1.1522359e+00
  -2.4400000e+00  -1.1604833e+00
  -2.4300000e+00  -1.1684958e+00
  -2.4200000e+00  -1.1762735e+00
  -2.4100000e+00  -1.1838161e+00
  -2.4000000e+00  -1.1911238e+00
  -2.3900000e+00  -1.1981966e+00
  -2.3800000e+00  -1.2050346e+00
  -2.3700000e+00  -1.2116381e+00
  -2.3600000e+00  -1.2180074e+00
  -2.3500000e+00  -1.2241428e+00
  -2.3400000e+00  -1.2300447e+00
  -2.3300000e+00  -1.2357136e+00
  -2.3200000e+00  -1.2411502e+00
  -2.3100000e+00  -1.2463548e+00
  -2.3000000e+00  -1.2513283e+00
  -2.2900000e+00  -1.2560714e+00
  -2.2800000e+00  -1.2605848e+00
  -2.2700000e+00  -1.2648694e+00
  -2.2600000e+00  -1.2689260e+00
  -2.2500000e+00  -1.2727557e+00
  -2.2400000e+00  -1.2763594e+00
  -2.2300000e+00  -1.2797383e+00
  -2.2200000e+00  -1.2828933e+00
  -2.2100000e+00  -1.2858258e+00
  -2.2000000e+00  -1.2885369e+00
  -2.1900000e+00  -1.2910278e+00
  -2.1800000e+00  -1.2933000e+00
  -2.1700000e+00  -1.2953547e+00
  -2.1600000e+00  -1.2971934e+00
  -2.1500000e+00  -1.2988176e+00
  -2.1400000e+00  -1.3002287e+00
  -2.1300000e+00  -1.3014282e+00
  -2.1200000e+00  -1.3024179e+00
  -2.1100000e+00  -1.3031993e+00
  -2.1000000e+00  -1.3037741e+00
  -2.0900000e+00  -1.3041440e+00
  -2.0800000e+00  -1.3043107e+00
  -2.0700000e+00  -1.3042761e+00
  -2.0600000e+00  -1.3040420e+00
  -2.0500000e+00  -1.3036101e+00
  -2.0400000e+00  -1.3029825e+00
  -2.0300000e+00  -1.3021611e+00
  -2.0200000e+00  -1.3011477e+00
  -2.0100000e+00  -1.2999445e+00
  -2.0000000e+00  -1.2985534e+00
  -1.9900000e+00  -1.2969764e+00
  -1.9800000e+00  -1.2952157e+00
  -1.9700000e+00  -1.2932734e+00
  -1.9600000e+00  -1.2911515e+00
  -1.9500000e+00  -1.2888523e+00
  -1.9400000e+00  -1.2863780e+00
  -1.9300000e+00  -1.2837306e+00
  -1.9200000e+00  -1.2809125e+00
  -1.9100000e+00  -1.2779260e+00
  -1.9000000e+00  -1.2747732e+00
  -1.8900000e+00  -1.2714564e+00
  -1.8800000e+00  -1.2679780e+00
  -1.8700000e+00  -1.2643403e+00
  -1.8600000e+00  -1.2605457e+00
  -1.8500000e+00  -1.2565964e+00
  -1.8400000e+00  -1.2524948e+00
  -1.8300000e+00  -1.2482434e+00
  -1.8200000e+00  -1.2438445e+00
  -1.8100000e+00  -1.2393005e+00
  -1.8000000e+00  -1.2346139e+00
  -1.7900000e+00  -1.2297871e+00
  -1.7800000e+00  -1.2248224e+00
  -1.7700000e+00  -1.2197224e+00
  -1.7600000e+00  -1.2144895e+00
  -1.7500000e+00  -1.2091261e+00
  -1.7400000e+00  -1.2036348e+00
  -1.7300000e+00  -1.1980179e+00
  -1.7200000e+00  -1.1922780e+00
  -1.7100000e+00  -1.1864175e+00
  -1.7000000e+00  -1.1804388e+00
  -1.6900000e+00  -1.1743446e+00
  -1.6800000e+00  -1.1681372e+00
  -1.6700000e+00  -1.1618192e+00
  -1.6600000e+00  -1.1553929e+00
  -1.6500000e+00  -1.1488609e+00
  -1.6400000e+00  -1.1422257e+00
  -1.6300000e+00  -1.1354897e+00
  -1.6200000e+00  -1.1286554e+00
  -1.6100000e+00  -1.1217252e+00
  -1.6000000e+00  -1.1147016e+00
  -1.5900000e+00  -1.1075871e+00
  -1.5800000e+00  -1.1003840e+00
  -1.5700000e+00  -1.0930949e+00
  -1.5600000e+00  -1.0857221e+00
  -1.5500000e+00  -1.0782681e+00
  -1.5400000e+00  -1.0707353e+00
  -1.5300000e+00  -1.0631260e+00
  -1.5200000e+00  -1.0554427e+00
  -1.5100000e+00  -1.0476878e+00
  -1.5000000e+00  -1.0398636e+00
  -1.4900000e+00  -1.0319724e+00
  -1.4800000e+00  -1.0240167e+00
  -1.4700000e+00  -1.0159987e+00
  -1.4600000e+00  -1.0079207e+00
  -1.4500000e+00  -9.9978514e-01
  -1.4400000e+00  -9.9159420e-01
  -1.4300000e+00  -9.8335017e-01
  -1.4200000e+00  -9.7505531e-01
  -1.4100000e+00  -9.6671186e-01
  -1.4000000e+00  -9.5832205e-01
  -1.3900000e+00  -9.4988808e-01
  -1.3800000e+00  -9.4141215e-01
  -1.3700000e+00  -9.3289642e-01
  -1.3600000e+00  -9.2434304e-01
  -1.3500000e+00  -9.1575416e-01
  -1.3400000e+00  -9.0713188e-01
  -1.3300000e+00  -8.9847831e-01
  -1.3200000e+00  -8.8979552e-01
  -1.3100000e+00  -8.8108557e-01
  -1.3000000e+00  -8.7235050e-01
  -1.2900000e+00  -8.6359232e-01
  -1.2800000e+00  -8.5481303e-01
  -1.2700000e+00  -8.4601460e-01
  -1.2600000e+00  -8.3719899e-01
  -1.2500000e+00  -8.2836813e-01
  -1.2400000e+00  -8.1952392e-01
  -1.2300000e+00  -8.1066827e-01
  -1.2200000e+00  -8.0180302e-01
  -1.2100000e+00  -7.9293002e-01
  -1.2000000e+00  -7.8405109e-01
  -1.1900000e+00  -7.7516804e-01
  -1.1800000e+00  -7.6628262e-01
  -1.1700000e+00  -7.5739659e-01
  -1.1600000e+00  -7.4851169e-01
  -1.1500000e+00  -7.3962960e-01
  -1.1400000e+00  -7.3075201e-01
  -1.1300000e+00  -7.2188058e-01
  -1.1200000e+00  -7.1301693e-01
  -1.1100000e+00  -7.0416267e-01
  -1.1000000e+00  -6.9531939e-01
  -1.0900000e+00  -6.8648863e-01
  -1.0800000e+00  -6.7767194e-01
  -1.0700000e+00  -6.6887082e-01
  -1.0600000e+00  -6.6008675e-01
  -1.0500000e+00  -6.5132120e-01
  -1.0400000e+00  -6.4257560e-01
  -1.0300000e+00  -6.3385135e-01
  -1.0200000e+00  -6.2514985e-01
  -1.0100000e+00  -6.1647245e-01
  -1.0000000e+00  -6.0782049e-01
  -9.9000000e-01  -5.9919528e-01
  -9.8000000e-01  -5.9059809e-01
  -9.7000000e-01  -5.8203020e-01
  -9.6000000e-01  -5.7349284e-01
  -9.5000000e-01  -5.6498722e-01
  -9.4000000e-01  -5.5651452e-01
  -9.3000000e-01  -5.4807590e-01
  -9.2000000e-01  -5.3967251e-01
  -9.1000000e-01  -5.3130545e-01
  -9.0000000e-01  -5.2297581e-01
  -8.9000000e-01  -5.1468465e-01
  -8.8000000e-01  -5.0643300e-01
  -8.7000000e-01  -4.9822189e-01
  -8.6000000e-01  -4.9005231e-01
  -8.5000000e-01  -4.8192521e-01
  -8.4000000e-01  -4.7384153e-01
  -8.3000000e-01  -4.6580221e-01
  -8.2000000e-01  -4.5780812e-01
  -8.1000000e-01  -4.4986013e-01
  -8.0000000e-01  -4.4195910e-01
  -7.9000000e-01  -4.3410585e-01
  -7.8000000e-01  -4.2630116e-01
  -7.7000000e-01  -4.1854583e-01
  -7.6000000e-01  -4.1084059e-01
  -7.5000000e-01  -4.0318619e-01
  -7.4000000e-01  -3.9558332e-01
  -7.3000000e-01  -3.8803268e-01
  -7.2000000e-01  -3.8053492e-01
  -7.1000000e-01  -3.7309068e-01
  -7.0000000e-01  -3.6570057e-01
  -6.9000000e-01  -3.5836521e-01
  -6.8000000e-01  -3.5108515e-01
  -6.7000000e-01  -3.4386094e-01
  -6.6000000e-01  -3.3669313e-01
  -6.5000000e-01  -3.2958222e-01
  -6.4000000e-01  -3.2252869e-01
  -6.3000000e-01  -3.1553301e-01
  -6.2000000e-01  -3.0859564e-01
  -6.1000000e-01  -3.0171699e-01
  -6.0000000e-01  -2.9489747e-01
  -5.9000000e-01  -2.8813747e-01
  -5.8000000e-01  -2.8143735e-01
  -5.7000000e-01  -2.7479746e-01
  -5.6000000e-01  -2.6821813e-01
  -5.5000000e-01  -2.6169966e-01
  -5.4000000e-01  -2.5524235e-01
  -5.3000000e-01  -2.4884646e-01
  -5.2000000e-01  -2.4251224e-01
  -5.1000000e-01  -2.3623993e-01
  -5.0000000e-01  -2.3002974e-01
  -4.9000000e-01  -2.2388186e-01
  -4.8000000e-01  -2.1779649e-01
  -4.7000000e-01  -2.1177377e-01
  -4.6000000e-01  -2.0581386e-01
  -4.5000000e-01  -1.9991688e-01
  -4.4000000e-01  -1.9408294e-01
  -4.3000000e-01  -1.8831214e-01
  -4.2000000e-01  -1.8260455e-01
  -4.1000000e-01  -1.7696024e-01
  -4.0000000e-01  -1.7137924e-01
  -3.9000000e-01  -1.6586159e-01
  -3.8000000e-01  -1.6040731e-01
  -3.7000000e-01  -1.5501639e-01
  -3.6000000e-01  -1.4968881e-01
  -3.5000000e-01  -1.4442455e-01
  -3.4000000e-01  -1.3922355e-01
  -3.3000000e-01  -1.3408576e-01
  -3.2000000e-01  -1.2901110e-01
  -3.1000000e-01  -1.2399948e-01
  -3.0000000e-01  -1.1905079e-01
  -2.9000000e-01  -1.1416493e-01
  -2.8000000e-01  -1.0934175e-01
  -2.7000000e-01  -1.0458110e-01
  -2.6000000e-01  -9.9882838e-02
  -2.5000000e-01  -9.5246779e-02
  -2.4000000e-01  -9.0672738e-02
  -2.3000000e-01  -8.6160512e-02
  -2.2000000e-01  -8.1709886e-02
  -2.1000000e-01  -7.7320631e-02
  -2.0000000e-01  -7.2992503e-02
  -1.9000000e-01  -6.8725241e-02
  -1.8000000e-01  -6.4518573e-02
  -1.7000000e-01  -6.0372209e-02
  -1.6000000e-01  -5.6285840e-02
  -1.5000000e-01  -5.2259144e-02
  -1.4000000e-01  -4.8291774e-02
  -1.3000000e-01  -4.4383367e-02
  -1.2000000e-01  -4.0533530e-02
  -1.1000000e-01  -3.6741847e-02
  -1.0000000e-01  -3.3007866e-02
  -9.0000000e-02  -2.9331093e-02
  -8.0000000e-02  -2.5710985e-02
  -7.0000000e-02  -2.2146924e-02
  -6.0000000e-02  -1.8638205e-02
  -5.0000000e-02  -1.5183956e-02
  -4.0000000e-02  -1.1783180e-02
  -3.0000000e-02  -8.4339549e-03
  -2.0000000e-02  -5.1365522e-03
  -1.0000000e-02  -1.8676284e-03
   0.0000000e+00   1.1196416e-03
   1.0000000e-02   2.1803703e-03
   2.0000000e-02   2.9571634e-03
   3.0000000e-02   3.7230100e-03
   4.0000000e-02   4.4643146e-03
   5.0000000e-02   5.1858987e-03
   6.0000000e-02   5.8887603e-03
   7.0000000e-02   6.5739744e-03
   8.0000000e-02   7.2422736e-03
   9.0000000e-02   7.8942575e-03
   1.0000000e-01   8.5304198e-03
   1.1000000e-01   9.1511832e-03
   1.2000000e-01   9.7569183e-03
   1.3000000e-01   1.0347956e-02
   1.4000000e-01   1.0924598e-02
   1.5000000e-01   1.1487122e-02
   1.6000000e-01   1.2035784e-02
   1.7000000e-01   1.2570828e-02
   1.8000000e-01   1.3092483e-02
   1.9000000e-01   1.3600967e-02
   2.0000000e-01   1.4096491e-02
   2.1000000e-01   1.4579255e-02
   2.2000000e-01   1.5049454e-02
   2.3000000e-01   1.5507279e-02
   2.4000000e-01   1.5952912e-02
   2.5000000e-01   1.6386533e-02
   2.6000000e-01   1.6808318e-02
   2.7000000e-01   1.7218438e-02
   2.8000000e-01   1.7617062e-02
   2.9000000e-01   1.8004356e-02
   3.0000000e-01   1.8380482e-02
   3.1000000e-01   1.8745602e-02
   3.2000000e-01   1.9099873e-02
   3.3000000e-01   1.9443451e-02
   3.4000000e-01   1.9776491e-02
   3.5000000e-01   2.0099146e-02
   3.6000000e-01   2.0411566e-02
   3.7000000e-01   2.0713899e-02
   3.8000000e-01   2.1006294e-02
   3.9000000e-01   2.1288897e-02
   4.0000000e-01   2.1561852e-02
   4.1000000e-01   2.1825302e-02
   4.2000000e-01   2.2079390e-02
   4.3000000e-01   2.2324256e-02
   4.4000000e-01   2.2560039e-02
   4.5000000e-01   2.2786879e-02
   4.6000000e-01   2.3004912e-02
   4.7000000e-01   2.3214273e-02
   4.8000000e-01   2.3415099e-02
   4.9000000e-01   2.3607522e-02
   5.0000000e-01   2.3791675e-02
   5.1000000e-01   2.3967690e-02
   5.2000000e-01   2.4135698e-02
   5.3000000e-01   2.4295827e-02
   5.4000000e-01   2.4448205e-02
   5.5000000e-01   2.4592962e-02
   5.6000000e-01   2.4730221e-02
   5.7000000e-01   2.4860110e-02
   5.8000000e-01   2.4982751e-02
   5.9000000e-01   2.5098269e-02
   6.0000000e-01   2.5206785e-02
   6.1000000e-01   2.5308420e-02
   6.2000000e-01   2.5403295e-02
   6.3000000e-01   2.5491528e-02
   6.4000000e-01   2.5573238e-02
   6.5000000e-01   2.5648541e-02
   6.6000000e-01   2.5717554e-02
   6.7000000e-01   2.5780391e-02
   6.8000000e-01   2.5837167e-02
   6.9000000e-01   2.5887993e-02
   7.0000000e-01   2.5932983e-02
   7.1000000e-01   2.5972246e-02
   7.2000000e-01   2.6005893e-02
   7.3000000e-01   2.6034033e-02
   7.4000000e-01   2.6056772e-02
   7.5000000e-01   2.6074218e-02
   7.6000000e-01   2.6086476e-02
   7.7000000e-01   2.6093650e-02
   7.8000000e-01   2.6095846e-02
   7.9000000e-01   2.6093163e-02
   8.0000000e-01   2.6085705e-02
   8.1000000e-01   2.6073572e-02
   8.2000000e-01   2.6056862e-02
   8.3000000e-01   2.6035675e-02
   8.4000000e-01   2.6010107e-02
   8.5000000e-01   2.5980255e-02
   8.6000000e-01   2.5946213e-02
   8.7000000e-01   2.5908076e-02
   8.8000000e-01   2.5865937e-02
   8.9000000e-01   2.5819888e-02
   9.0000000e-01   2.5770020e-02
   9.1000000e-01   2.5716422e-02
   9.2000000e-01   2.5659184e-02
   9.3000000e-01   2.5598393e-02
   9.4000000e-01   2.5534136e-02
   9.5000000e-01   2.5466499e-02
   9.6000000e-01   2.5395566e-02
   9.7000000e-01   2.5321421e-02
   9.8000000e-01   2.5244147e-02
   9.9000000e-01   2.5163826e-02
   1.0000000e+00   2.5080537e-02
   1.0100000e+00   2.4994360e-02
   1.0200000e+00   2.4905374e-02
   1.0300000e+00   2.4813657e-02
   1.0400000e+00   2.4719284e-02
   1.0500000e+00   2.4622331e-02
   1.0600000e+00   2.4522872e-02
   1.0700000e+00   2.4420981e-02
   1.0800000e+00   2.4316731e-02
   1.0900000e+00   2.4210192e-02
   1.1000000e+00   2.4101435e-02
   1.1100000e+00   2.3990529e-02
   1.1200000e+00   2.3877543e-02
   1.1300000e+00   2.3762544e-02
   1.1400000e+00   2.3645598e-02
   1.1500000e+00   2.3526772e-02
   1.1600000e+00   2.3406129e-02
   1.1700000e+00   2.3283732e-02
   1.1800000e+00   2.3159646e-02
   1.1900000e+00   2.3033930e-02
   1.2000000e+00   2.2906646e-02
   1.2100000e+00   2.2777853e-02
   1.2200000e+00   2.2647611e-02
   1.2300000e+00   2.2515976e-02
   1.2400000e+00   2.2383007e-02
   1.2500000e+00   2.2248758e-02
   1.2600000e+00   2.2113284e-02
   1.2700000e+00   2.1976641e-02
   1.2800000e+00   2.1838881e-02
   1.2900000e+00   2.1700057e-02
   1.3000000e+00   2.1560219e-02
   1.3100000e+00   2.1419419e-02
   1.3200000e+00   2.1277707e-02
   1.3300000e+00   2.1135130e-02
   1.3400000e+00   2.0991737e-02
   1.3500000e+00   2.0847576e-02
   1.3600000e+00   2.0702691e-02
   1.3700000e+00   2.0557130e-02
   1.3800000e+00   2.0410936e-02
   1.3900000e+00   2.0264153e-02
   1.4000000e+00   2.0116824e-02
   1.4100000e+00   1.9968991e-02
   1.4200000e+00   1.9820695e-02
   1.4300000e+00   1.9671977e-02
   1.4400000e+00   1.9522877e-02
   1.4500000e+00   1.9373434e-02
   1.4600000e+00   1.9223685e-02
   1.4700000e+00   1.9073668e-02
   1.4800000e+00   1.8923420e-02
   1.4900000e+00   1.8772976e-02
   1.5000000e+00   1.8622373e-02
   1.5100000e+00   1.8471643e-02
   1.5200000e+00   1.8320821e-02
   1.5300000e+00   1.8169940e-02
   1.5400000e+00   1.8019032e-02
   1.5500000e+00   1.7868128e-02
   1.5600000e+00   1.7717260e-02
   1.5700000e+00   1.7566457e-02
   1.5800000e+00   1.7415749e-02
   1.5900000e+00   1.7265164e-02
   1.6000000e+00   1.7114731e-02
   1.6100000e+00   1.6964478e-02
   1.6200000e+00   1.6814430e-02
   1.6300000e+00   1.6664615e-02
   1.6400000e+00   1.6515057e-02
   1.6500000e+00   1.6365782e-02
   1.6600000e+00   1.6216814e-02
   1.6700000e+00   1.6068176e-02
   1.6800000e+00   1.5919892e-02
   1.6900000e+00   1.5771984e-02
   1.7000000e+00   1.5624473e-02
   1.7100000e+00   1.5477382e-02
   1.7200000e+00   1.5330731e-02
   1.7300000e+00   1.5184540e-02
   1.7400000e+00   1.5038829e-02
   1.7500000e+00   1.4893616e-02
   1.7600000e+00   1.4748920e-02
   1.7700000e+00   1.4604760e-02
   1.7800000e+00   1.4461153e-02
   1.7900000e+00   1.4318115e-02
   1.8000000e+00   1.4175663e-02
   1.8100000e+00   1.4033813e-02
   1.8200000e+00   1.3892580e-02
   1.8300000e+00   1.3751980e-02
   1.8400000e+00   1.3612026e-02
   1.8500000e+00   1.3472733e-02
   1.8600000e+00   1.3334115e-02
   1.8700000e+00   1.3196183e-02
   1.8800000e+00   1.3058952e-02
   1.8900000e+00   1.2922432e-02
   1.9000000e+00   1.2786636e-02
   1.9100000e+00   1.2651575e-02
   1.9200000e+00   1.2517260e-02
   1.9300000e+00   1.2383702e-02
   1.9400000e+00   1.2250910e-02
   1.9500000e+00   1.2118893e-02
   1.9600000e+00   1.1987663e-02
   1.9700000e+00   1.1857226e-02
   1.9800000e+00   1.1727591e-02
   1.9900000e+00   1.1598768e-02
   2.0000000e+00   1.1470762e-02
   2.0100000e+00   1.1343583e-02
   2.0200000e+00   1.1217236e-02
   2.0300000e+00   1.1091728e-02
   2.0400000e+00   1.0967066e-02
   2.0500000e+00   1.0843256e-02
   2.0600000e+00   1.0720304e-02
   2.0700000e+00   1.0598213e-02
   2.0800000e+00   1.0476991e-02
   2.0900000e+00   1.0356641e-02
   2.1000000e+00   1.0237167e-02
   2.1100000e+00   1.0118574e-02
   2.1200000e+00   1.0000866e-02
   2.1300000e+00   9.8840465e-03
   2.1400000e+00   9.7681179e-03
   2.1500000e+00   9.6530836e-03
   2.1600000e+00   9.5389463e-03
   2.1700000e+00   9.4257084e-03
   2.1800000e+00   9.3133720e-03
   2.1900000e+00   9.2019390e-03
   2.2000000e+00   9.0914112e-03
   2.2100000e+00   8.9817899e-03
   2.2200000e+00   8.8730763e-03
   2.2300000e+00   8.7652714e-03
   2.2400000e+00   8.6583758e-03
   2.2500000e+00   8.5523900e-03
   2.2600000e+00   8.4473144e-03
   2.2700000e+00   8.3431490e-03
   2.2800000e+00   8.2398937e-03
   2.2900000e+00   8.1375481e-03
   2.3000000e+00   8.0361117e-03
   2.3100000e+00   7.9355837e-03
   2.3200000e+00   7.8359633e-03
   2.3300000e+00   7.7372494e-03
   2.3400000e+00   7.6394407e-03
   2.3500000e+00   7.5425357e-03
   2.3600000e+00   7.4465328e-03
   2.3700000e+00   7.3514302e-03
   2.3800000e+00   7.2572261e-03
   2.3900000e+00   7.1639182e-03
   2.4000000e+00   7.0715044e-03
   2.4100000e+00   6.9799823e-03
   2.4200000e+00   6.8893493e-03
   2.4300000e+00   6.7996027e-03
   2.4400000e+00   6.7107397e-03
   2.4500000e+00   6.6227575e-03
   2.4600000e+00   6.5356528e-03
   2.4700000e+00   6.4494226e-03
   2.4800000e+00   6.3640635e-03
   2.4900000e+00   6.2795720e-03
   2.5000000e+00   6.1959447e-03
   2.5100000e+00   6.1131779e-03
   2.5200000e+00   6.0312678e-03
   2.5300000e+00   5.9502105e-03
   2.5400000e+00   5.8700022e-03
   2.5500000e+00   5.7906387e-03
   2.5600000e+00   5.7121159e-03
   2.5700000e+00   5.6344296e-03
   2.5800000e+00   5.5575754e-03
   2.5900000e+00   5.4815490e-03
   2.6000000e+00   5.4063459e-03
   2.6100000e+00   5.3319614e-03
   2.6200000e+00   5.2583911e-03
   2.6300000e+00   5.1856301e-03
   2.6400000e+00   5.1136738e-03
   2.6500000e+00   5.0425172e-03
   2.6600000e+00   4.9721556e-03
   2.6700000e+00   4.9025838e-03
   2.6800000e+00   4.8337970e-03
   2.6900000e+00   4.7657901e-03
   2.7000000e+00   4.6985579e-03
   2.7100000e+00   4.6320953e-03
   2.7200000e+00   4.5663971e-03
   2.7300000e+00   4.5014579e-03
   2.7400000e+00   4.4372726e-03
   2.7500000e+00   4.3738358e-03
   2.7600000e+00   4.3111421e-03
   2.7700000e+00   4.2491861e-03
   2.7800000e+00   4.1879624e-03
   2.7900000e+00   4.1274655e-03
   2.8000000e+00   4.0676899e-03
   2.8100000e+00   4.0086300e-03
   2.8200000e+00   3.9502804e-03
   2.8300000e+00   3.8926354e-03
   2.8400000e+00   3.8356895e-03
   2.8500000e+00   3.7794371e-03
   2.8600000e+00   3.7238724e-03
   2.8700000e+00   3.6689900e-03
   2.8800000e+00   3.6147841e-03
   2.8900000e+00   3.5612490e-03
   2.9000000e+00   3.5083791e-03
   2.9100000e+00   3.4561688e-03
   2.9200000e+00   3.4046122e-03
   2.9300000e+00   3.3537037e-03
   2.9400000e+00   3.3034377e-03
   2.9500000e+00   3.2538084e-03
   2.9600000e+00   3.2048100e-03
   2.9700000e+00   3.1564370e-03
   2.9800000e+00   3.1086836e-03
   2.9900000e+00   3.0615441e-03
   3.0000000e+00   3.0150128e-03
   3.0100000e+00   2.9690841e-03
   3.0200000e+00   2.9237522e-03
   3.0300000e+00   2.8790115e-03
   3.0400000e+00   2.8348563e-03
   3.0500000e+00   2.7912811e-03
   3.0600000e+00   2.7482800e-03
   3.0700000e+00   2.7058476e-03
   3.0800000e+00   2.6639782e-03
   3.0900000e+00   2.6226662e-03
   3.1000000e+00   2.5819060e-03
   3.1100000e+00   2.5416922e-03
   3.1200000e+00   2.5020190e-03
   3.1300000e+00   2.4628811e-03
   3.1400000e+00   2.4242729e-03
   3.1500000e+00   2.3861889e-03
   3.1600000e+00   2.3486236e-03
   3.1700000e+00   2.3115717e-03
   3.1800000e+00   2.2750277e-03
   3.1900000e+00   2.2389862e-03
   3.2000000e+00   2.2034419e-03
   3.2100000e+00   2.1683893e-03
   3.2200000e+00   2.1338232e-03
   3.2300000e+00   2.0997383e-03
   3.2400000e+00   2.0661293e-03
   3.2500000e+00   2.0329911e-03
   3.2600000e+00   2.0003182e-03
   3.2700000e+00   1.9681057e-03
   3.2800000e+00   1.9363484e-03
   3.2900000e+00   1.9050410e-03
   3.3000000e+00   1.8741786e-03
   3.3100000e+00   1.8437561e-03
   3.3200000e+00   1.8137684e-03
   3.3300000e+00   1.7842105e-03
   3.3400000e+00   1.7550775e-03
   3.3500000e+00   1.7263645e-03
   3.3600000e+00   1.6980665e-03
   3.3700000e+00   1.6701787e-03
   3.3800000e+00   1.6426963e-03
   3.3900000e+00   1.6156144e-03
   3.4000000e+00   1.5889283e-03
   3.4100000e+00   1.5626332e-03
   3.4200000e+00   1.5367245e-03
   3.4300000e+00   1.5111975e-03
   3.4400000e+00   1.4860475e-03
   3.4500000e+00   1.4612700e-03
   3.4600000e+00   1.4368605e-03
   3.4700000e+00   1.4128143e-03
   3.4800000e+00   1.3891270e-03
   3.4900000e+00   1.3657942e-03
   3.5000000e+00   1.3428115e-03
   3.5100000e+00   1.3201744e-03
   3.5200000e+00   1.2978787e-03
   3.5300000e+00   1.2759200e-03
   3.5400000e+00   1.2542940e-03
   3.5500000e+00   1.2329966e-03
   3.5600000e+00   1.2120236e-03
   3.5700000e+00   1.1913707e-03
   3.5800000e+00   1.1710339e-03
   3.5900000e+00   1.1510091e-03
   3.6000000e+00   1.1312922e-03
   3.6100000e+00   1.1118793e-03
   3.6200000e+00   1.0927663e-03
   3.6300000e+00   1.0739494e-03
   3.6400000e+00   1.0554245e-03
   3.6500000e+00   1.0371880e-03
   3.6600000e+00   1.0192359e-03
   3.6700000e+00   1.0015645e-03
   3.6800000e+00   9.8416995e-04
   3.6900000e+00   9.6704862e-04
   3.7000000e+00   9.5019682e-04
   3.7100000e+00   9.3361090e-04
   3.7200000e+00   9.1728726e-04
   3.7300000e+00   9.0122233e-04
   3.7400000e+00   8.8541259e-04
   3.7500000e+00   8.6985453e-04
   3.7600000e+00   8.5454471e-04
   3.7700000e+00   8.3947969e-04
   3.7800000e+00   8.2465610e-04
   3.7900000e+00   8.1007059e-04
   3.8000000e+00   7.9571983e-04
   3.8100000e+00   7.8160055e-04
   3.8200000e+00   7.6770951e-04
   3.8300000e+00   7.5404349e-04
   3.8400000e+00   7.4059933e-04
   3.8500000e+00   7.2737389e-04
   3.8600000e+00   7.1436406e-04
   3.8700000e+00   7.0156677e-04
   3.8800000e+00   6.8897899e-04
   3.8900000e+00   6.7659771e-04
   3.9000000e+00   6.6441998e-04
   3.9100000e+00   6.5244286e-04
   3.9200000e+00   6.4066344e-04
   3.9300000e+00   6.2907887e-04
   3.9400000e+00   6.1768630e-04
   3.9500000e+00   6.0648295e-04
   3.9600000e+00   5.9546604e-04
   3.9700000e+00   5.8463284e-04
   3.9800000e+00   5.7398065e-04
   3.9900000e+00   5.6350680e-04
   4.0000000e+00   5.5320865e-04
   4.0100000e+00   5.4308359e-04
   4.0200000e+00   5.3312905e-04
   4.0300000e+00   5.2334249e-04
   4.0400000e+00   5.1372140e-04
   4.0500000e+00   5.0426328e-04
   4.0600000e+00   4.9496571e-04
   4.0700000e+00   4.8582624e-04
   4.0800000e+00   4.7684250e-04
   4.0900000e+00   4.6801213e-04
   4.1000000e+00   4.5933278e-04
   4.1100000e+00   4.5080217e-04
   4.1200000e+00   4.4241802e-04
   4.1300000e+00   4.3417808e-04
   4.1400000e+00   4.2608015e-04
   4.1500000e+00   4.1812203e-04
   4.1600000e+00   4.1030158e-04
   4.1700000e+00   4.0261665e-04
   4.1800000e+00   3.9506516e-04
   4.1900000e+00   3.8764501e-04
   4.2000000e+00   3.8035418e-04
   4.2100000e+00   3.7319063e-04
   4.2200000e+00   3.6615238e-04
   4.2300000e+00   3.5923746e-04
   4.2400000e+00   3.5244392e-04
   4.2500000e+00   3.4576986e-04
   4.2600000e+00   3.3921338e-04
   4.2700000e+00   3.3277262e-04
   4.2800000e+00   3.2644575e-04
   4.2900000e+00   3.2023094e-04
   4.3000000e+00   3.1412642e-04
   4.3100000e+00   3.0813042e-04
   4.3200000e+00   3.0224119e-04
   4.3300000e+00   2.9645704e-04
   4.3400000e+00   2.9077625e-04
   4.3500000e+00   2.8519717e-04
   4.3600000e+00   2.7971816e-04
   4.3700000e+00   2.7433758e-04
   4.3800000e+00   2.6905385e-04
   4.3900000e+00   2.6386538e-04
   4.4000000e+00   2.5877062e-04
   4.4100000e+00   2.5376805e-04
   4.4200000e+00   2.4885614e-04
   4.4300000e+00   2.4403342e-04
   4.4400000e+00   2.3929842e-04
   4.4500000e+00   2.3464969e-04
   4.4600000e+00   2.3008580e-04
   4.4700000e+00   2.2560536e-04
   4.4800000e+00   2.2120698e-04
   4.4900000e+00   2.1688930e-04
   4.5000000e+00   2.1265098e-04
   4.5100000e+00   2.0849068e-04
   4.5200000e+00   2.0440711e-04
   4.5300000e+00   2.0039899e-04
   4.5400000e+00   1.9646505e-04
   4.5500000e+00   1.9260404e-04
   4.5600000e+00   1.8881473e-04
   4.5700000e+00   1.8509592e-04
   4.5800000e+00   1.8144642e-04
   4.5900000e+00   1.7786505e-04
   4.6000000e+00   1.7435065e-04
   4.6100000e+00   1.7090210e-04
   4.6200000e+00   1.6751827e-04
   4.6300000e+00   1.6419805e-04
   4.6400000e+00   1.6094037e-04
   4.6500000e+00   1.5774414e-04
   4.6600000e+00   1.5460833e-04
   4.6700000e+00   1.5153189e-04
   4.6800000e+00   1.4851380e-04
   4.6900000e+00   1.4555306e-04
   4.7000000e+00   1.4264868e-04
   4.7100000e+00   1.3979969e-04
   4.7200000e+00   1.3700512e-04
   4.7300000e+00   1.3426405e-04
   4.7400000e+00   1.3157553e-04
   4.7500000e+00   1.2893866e-04
   4.7600000e+00   1.2635254e-04
   4.7700000e+00   1.2381628e-04
   4.7800000e+00   1.2132902e-04
   4.7900000e+00   1.1888990e-04
   4.8000000e+00   1.1649808e-04
   4.8100000e+00   1.1415272e-04
   4.8200000e+00   1.1185302e-04
   4.8300000e+00   1.0959818e-04
   4.8400000e+00   1.0738739e-04
   4.8500000e+00   1.0521990e-04
   4.8600000e+00   1.0309494e-04
   4.8700000e+00   1.0101176e-04
   4.8800000e+00   9.8969616e-05
   4.8900000e+00   9.6967788e-05
   4.9000000e+00   9.5005563e-05
   4.9100000e+00   9.3082240e-05
   4.9200000e+00   9.1197129e-05
   4.9300000e+00   8.9349554e-05
   4.9400000e+00   8.7538847e-05
   4.9500000e+00   8.5764353e-05
   4.9600000e+00   8.4025431e-05
   4.9700000e+00   8.2321446e-05
   4.9800000e+00   8.0651777e-05
   4.9900000e+00   7.9015814e-05
   5.0000000e+00   7.7412955e-05
   5.0100000e+00   7.5842597e-05
   5.0200000e+00   7.4304095e-05
   5.0300000e+00   7.2796802e-05
   5.0400000e+00   7.1320085e-05
   5.0500000e+00   6.9873324e-05
   5.0600000e+00   6.8455911e-05
   5.0700000e+00   6.7067251e-05
   5.0800000e+00   6.5706761e-05
   5.0900000e+00   6.4373869e-05
   5.1000000e+00   6.3068015e-05
   5.1100000e+00   6.1788651e-05
   5.1200000e+00   6.0535240e-05
   5.1300000e+00   5.9307255e-05
   5.1400000e+00   5.8104180e-05
   5.1500000e+00   5.6925509e-05
   5.1600000e+00   5.5770749e-05
   5.1700000e+00   5.4639414e-05
   5.1800000e+00   5.3531028e-05
   5.1900000e+00   5.2445126e-05
   5.2000000e+00   5.1381252e-05
   5.2100000e+00   5.0338960e-05
   5.2200000e+00   4.9317811e-05
   5.2300000e+00   4.8317376e-05
   5.2400000e+00   4.7337236e-05
   5.2500000e+00   4.6376978e-05
   5.2600000e+00   4.5436200e-05
   5.2700000e+00   4.4514505e-05
   5.2800000e+00   4.3611508e-05
   5.2900000e+00   4.2726828e-05
   5.3000000e+00   4.1860095e-05
   5.3100000e+00   4.1010943e-05
   5.3200000e+00   4.0179017e-05
   5.3300000e+00   3.9363967e-05
   5.3400000e+00   3.8565451e-05
   5.3500000e+00   3.7783133e-05
   5.3600000e+00   3.7016685e-05
   5.3700000e+00   3.6265784e-05
   5.3800000e+00   3.5530116e-05
   5.3900000e+00   3.4809371e-05
   5.4000000e+00   3.4103247e-05
   5.4100000e+00   3.3411447e-05
   5.4200000e+00   3.2733680e-05
   5.4300000e+00   3.2069662e-05
   5.4400000e+00   3.1419114e-05
   5.4500000e+00   3.0781763e-05
   5.4600000e+00   3.0157341e-05
   5.4700000e+00   2.9545585e-05
   5.4800000e+00   2.8946239e-05
   5.4900000e+00   2.8359051e-05
   5.5000000e+00   2.7783775e-05
   5.5100000e+00   2.7220168e-05
   5.5200000e+00   2.6667994e-05
   5.5300000e+00   2.6127022e-05
   5.5400000e+00   2.5597023e-05
   5.5500000e+00   2.5077776e-05
   5.5600000e+00   2.4569061e-05
   5.5700000e+00   2.4070667e-05
   5.5800000e+00   2.3582382e-05
   5.5900000e+00   2.3104002e-05
   5.6000000e+00   2.2635327e-05
   5.6100000e+00   2.2176159e-05
   5.6200000e+00   2.1726305e-05
   5.6300000e+00   2.1285577e-05
   5.6400000e+00   2.0853789e-05
   5.6500000e+00   2.0430761e-05
   5.6600000e+00   2.0016313e-05
   5.6700000e+00   1.9610273e-05
   5.6800000e+00   1.9212470e-05
   5.6900000e+00   1.8822736e-05
   5.7000000e+00   1.8440908e-05
   5.7100000e+00   1.8066825e-05
   5.7200000e+00   1.7700332e-05
   5.7300000e+00   1.7341272e-05
   5.7400000e+00   1.6989496e-05
   5.7500000e+00   1.6644857e-05
   5.7600000e+00   1.6307208e-05
   5.7700000e+00   1.5976409e-05
   5.7800000e+00   1.5652320e-05
   5.7900000e+00   1.5334805e-05
   5.8000000e+00   1.5023732e-05
   5.8100000e+00   1.4718968e-05
   5.8200000e+00   1.4420387e-05
   5.8300000e+00   1.4127863e-05
   5.8400000e+00   1.3841273e-05
   5.8500000e+00   1.3560496e-05
   5.8600000e+00   1.3285415e-05
   5.8700000e+00   1.3015915e-05
   5.8800000e+00   1.2751881e-05
   5.8900000e+00   1.2493203e-05
   5.9000000e+00   1.2239773e-05
   5.9100000e+00   1.1991483e-05
   5.9200000e+00   1.1748230e-05
   5.9300000e+00   1.1509912e-05
   5.9400000e+00   1.1276428e-05
   5.9500000e+00   1.1047681e-05
   5.9600000e+00   1.0823573e-05
   5.9700000e+00   1.0604012e-05
   5.9800000e+00   1.0388905e-05
   5.9900000e+00   1.0178161e-05
   6.0000000e+00   9.9716926e-06
   6.0100000e+00   9.7694122e-06
   6.0200000e+00   9.5712352e-06
   6.0300000e+00   9.3770783e-06
   6.0400000e+00   9.1868599e-06
   6.0500000e+00   9.0005003e-06
   6.0600000e+00   8.8179210e-06
   6.0700000e+00   8.6390454e-06
   6.0800000e+00   8.4637984e-06
   6.0900000e+00   8.2921064e-06
   6.1000000e+00   8.1238972e-06
   6.1100000e+00   7.9591002e-06
   6.1200000e+00   7.7976462e-06
   6.1300000e+00   7.6394674e-06
   6.1400000e+00   7.4844973e-06
   6.1500000e+00   7.3326708e-06
   6.1600000e+00   7.1839243e-06
   6.1700000e+00   7.0381951e-06
   6.1800000e+00   6.8954221e-06
   6.1900000e+00   6.7555453e-06
   6.2000000e+00   6.6185060e-06
   6.2100000e+00   6.4842465e-06
   6.2200000e+00   6.3527106e-06
   6.2300000e+00   6.2238430e-06
   6.2400000e+00   6.0975895e-06
   6.2500000e+00   5.9738972e-06
   6.2600000e+00   5.8527139e-06
   6.2700000e+00   5.7339890e-06
   6.2800000e+00   5.6176724e-06
   6.2900000e+00   5.5037154e-06
   6.3000000e+00   5.3920700e-06
   6.3100000e+00   5.2826894e-06
   6.3200000e+00   5.1755277e-06
   6.3300000e+00   5.0705398e-06
   6.3400000e+00   4.9676816e-06
   6.3500000e+00   4.8669099e-06
   6.3600000e+00   4.7681825e-06
   6.3700000e+00   4.6714577e-06
   6.3800000e+00   4.5766951e-06
   6.3900000e+00   4.4838548e-06
   6.4000000e+00   4.3928978e-06
   6.4100000e+00   4.3037859e-06
   6.4200000e+00   4.2164817e-06
   6.4300000e+00   4.1309485e-06
   6.4400000e+00   4.0471503e-06
   6.4500000e+00   3.9650521e-06
   6.4600000e+00   3.8846193e-06
   6.4700000e+00   3.8058180e-06
   6.4800000e+00   3.7286153e-06
   6.4900000e+00   3.6529787e-06
   6.5000000e+00   3.5788765e-06
   6.5100000e+00   3.5062774e-06
   6.5200000e+00   3.4351510e-06
   6.5300000e+00   3.3654675e-06
   6.5400000e+00   3.2971975e-06
   6.5500000e+00   3.2303124e-06
   6.5600000e+00   3.1647841e-06
   6.5700000e+00   3.1005851e-06
   6.5800000e+00   3.0376884e-06
   6.5900000e+00   2.9760676e-06
   6.6000000e+00   2.9156968e-06
   6.6100000e+00   2.8565506e-06
   6.6200000e+00   2.7986043e-06
   6.6300000e+00   2.7418334e-06
   6.6400000e+00   2.6862142e-06
   6.6500000e+00   2.6317232e-06
   6.6600000e+00   2.5783376e-06
   6.6700000e+00   2.5260349e-06
   6.6800000e+00   2.4747932e-06
   6.6900000e+00   2.4245910e-06
   6.7000000e+00   2.3754072e-06
   6.7100000e+00   2.3272211e-06
   6.7200000e+00   2.2800125e-06
   6.7300000e+00   2.2337615e-06
   6.7400000e+00   2.1884488e-06
   6.7500000e+00   2.1440552e-06
   6.7600000e+00   2.1005622e-06
   6.7700000e+00   2.0579515e-06
   6.7800000e+00   2.0162051e-06
   6.7900000e+00   1.9753056e-06
   6.8000000e+00   1.9352358e-06
   6.8100000e+00   1.8959788e-06
   6.8200000e+00   1.8575181e-06
   6.8300000e+00   1.8198377e-06
   6.8400000e+00   1.7829216e-06
   6.8500000e+00   1.7467544e-06
   6.8600000e+00   1.7113209e-06
   6.8700000e+00   1.6766061e-06
   6.8800000e+00   1.6425955e-06
   6.8900000e+00   1.6092749e-06
   6.9000000e+00   1.5766302e-06
   6.9100000e+00   1.5446478e-06
   6.9200000e+00   1.5133141e-06
   6.9300000e+00   1.4826160e-06
   6.9400000e+00   1.4525406e-06
   6.9500000e+00   1.4230754e-06
   6.9600000e+00   1.3942079e-06
   6.9700000e+00   1.3659259e-06
   6.9800000e+00   1.3382177e-06
   6.9900000e+00   1.3110716e-06
   7.0000000e+00   1.2844761e-06
   7.0100000e+00   1.2584202e-06
   7.0200000e+00   1.2328928e-06
   7.0300000e+00   1.2078832e-06
   7.0400000e+00   1.1833810e-06
   7.0500000e+00   1.1593758e-06
   7.0600000e+00   1.1358576e-06
   7.0700000e+00   1.1128165e-06
   7.0800000e+00   1.0902428e-06
   7.0900000e+00   1.0681270e-06
   7.1000000e+00   1.0464598e-06
   7.1100000e+00   1.0252322e-06
   7.1200000e+00   1.0044352e-06
   7.1300000e+00   9.8406007e-07
   7.1400000e+00   9.6409827e-07
   7.1500000e+00   9.4454141e-07
   7.1600000e+00   9.2538128e-07
   7.1700000e+00   9.0660982e-07
   7.1800000e+00   8.8821916e-07
   7.1900000e+00   8.7020157e-07
   7.2000000e+00   8.5254949e-07
   7.2100000e+00   8.3525549e-07
   7.2200000e+00   8.1831231e-07
   7.2300000e+00   8.0171285e-07
   7.2400000e+00   7.8545012e-07
   7.2500000e+00   7.6951729e-07
   7.2600000e+00   7.5390768e-07
   7.2700000e+00   7.3861472e-07
   7.2800000e+00   7.2363200e-07
   7.2900000e+00   7.0895321e-07
   7.3000000e+00   6.9457220e-07
   7.3100000e+00   6.8048293e-07
   7.3200000e+00   6.6667947e-07
   7.3300000e+00   6.5315603e-07
   7.3400000e+00   6.3990693e-07
   7.3500000e+00   6.2692661e-07
   7.3600000e+00   6.1420960e-07
   7.3700000e+00   6.0175058e-07
   7.3800000e+00   5.8954431e-07
   7.3900000e+00   5.7758565e-07
   7.4000000e+00   5.6586959e-07
   7.4100000e+00   5.5439121e-07
   7.4200000e+00   5.4314569e-07
   7.4300000e+00   5.3212829e-07
   7.4400000e+00   5.2133440e-07
   7.4500000e+00   5.1075949e-07
   7.4600000e+00   5.0039910e-07
   7.4700000e+00   4.9024889e-07
   7.4800000e+00   4.8030459e-07
   7.4900000e+00   4.7056204e-07
   7.5000000e+00   4.6101712e-07
   7.5100000e+00   4.5166585e-07
   7.5200000e+00   4.4250428e-07
   7.5300000e+00   4.3352857e-07
   7.5400000e+00   4.2473496e-07
   7.5500000e+00   4.1611974e-07
   7.5600000e+00   4.0767930e-07
   7.5700000e+00   3.9941010e-07
   7.5800000e+00   3.9130865e-07
   7.5900000e+00   3.8337156e-07
   7.6000000e+00   3.7559550e-07
   7.6100000e+00   3.6797719e-07
   7.6200000e+00   3.6051344e-07
   7.6300000e+00   3.5320112e-07
   7.6400000e+00   3.4603715e-07
   7.6500000e+00   3.3901852e-07
   7.6600000e+00   3.3214228e-07
   7.6700000e+00   3.2540555e-07
   7.6800000e+00   3.1880550e-07
   7.6900000e+00   3.1233935e-07
   7.7000000e+00   3.0600439e-07
   7.7100000e+00   2.9979796e-07
   7.7200000e+00   2.9371745e-07
   7.7300000e+00   2.8776031e-07
   7.7400000e+00   2.8192403e-07
   7.7500000e+00   2.7620616e-07
   7.7600000e+00   2.7060431e-07
   7.7700000e+00   2.6511612e-07
   7.7800000e+00   2.5973928e-07
   7.7900000e+00   2.5447154e-07
   7.8000000e+00   2.4931068e-07
   7.8100000e+00   2.4425454e-07
   7.8200000e+00   2.3930099e-07
   7.8300000e+00   2.3444795e-07
   7.8400000e+00   2.2969338e-07
   7.8500000e+00   2.2503529e-07
   7.8600000e+00   2.2047172e-07
   7.8700000e+00   2.1600075e-07
   7.8800000e+00   2.1162050e-07
   7.8900000e+00   2.0732914e-07
   7.9000000e+00   2.0312486e-07
   7.9100000e+00   1.9900590e-07
   7.9200000e+00   1.9497053e-07
   7.9300000e+00   1.9101705e-07
   7.9400000e+00   1.8714380e-07
   7.9500000e+00   1.8334915e-07
   7.9600000e+00   1.7963151e-07
   7.9700000e+00   1.7598932e-07
   7.9800000e+00   1.7242105e-07
   7.9900000e+00   1.6892520e-07
   8.0000000e+00   1.6550031e-07
   8.0100000e+00   1.6214492e-07
   8.0200000e+00   1.5885765e-07
   8.0300000e+00   1.5563709e-07
   8.0400000e+00   1.5248191e-07
   8.0500000e+00   1.4939077e-07
   8.0600000e+00   1.4636237e-07
   8.0700000e+00   1.4339546e-07
   8.0800000e+00   1.4048877e-07
   8.0900000e+00   1.3764109e-07
   8.1000000e+00   1.3485122e-07
   8.1100000e+00   1.3211799e-07
   8.1200000e+00   1.2944026e-07
   8.1300000e+00   1.2681689e-07
   8.1400000e+00   1.2424679e-07
   8.1500000e+00   1.2172887e-07
   8.1600000e+00   1.1926208e-07
   8.1700000e+00   1.1684539e-07
   8.1800000e+00   1.1447777e-07
   8.1900000e+00   1.1215824e-07
   8.2000000e+00   1.0988581e-07
   8.2100000e+00   1.0765954e-07
   8.2200000e+00   1.0547849e-07
   8.2300000e+00   1.0334174e-07
   8.2400000e+00   1.0124840e-07
   8.2500000e+00   9.9197579e-08
   8.2600000e+00   9.7188426e-08
   8.2700000e+00   9.5220095e-08
   8.2800000e+00   9.3291759e-08
   8.2900000e+00   9.1402607e-08
   8.3000000e+00   8.9551845e-08
   8.3100000e+00   8.7738698e-08
   8.3200000e+00   8.5962402e-08
   8.3300000e+00   8.4222213e-08
   8.3400000e+00   8.2517398e-08
   8.3500000e+00   8.0847242e-08
   8.3600000e+00   7.9211044e-08
   8.3700000e+00   7.7608116e-08
   8.3800000e+00   7.6037785e-08
   8.3900000e+00   7.4499392e-08
   8.4000000e+00   7.2992290e-08
   8.4100000e+00   7.1515846e-08
   8.4200000e+00   7.0069440e-08
   8.4300000e+00   6.8652465e-08
   8.4400000e+00   6.7264325e-08
   8.4500000e+00   6.5904437e-08
   8.4600000e+00   6.4572231e-08
   8.4700000e+00   6.3267146e-08
   8.4800000e+00   6.1988635e-08
   8.4900000e+00   6.0736161e-08
   8.5000000e+00   5.9509197e-08
   8.5100000e+00   5.8307227e-08
   8.5200000e+00   5.7129748e-08
   8.5300000e+00   5.5976265e-08
   8.5400000e+00   5.4846293e-08
   8.5500000e+00   5.3739358e-08
   8.5600000e+00   5.2654994e-08
   8.5700000e+00   5.1592746e-08
   8.5800000e+00   5.0552168e-08
   8.5900000e+00   4.9532823e-08
   8.6000000e+00   4.8534283e-08
   8.6100000e+00   4.7556129e-08
   8.6200000e+00   4.6597949e-08
   8.6300000e+00   4.5659341e-08
   8.6400000e+00   4.4739910e-08
   8.6500000e+00   4.3839272e-08
   8.6600000e+00   4.2957047e-08
   8.6700000e+00   4.2092865e-08
   8.6800000e+00   4.1246362e-08
   8.6900000e+00   4.0417184e-08
   8.7000000e+00   3.9604982e-08
   8.7100000e+00   3.8809415e-08
   8.7200000e+00   3.8030149e-08
   8.7300000e+00   3.7266856e-08
   8.7400000e+00   3.6519215e-08
   8.7500000e+00   3.5786914e-08
   8.7600000e+00   3.5069644e-08
   8.7700000e+00   3.4367104e-08
   8.7800000e+00   3.3678999e-08
   8.7900000e+00   3.3005039e-08
   8.8000000e+00   3.2344943e-08
   8.8100000e+00   3.1698432e-08
   8.8200000e+00   3.1065234e-08
   8.8300000e+00   3.0445085e-08
   8.8400000e+00   2.9837724e-08
   8.8500000e+00   2.9242895e-08
   8.8600000e+00   2.8660348e-08
   8.8700000e+00   2.8089840e-08
   8.8800000e+00   2.7531130e-08
   8.8900000e+00   2.6983983e-08
   8.9000000e+00   2.6448170e-08
   8.9100000e+00   2.5923466e-08
   8.9200000e+00   2.5409651e-08
   8.9300000e+00   2.4906508e-08
   8.9400000e+00   2.4413826e-08
   8.9500000e+00   2.3931399e-08
   8.9600000e+00   2.3459023e-08
   8.9700000e+00   2.2996500e-08
   8.9800000e+00   2.2543637e-08
   8.9900000e+00   2.2100242e-08
   9.0000000e+00   2.1666130e-08
   9.0100000e+00   2.1241118e-08
   9.0200000e+00   2.0825027e-08
   9.0300000e+00   2.0417684e-08
   9.0400000e+00   2.0018917e-08
   9.0500000e+00   1.9628557e-08
   9.0600000e+00   1.9246443e-08
   9.0700000e+00   1.8872412e-08
   9.0800000e+00   1.8506308e-08
   9.0900000e+00   1.8147977e-08
   9.1000000e+00   1.7797268e-08
   9.1100000e+00   1.7454035e-08
   9.1200000e+00   1.7118133e-08
   9.1300000e+00   1.6789420e-08
   9.1400000e+00   1.6467760e-08
   9.1500000e+00   1.6153016e-08
   9.1600000e+00   1.5845057e-08
   9.1700000e+00   1.5543753e-08
   9.1800000e+00   1.5248978e-08
   9.1900000e+00   1.4960608e-08
   9.2000000e+00   1.4678522e-08
   9.2100000e+00   1.4402601e-08
   9.2200000e+00   1.4132729e-08
   9.2300000e+00   1.3868793e-08
   9.2400000e+00   1.3610682e-08
   9.2500000e+00   1.3358289e-08
   9.2600000e+00   1.3111506e-08
   9.2700000e+00   1.2870230e-08
   9.2800000e+00   1.2634359e-08
   9.2900000e+00   1.2403796e-08
   9.3000000e+00   1.2178442e-08
   9.3100000e+00   1.1958204e-08
   9.3200000e+00   1.1742988e-08
   9.3300000e+00   1.1532705e-08
   9.3400000e+00   1.1327265e-08
   9.3500000e+00   1.1126583e-08
   9.3600000e+00   1.0930575e-08
   9.3700000e+00   1.0739157e-08
   9.3800000e+00   1.0552251e-08
   9.3900000e+00   1.0369776e-08
   9.4000000e+00   1.0191657e-08
   9.4100000e+00   1.0017819e-08
   9.4200000e+00   9.8481882e-09
   9.4300000e+00   9.6826940e-09
   9.4400000e+00   9.5212667e-09
   9.4500000e+00   9.3638385e-09
   9.4600000e+00   9.2103434e-09
   9.4700000e+00   9.0607168e-09
   9.4800000e+00   8.9148958e-09
   9.4900000e+00   8.7728193e-09
   9.5000000e+00   8.6344276e-09
   9.5100000e+00   8.4996625e-09
   9.5200000e+00   8.3684674e-09
   9.5300000e+00   8.2407873e-09
   9.5400000e+00   8.1165685e-09
   9.5500000e+00   7.9957587e-09
   9.5600000e+00   7.8783074e-09
   9.5700000e+00   7.7641651e-09
   9.5800000e+00   7.6532839e-09
   9.5900000e+00   7.5456173e-09
   9.6000000e+00   7.4411200e-09
   9.6100000e+00   7.3397480e-09
   9.6200000e+00   7.2414590e-09
   9.6300000e+00   7.1462115e-09
   9.6400000e+00   7.0539655e-09
   9.6500000e+00   6.9646824e-09
   9.6600000e+00   6.8783245e-09
   9.6700000e+00   6.7948557e-09
   9.6800000e+00   6.7142409e-09
   9.6900000e+00   6.6364462e-09
   9.7000000e+00   6.5614389e-09
   9.7100000e+00   6.4891876e-09
   9.7200000e+00   6.4196619e-09
   9.7300000e+00   6.3528325e-09
   9.7400000e+00   6.2886715e-09
   9.7500000e+00   6.2271518e-09
   9.7600000e+00   6.1682477e-09
   9.7700000e+00   6.1119344e-09
   9.7800000e+00   6.0581882e-09
   9.7900000e+00   6.0069865e-09
   9.8000000e+00   5.9583080e-09
   9.8100000e+00   5.9121320e-09
   9.8200000e+00   5.8684392e-09
   9.8300000e+00   5.8272113e-09
   9.8400000e+00   5.7884310e-09
   9.8500000e+00   5.7520819e-09
   9.8600000e+00   5.7181488e-09
   9.8700000e+00   5.6866175e-09
   9.8800000e+00   5.6574746e-09
   9.8900000e+00   5.6307080e-09
   9.9000000e+00   5.6063064e-09
   9.9100000e+00   5.5842596e-09
   9.9200000e+00   5.5645582e-09
   9.9300000e+00   5.5471941e-09
   9.9400000e+00   5.5321600e-09
   9.9500000e+00   5.5194494e-09
   9.9600000e+00   5.5090571e-09
   9.9700000e+00   5.5009788e-09
   9.9800000e+00   5.4952110e-09
   9.9900000e+00   5.4917512e-09
   1.0000000e+01   5.4905982e-09
