   2.9850000e+04   2.4086791e-01
   2.9850100e+04   2.3643719e-01
   2.9850200e+04   2.2964341e-01
   2.9850300e+04   2.2055302e-01
   2.9850400e+04   2.0925874e-01
   2.9850500e+04   1.9587383e-01
   2.9850600e+04   1.8053254e-01
   2.9850700e+04   1.6338679e-01
   2.9850800e+04   1.4460595e-01
   2.9850900e+04   1.2438087e-01
   2.9851000e+04   1.0291507e-01
   2.9851100e+04   8.0418828e-02
   2.9851200e+04   5.7117420e-02
   2.9851300e+04   3.3246989e-02
   2.9851400e+04   9.0437216e-03
   2.9851500e+04  -1.5251624e-02
   2.9851600e+04  -3.9393484e-02
   2.9851700e+04  -6.3141704e-02
   2.9851800e+04  -8.6260919e-02
   2.9851900e+04  -1.0851833e-01
   2.9852000e+04  -1.2969099e-01
   2.9852100e+04  -1.4956830e-01
   2.9852200e+04  -1.6795140e-01
   2.9852300e+04  -1.8465717e-01
   2.9852400e+04  -1.9951906e-01
   2.9852500e+04  -2.1238676e-01
   2.9852600e+04  -2.2313154e-01
   2.9852700e+04  -2.3164833e-01
   2.9852800e+04  -2.3785229e-01
   2.9852900e+04  -2.4167917e-01
   2.9853000e+04  -2.4309006e-01
   2.9853100e+04  -2.4207296e-01
   2.9853200e+04  -2.3863909e-01
   2.9853300e+04  -2.3282069e-01
   2.9853400e+04  -2.2467514e-01
   2.9853500e+04  -2.1428569e-01
   2.9853600e+04  -2.0175581e-01
   2.9853700e+04  -1.8720962e-01
   2.9853800e+04  -1.7079420e-01
   2.9853900e+04  -1.5267314e-01
   2.9854000e+04  -1.3302483e-01
   2.9854100e+04  -1.1204796e-01
   2.9854200e+04  -8.9954610e-02
   2.9854300e+04  -6.6961329e-02
   2.9854400e+04  -4.3296928e-02
   2.9854500e+04  -1.9203050e-02
   2.9854600e+04   5.0811844e-03
   2.9854700e+04   2.9317996e-02
   2.9854800e+04   5.3260896e-02
   2.9854900e+04   7.6667582e-02
   2.9855000e+04   9.9310227e-02
   2.9855100e+04   1.2096298e-01
   2.9855200e+04   1.4140360e-01
   2.9855300e+04   1.6042991e-01
   2.9855400e+04   1.7785557e-01
   2.9855500e+04   1.9350350e-01
   2.9855600e+04   2.0721666e-01
   2.9855700e+04   2.1885980e-01
   2.9855800e+04   2.2831494e-01
   2.9855900e+04   2.3548852e-01
   2.9856000e+04   2.4031070e-01
   2.9856100e+04   2.4272997e-01
   2.9856200e+04   2.4272233e-01
   2.9856300e+04   2.4029163e-01
   2.9856400e+04   2.3545915e-01
   2.9856500e+04   2.2827143e-01
   2.9856600e+04   2.1880500e-01
   2.9856700e+04   2.0715290e-01
   2.9856800e+04   1.9342731e-01
   2.9856900e+04   1.7776951e-01
   2.9857000e+04   1.6033797e-01
   2.9857100e+04   1.4130226e-01
   2.9857200e+04   1.2085296e-01
   2.9857300e+04   9.9197419e-02
   2.9857400e+04   7.6550534e-02
   2.9857500e+04   5.3137722e-02
   2.9857600e+04   2.9193903e-02
   2.9857700e+04   4.9579876e-03
   2.9857800e+04  -1.9327743e-02
   2.9857900e+04  -4.3420598e-02
   2.9858000e+04  -6.7080441e-02
   2.9858100e+04  -9.0069892e-02
   2.9858200e+04  -1.1215927e-01
   2.9858300e+04  -1.3312938e-01
   2.9858400e+04  -1.5276964e-01
   2.9858500e+04  -1.7088287e-01
   2.9858600e+04  -1.8728948e-01
   2.9858700e+04  -2.0182515e-01
   2.9858800e+04  -2.1434428e-01
   2.9858900e+04  -2.2472320e-01
   2.9859000e+04  -2.3285672e-01
   2.9859100e+04  -2.3866195e-01
   2.9859200e+04  -2.4208426e-01
   2.9859300e+04  -2.4309032e-01
   2.9859400e+04  -2.4166564e-01
   2.9859500e+04  -2.3782483e-01
   2.9859600e+04  -2.3161073e-01
   2.9859700e+04  -2.2308381e-01
   2.9859800e+04  -2.1232563e-01
   2.9859900e+04  -1.9944622e-01
   2.9860000e+04  -1.8457659e-01
   2.9860100e+04  -1.6786232e-01
   2.9860200e+04  -1.4946962e-01
   2.9860300e+04  -1.2958501e-01
   2.9860400e+04  -1.0840670e-01
   2.9860500e+04  -8.6144528e-02
   2.9860600e+04  -6.3021868e-02
   2.9860700e+04  -3.9270169e-02
   2.9860800e+04  -1.5126433e-02
   2.9860900e+04   9.1676043e-03
   2.9861000e+04   3.3370098e-02
   2.9861100e+04   5.7239635e-02
   2.9861200e+04   8.0536046e-02
   2.9861300e+04   1.0302701e-01
   2.9861400e+04   1.2448902e-01
   2.9861500e+04   1.4470661e-01
   2.9861600e+04   1.6347805e-01
   2.9861700e+04   1.8061600e-01
   2.9861800e+04   1.9594774e-01
   2.9861900e+04   2.0932203e-01
   2.9862000e+04   2.2060634e-01
   2.9862100e+04   2.2968369e-01
   2.9862200e+04   2.3646444e-01
   2.9862300e+04   2.4088574e-01
   2.9862400e+04   2.4290000e-01
   2.9862500e+04   2.4248339e-01
   2.9862600e+04   2.3964435e-01
   2.9862700e+04   2.3441309e-01
   2.9862800e+04   2.2683888e-01
   2.9862900e+04   2.1699597e-01
   2.9863000e+04   2.0498390e-01
   2.9863100e+04   1.9092577e-01
   2.9863200e+04   1.7496083e-01
   2.9863300e+04   1.5724342e-01
   2.9863400e+04   1.3795471e-01
   2.9863500e+04   1.1729218e-01
   2.9863600e+04   9.5454138e-02
   2.9863700e+04   7.2658402e-02
   2.9863800e+04   4.9142490e-02
   2.9863900e+04   2.5135079e-02
   2.9864000e+04   8.6956813e-04
   2.9864100e+04  -2.3400417e-02
   2.9864200e+04  -4.7433182e-02
   2.9864300e+04  -7.0999379e-02
   2.9864400e+04  -9.3855548e-02
   2.9864500e+04  -1.1576817e-01
   2.9864600e+04  -1.3652902e-01
   2.9864700e+04  -1.5592877e-01
   2.9864800e+04  -1.7376595e-01
   2.9864900e+04  -1.8986781e-01
   2.9865000e+04  -2.0407501e-01
   2.9865100e+04  -2.1624220e-01
   2.9865200e+04  -2.2625056e-01
   2.9865300e+04  -2.3399787e-01
   2.9865400e+04  -2.3940454e-01
   2.9865500e+04  -2.4242328e-01
   2.9865600e+04  -2.4302156e-01
   2.9865700e+04  -2.4118675e-01
   2.9865800e+04  -2.3694425e-01
   2.9865900e+04  -2.3033859e-01
   2.9866000e+04  -2.2142754e-01
   2.9866100e+04  -2.1030347e-01
   2.9866200e+04  -1.9708274e-01
   2.9866300e+04  -1.8189146e-01
   2.9866400e+04  -1.6488083e-01
   2.9866500e+04  -1.4622557e-01
   2.9866600e+04  -1.2610960e-01
   2.9866700e+04  -1.0473244e-01
   2.9866800e+04  -8.2310305e-02
   2.9866900e+04  -5.9066333e-02
   2.9867000e+04  -3.5231481e-02
   2.9867100e+04  -1.1044973e-02
   2.9867200e+04   1.3250700e-02
   2.9867300e+04   3.7412929e-02
   2.9867400e+04   6.1202538e-02
   2.9867500e+04   8.4381623e-02
   2.9867600e+04   1.0671427e-01
   2.9867700e+04   1.2797952e-01
   2.9867800e+04   1.4796975e-01
   2.9867900e+04   1.6648033e-01
   2.9868000e+04   1.8332347e-01
   2.9868100e+04   1.9833703e-01
   2.9868200e+04   2.1137043e-01
   2.9868300e+04   2.2228874e-01
   2.9868400e+04   2.3098579e-01
   2.9868500e+04   2.3737612e-01
   2.9868600e+04   2.4139338e-01
   2.9868700e+04   2.4299875e-01
   2.9868800e+04   2.4217582e-01
   2.9868900e+04   2.3893120e-01
   2.9869000e+04   2.3330111e-01
   2.9869100e+04   2.2534079e-01
   2.9869200e+04   2.1512422e-01
   2.9869300e+04   2.0275868e-01
   2.9869400e+04   1.8837236e-01
   2.9869500e+04   1.7210002e-01
   2.9869600e+04   1.5410277e-01
   2.9869700e+04   1.3457128e-01
   2.9869800e+04   1.1369813e-01
   2.9869900e+04   9.1681586e-02
   2.9870000e+04   6.8747809e-02
   2.9870100e+04   4.5133426e-02
   2.9870200e+04   2.1066198e-02
   2.9870300e+04  -3.2166376e-03
   2.9870400e+04  -2.7464514e-02
   2.9870500e+04  -5.1436404e-02
   2.9870600e+04  -7.4898072e-02
   2.9870700e+04  -9.7610698e-02
   2.9870800e+04  -1.1934637e-01
   2.9870900e+04  -1.3989283e-01
   2.9871000e+04  -1.5904146e-01
   2.9871100e+04  -1.7659833e-01
   2.9871200e+04  -1.9239370e-01
   2.9871300e+04  -2.0626859e-01
   2.9871400e+04  -2.1807921e-01
   2.9871500e+04  -2.2771166e-01
   2.9871600e+04  -2.3507215e-01
   2.9871700e+04  -2.4008277e-01
   2.9871800e+04  -2.4269368e-01
   2.9871900e+04  -2.4288066e-01
   2.9872000e+04  -2.4064106e-01
   2.9872100e+04  -2.3599900e-01
   2.9872200e+04  -2.2899944e-01
   2.9872300e+04  -2.1970799e-01
   2.9872400e+04  -2.0822281e-01
   2.9872500e+04  -1.9466323e-01
   2.9872600e+04  -1.7915582e-01
   2.9872700e+04  -1.6185277e-01
   2.9872800e+04  -1.4293772e-01
   2.9872900e+04  -1.2259969e-01
   2.9873000e+04  -1.0103131e-01
   2.9873100e+04  -7.8450655e-02
   2.9873200e+04  -5.5092318e-02
   2.9873300e+04  -3.1184912e-02
   2.9873400e+04  -6.9610196e-03
   2.9873500e+04   1.7330870e-02
   2.9873600e+04   4.1445392e-02
   2.9873700e+04   6.5148863e-02
   2.9873800e+04   8.8202513e-02
   2.9873900e+04   1.1036971e-01
   2.9874000e+04   1.3143560e-01
   2.9874100e+04   1.5119253e-01
   2.9874200e+04   1.6943331e-01
   2.9874300e+04   1.8597831e-01
   2.9874400e+04   2.0067203e-01
   2.9874500e+04   2.1335939e-01
   2.9874600e+04   2.2390730e-01
   2.9874700e+04   2.3222206e-01
   2.9874800e+04   2.3822131e-01
   2.9874900e+04   2.4183372e-01
   2.9875000e+04   2.4302764e-01
   2.9875100e+04   2.4179892e-01
   2.9875200e+04   2.3815276e-01
   2.9875300e+04   2.3212281e-01
   2.9875400e+04   2.2377584e-01
   2.9875500e+04   2.1319399e-01
   2.9875600e+04   2.0047919e-01
   2.9875700e+04   1.8576144e-01
   2.9875800e+04   1.6918848e-01
   2.9875900e+04   1.5092358e-01
   2.9876000e+04   1.3115052e-01
   2.9876100e+04   1.1006741e-01
   2.9876200e+04   8.7883336e-02
   2.9876300e+04   6.4820897e-02
   2.9876400e+04   4.1111063e-02
   2.9876500e+04   1.6989632e-02
   2.9876600e+04  -7.3015621e-03
   2.9876700e+04  -3.1520004e-02
   2.9876800e+04  -5.5425236e-02
   2.9876900e+04  -7.8776129e-02
   2.9877000e+04  -1.0133836e-01
   2.9877100e+04  -1.2289044e-01
   2.9877200e+04  -1.4321652e-01
   2.9877300e+04  -1.6210938e-01
   2.9877400e+04  -1.7938232e-01
   2.9877500e+04  -1.9486530e-01
   2.9877600e+04  -2.0840102e-01
   2.9877700e+04  -2.1985437e-01
   2.9877800e+04  -2.2911238e-01
   2.9877900e+04  -2.3608014e-01
   2.9878000e+04  -2.4068870e-01
   2.9878100e+04  -2.4289521e-01
   2.9878200e+04  -2.4267517e-01
   2.9878300e+04  -2.4002825e-01
   2.9878400e+04  -2.3498370e-01
   2.9878500e+04  -2.2759336e-01
   2.9878600e+04  -2.1792928e-01
   2.9878700e+04  -2.0608696e-01
   2.9878800e+04  -1.9218537e-01
   2.9878900e+04  -1.7636507e-01
   2.9879000e+04  -1.5878321e-01
   2.9879100e+04  -1.3961344e-01
   2.9879200e+04  -1.1905006e-01
   2.9879300e+04  -9.7299395e-02
   2.9879400e+04  -7.4573862e-02
   2.9879500e+04  -5.1102731e-02
   2.9879600e+04  -2.7125738e-02
   2.9879700e+04  -2.8768519e-03
   2.9879800e+04   2.1404457e-02
   2.9879900e+04   4.5468507e-02
   2.9880000e+04   6.9076063e-02
   2.9880100e+04   9.1996584e-02
   2.9880200e+04   1.1399662e-01
   2.9880300e+04   1.3485508e-01
   2.9880400e+04   1.5436858e-01
   2.9880500e+04   1.7233950e-01
   2.9880600e+04   1.8858512e-01
   2.9880700e+04   2.0294739e-01
   2.9880800e+04   2.1528356e-01
   2.9880900e+04   2.2546706e-01
   2.9881000e+04   2.3339629e-01
   2.9881100e+04   2.3899351e-01
   2.9881200e+04   2.4220364e-01
   2.9881300e+04   2.4299373e-01
   2.9881400e+04   2.4135355e-01
   2.9881500e+04   2.3730166e-01
   2.9881600e+04   2.3088105e-01
   2.9881700e+04   2.2215166e-01
   2.9881800e+04   2.1119989e-01
   2.9881900e+04   1.9814035e-01
   2.9882000e+04   1.8310198e-01
   2.9882100e+04   1.6623079e-01
   2.9882200e+04   1.4769810e-01
   2.9882300e+04   1.2769137e-01
   2.9882400e+04   1.0640860e-01
   2.9882500e+04   8.4061371e-02
   2.9882600e+04   6.0872921e-02
   2.9882700e+04   3.7076405e-02
   2.9882800e+04   1.2910927e-02
   2.9882900e+04  -1.1384894e-02
   2.9883000e+04  -3.5569081e-02
   2.9883100e+04  -5.9396450e-02
   2.9883200e+04  -8.2630108e-02
   2.9883300e+04  -1.0504042e-01
   2.9883400e+04  -1.2640049e-01
   2.9883500e+04  -1.4649678e-01
   2.9883600e+04  -1.6513179e-01
   2.9883700e+04  -1.8211712e-01
   2.9883800e+04  -1.9728106e-01
   2.9883900e+04  -2.1047518e-01
   2.9884000e+04  -2.2156787e-01
   2.9884100e+04  -2.3044588e-01
   2.9884200e+04  -2.3702136e-01
   2.9884300e+04  -2.4122978e-01
   2.9884400e+04  -2.4302819e-01
   2.9884500e+04  -2.4239818e-01
   2.9884600e+04  -2.3934647e-01
   2.9884700e+04  -2.3390423e-01
   2.9884800e+04  -2.2612569e-01
   2.9884900e+04  -2.1608692e-01
   2.9885000e+04  -2.0388879e-01
   2.9885100e+04  -1.8965575e-01
   2.9885200e+04  -1.7352851e-01
   2.9885300e+04  -1.5566538e-01
   2.9885400e+04  -1.3624732e-01
   2.9885500e+04  -1.1547061e-01
   2.9885600e+04  -9.3539633e-02
   2.9885700e+04  -7.0672679e-02
   2.9885800e+04  -4.7101586e-02
   2.9885900e+04  -2.3060736e-02
   2.9886000e+04   1.2122426e-03
   2.9886100e+04   2.5471890e-02
   2.9886200e+04   4.9475038e-02
   2.9886300e+04   7.2985476e-02
   2.9886400e+04   9.5766708e-02
   2.9886500e+04   1.1758862e-01
   2.9886600e+04   1.3823650e-01
   2.9886700e+04   1.5750380e-01
   2.9886800e+04   1.7519488e-01
   2.9886900e+04   1.9113616e-01
   2.9887000e+04   2.0516899e-01
   2.9887100e+04   2.1714860e-01
   2.9887200e+04   2.2695847e-01
   2.9887300e+04   2.3450379e-01
   2.9887400e+04   2.3970298e-01
   2.9887500e+04   2.4250444e-01
   2.9887600e+04   2.4288681e-01
   2.9887700e+04   2.4084218e-01
   2.9887800e+04   2.3638657e-01
   2.9887900e+04   2.2957047e-01
   2.9888000e+04   2.2046304e-01
   2.9888100e+04   2.0915000e-01
   2.9888200e+04   1.9574591e-01
   2.9888300e+04   1.8038748e-01
   2.9888400e+04   1.6322605e-01
   2.9888500e+04   1.4443287e-01
   2.9888600e+04   1.2419666e-01
   2.9888700e+04   1.0271859e-01
   2.9888800e+04   8.0214172e-02
   2.9888900e+04   5.6908917e-02
   2.9889000e+04   3.3033155e-02
   2.9889100e+04   8.8263597e-03
   2.9889200e+04  -1.5466205e-02
   2.9889300e+04  -3.9604777e-02
   2.9889400e+04  -6.3351554e-02
   2.9889500e+04  -8.6464338e-02
   2.9889600e+04  -1.0870993e-01
   2.9889700e+04  -1.2987227e-01
   2.9889800e+04  -1.4973979e-01
   2.9889900e+04  -1.6810806e-01
   2.9890000e+04  -1.8479668e-01
   2.9890100e+04  -1.9964243e-01
   2.9890200e+04  -2.1249159e-01
   2.9890300e+04  -2.2321653e-01
   2.9890400e+04  -2.3171508e-01
   2.9890500e+04  -2.3789727e-01
   2.9890600e+04  -2.4169990e-01
   2.9890700e+04  -2.4309205e-01
   2.9890800e+04  -2.4205594e-01
   2.9890900e+04  -2.3859641e-01
   2.9891000e+04  -2.3275620e-01
   2.9891100e+04  -2.2459477e-01
   2.9891200e+04  -2.1418459e-01
   2.9891300e+04  -2.0163318e-01
   2.9891400e+04  -1.8707227e-01
   2.9891500e+04  -1.7064171e-01
   2.9891600e+04  -1.5250384e-01
   2.9891700e+04  -1.3284417e-01
   2.9891800e+04  -1.1185748e-01
   2.9891900e+04  -8.9752748e-02
   2.9892000e+04  -6.6753325e-02
   2.9892100e+04  -4.3086381e-02
   2.9892200e+04  -1.8987346e-02
   2.9892300e+04   5.2989837e-03
   2.9892400e+04   2.9531003e-02
   2.9892500e+04   5.3469925e-02
   2.9892600e+04   7.6874142e-02
   2.9892700e+04   9.9508136e-02
   2.9892800e+04   1.2114844e-01
   2.9892900e+04   1.4157890e-01
   2.9893000e+04   1.6059317e-01
   2.9893100e+04   1.7800237e-01
   2.9893200e+04   1.9363383e-01
   2.9893300e+04   2.0732953e-01
   2.9893400e+04   2.1895278e-01
   2.9893500e+04   2.2838938e-01
   2.9893600e+04   2.3554298e-01
   2.9893700e+04   2.4034127e-01
   2.9893800e+04   2.4273996e-01
   2.9893900e+04   2.4271351e-01
   2.9894000e+04   2.4025856e-01
   2.9894100e+04   2.3540383e-01
   2.9894200e+04   2.2819922e-01
   2.9894300e+04   2.1871148e-01
   2.9894400e+04   2.0703757e-01
   2.9894500e+04   1.9329746e-01
   2.9894600e+04   1.7762382e-01
   2.9894700e+04   1.6017402e-01
   2.9894800e+04   1.4112651e-01
   2.9894900e+04   1.2066698e-01
   2.9895000e+04   9.8999143e-02
   2.9895100e+04   7.6345268e-02
   2.9895200e+04   5.2928447e-02
   2.9895300e+04   2.8979145e-02
   2.9895400e+04   4.7414835e-03
   2.9895500e+04  -1.9542595e-02
   2.9895600e+04  -4.3633250e-02
   2.9895700e+04  -6.7287281e-02
   2.9895800e+04  -9.0269764e-02
   2.9895900e+04  -1.1235255e-01
   2.9896000e+04  -1.3331012e-01
   2.9896100e+04  -1.5293522e-01
   2.9896200e+04  -1.7103710e-01
   2.9896300e+04  -1.8742883e-01
   2.9896400e+04  -2.0194395e-01
   2.9896500e+04  -2.1444550e-01
   2.9896600e+04  -2.2480714e-01
   2.9896700e+04  -2.3291781e-01
   2.9896800e+04  -2.3870145e-01
   2.9896900e+04  -2.4210566e-01
   2.9897000e+04  -2.4308937e-01
   2.9897100e+04  -2.4163988e-01
   2.9897200e+04  -2.3777948e-01
   2.9897300e+04  -2.3154728e-01
   2.9897400e+04  -2.2299793e-01
   2.9897500e+04  -2.1221857e-01
   2.9897600e+04  -1.9932327e-01
   2.9897700e+04  -1.8443716e-01
   2.9897800e+04  -1.6770510e-01
   2.9897900e+04  -1.4929901e-01
   2.9898000e+04  -1.2940337e-01
   2.9898100e+04  -1.0821302e-01
   2.9898200e+04  -8.5941865e-02
   2.9898300e+04  -6.2813913e-02
   2.9898400e+04  -3.9057367e-02
   2.9898500e+04  -1.4910725e-02
   2.9898600e+04   9.3832793e-03
   2.9898700e+04   3.3584173e-02
   2.9898800e+04   5.7449470e-02
   2.9898900e+04   8.0739285e-02
   2.9899000e+04   1.0322252e-01
   2.9899100e+04   1.2467440e-01
   2.9899200e+04   1.4488011e-01
   2.9899300e+04   1.6363833e-01
   2.9899400e+04   1.8075973e-01
   2.9899500e+04   1.9607437e-01
   2.9899600e+04   2.0943289e-01
   2.9899700e+04   2.2069772e-01
   2.9899800e+04   2.2975259e-01
   2.9899900e+04   2.3651357e-01
   2.9900000e+04   2.4091573e-01
   2.9900100e+04   2.4290756e-01
   2.9900200e+04   2.4246751e-01
   2.9900300e+04   2.3960751e-01
   2.9900400e+04   2.3435759e-01
   2.9900500e+04   2.2676239e-01
   2.9900600e+04   2.1689649e-01
   2.9900700e+04   2.0486718e-01
   2.9900800e+04   1.9079471e-01
   2.9900900e+04   1.7481056e-01
   2.9901000e+04   1.5707687e-01
   2.9901100e+04   1.3777831e-01
   2.9901200e+04   1.1710310e-01
   2.9901300e+04   9.5254267e-02
   2.9901400e+04   7.2454515e-02
   2.9901500e+04   4.8930937e-02
   2.9901600e+04   2.4917148e-02
   2.9901700e+04   6.5586435e-04
   2.9901800e+04  -2.3612918e-02
   2.9901900e+04  -4.7648334e-02
   2.9902000e+04  -7.1206014e-02
   2.9902100e+04  -9.4051660e-02
   2.9902200e+04  -1.1595965e-01
   2.9902300e+04  -1.3670882e-01
   2.9902400e+04  -1.5609250e-01
   2.9902500e+04  -1.7391729e-01
   2.9902600e+04  -1.9000271e-01
   2.9902700e+04  -2.0419164e-01
   2.9902800e+04  -2.1634274e-01
   2.9902900e+04  -2.2632856e-01
   2.9903000e+04  -2.3405338e-01
   2.9903100e+04  -2.3944468e-01
   2.9903200e+04  -2.4244123e-01
   2.9903300e+04  -2.4301255e-01
   2.9903400e+04  -2.4115956e-01
   2.9903500e+04  -2.3689802e-01
   2.9903600e+04  -2.3026832e-01
   2.9903700e+04  -2.2133858e-01
   2.9903800e+04  -2.1019579e-01
   2.9903900e+04  -1.9695424e-01
   2.9904000e+04  -1.8174907e-01
   2.9904100e+04  -1.6472416e-01
   2.9904200e+04  -1.4605078e-01
   2.9904300e+04  -1.2592445e-01
   2.9904400e+04  -1.0453974e-01
   2.9904500e+04  -8.2105972e-02
   2.9904600e+04  -5.8856094e-02
   2.9904700e+04  -3.5019574e-02
   2.9904800e+04  -1.0828652e-02
   2.9904900e+04   1.3467210e-02
   2.9905000e+04   3.7625251e-02
   2.9905100e+04   6.1411558e-02
   2.9905200e+04   8.4583982e-02
   2.9905300e+04   1.0690782e-01
   2.9905400e+04   1.2816442e-01
   2.9905500e+04   1.4814036e-01
   2.9905600e+04   1.6663560e-01
   2.9905700e+04   1.8346696e-01
   2.9905800e+04   1.9846273e-01
   2.9905900e+04   2.1147466e-01
   2.9906000e+04   2.2237651e-01
   2.9906100e+04   2.3105400e-01
   2.9906200e+04   2.3742067e-01
   2.9906300e+04   2.4141902e-01
   2.9906400e+04   2.4300342e-01
   2.9906500e+04   2.4215543e-01
   2.9906600e+04   2.3889199e-01
   2.9906700e+04   2.3324280e-01
   2.9906800e+04   2.2525760e-01
   2.9906900e+04   2.1502295e-01
   2.9907000e+04   2.0264289e-01
   2.9907100e+04   1.8823445e-01
   2.9907200e+04   1.7194445e-01
   2.9907300e+04   1.5393898e-01
   2.9907400e+04   1.3439344e-01
   2.9907500e+04   1.1350356e-01
   2.9907600e+04   9.1480892e-02
   2.9907700e+04   6.8543763e-02
   2.9907800e+04   4.4921352e-02
   2.9907900e+04   2.0849442e-02
   2.9908000e+04  -3.4326269e-03
   2.9908100e+04  -2.7678505e-02
   2.9908200e+04  -5.1646653e-02
   2.9908300e+04  -7.5103482e-02
   2.9908400e+04  -9.7809747e-02
   2.9908500e+04  -1.1953391e-01
   2.9908600e+04  -1.4006774e-01
   2.9908700e+04  -1.5920613e-01
   2.9908800e+04  -1.7674778e-01
   2.9908900e+04  -1.9252332e-01
   2.9909000e+04  -2.0638257e-01
   2.9909100e+04  -2.1817684e-01
   2.9909200e+04  -2.2778636e-01
   2.9909300e+04  -2.3512569e-01
   2.9909400e+04  -2.4011773e-01
   2.9909500e+04  -2.4270578e-01
   2.9909600e+04  -2.4287087e-01
   2.9909700e+04  -2.4061227e-01
   2.9909800e+04  -2.3594638e-01
   2.9909900e+04  -2.2892391e-01
   2.9910000e+04  -2.1961755e-01
   2.9910100e+04  -2.0811451e-01
   2.9910200e+04  -1.9453108e-01
   2.9910300e+04  -1.7900695e-01
   2.9910400e+04  -1.6169436e-01
   2.9910500e+04  -1.4276547e-01
   2.9910600e+04  -1.2241078e-01
   2.9910700e+04  -1.0083282e-01
   2.9910800e+04  -7.8248639e-02
   2.9910900e+04  -5.4883628e-02
   2.9911000e+04  -3.0968247e-02
   2.9911100e+04  -6.7445488e-03
   2.9911200e+04   1.7543625e-02
   2.9911300e+04   4.1658754e-02
   2.9911400e+04   6.5358643e-02
   2.9911500e+04   8.8401804e-02
   2.9911600e+04   1.1056173e-01
   2.9911700e+04   1.3161919e-01
   2.9911800e+04   1.5135994e-01
   2.9911900e+04   1.6958692e-01
   2.9912000e+04   1.8611991e-01
   2.9912100e+04   2.0079313e-01
   2.9912200e+04   2.1345995e-01
   2.9912300e+04   2.2399309e-01
   2.9912400e+04   2.3228753e-01
   2.9912500e+04   2.3826172e-01
   2.9912600e+04   2.4185398e-01
   2.9912700e+04   2.4302905e-01
   2.9912800e+04   2.4177792e-01
   2.9912900e+04   2.3810859e-01
   2.9913000e+04   2.3205764e-01
   2.9913100e+04   2.2369275e-01
   2.9913200e+04   2.1309169e-01
   2.9913300e+04   2.0035494e-01
   2.9913400e+04   1.8562124e-01
   2.9913500e+04   1.6903652e-01
   2.9913600e+04   1.5075399e-01
   2.9913700e+04   1.3096573e-01
   2.9913800e+04   1.0987674e-01
   2.9913900e+04   8.7683668e-02
   2.9914000e+04   6.4610058e-02
   2.9914100e+04   4.0898723e-02
   2.9914200e+04   1.6776998e-02
   2.9914300e+04  -7.5195084e-03
   2.9914400e+04  -3.1735993e-02
   2.9914500e+04  -5.5632519e-02
   2.9914600e+04  -7.8979317e-02
   2.9914700e+04  -1.0153720e-01
   2.9914800e+04  -1.2307703e-01
   2.9914900e+04  -1.4338897e-01
   2.9915000e+04  -1.6227019e-01
   2.9915100e+04  -1.7952915e-01
   2.9915200e+04  -1.9499398e-01
   2.9915300e+04  -2.0851162e-01
   2.9915400e+04  -2.1994711e-01
   2.9915500e+04  -2.2918415e-01
   2.9915600e+04  -2.3613057e-01
   2.9915700e+04  -2.4072004e-01
   2.9915800e+04  -2.4290478e-01
   2.9915900e+04  -2.4266071e-01
   2.9916000e+04  -2.3999368e-01
   2.9916100e+04  -2.3492972e-01
   2.9916200e+04  -2.2751704e-01
   2.9916300e+04  -2.1783293e-01
   2.9916400e+04  -2.0597289e-01
   2.9916500e+04  -1.9205277e-01
   2.9916600e+04  -1.7621636e-01
   2.9916700e+04  -1.5862034e-01
   2.9916800e+04  -1.3943600e-01
   2.9916900e+04  -1.1886162e-01
   2.9917000e+04  -9.7102423e-02
   2.9917100e+04  -7.4367493e-02
   2.9917200e+04  -5.0891254e-02
   2.9917300e+04  -2.6912843e-02
   2.9917400e+04  -2.6603159e-03
   2.9917500e+04   2.1621168e-02
   2.9917600e+04   4.5678950e-02
   2.9917700e+04   6.9282013e-02
   2.9917800e+04   9.2198182e-02
   2.9917900e+04   1.1418738e-01
   2.9918000e+04   1.3503338e-01
   2.9918100e+04   1.5453552e-01
   2.9918200e+04   1.7249190e-01
   2.9918300e+04   1.8872112e-01
   2.9918400e+04   2.0306663e-01
   2.9918500e+04   2.1538321e-01
   2.9918600e+04   2.2554660e-01
   2.9918700e+04   2.3345730e-01
   2.9918800e+04   2.3903356e-01
   2.9918900e+04   2.4222009e-01
   2.9919000e+04   2.4298898e-01
   2.9919100e+04   2.4132969e-01
   2.9919200e+04   2.3725583e-01
   2.9919300e+04   2.3081161e-01
   2.9919400e+04   2.2206324e-01
   2.9919500e+04   2.1109543e-01
   2.9919600e+04   1.9801585e-01
   2.9919700e+04   1.8295731e-01
   2.9919800e+04   1.6607307e-01
   2.9919900e+04   1.4752903e-01
   2.9920000e+04   1.2750749e-01
   2.9920100e+04   1.0621276e-01
   2.9920200e+04   8.3859003e-02
   2.9920300e+04   6.0664768e-02
   2.9920400e+04   3.6863134e-02
   2.9920500e+04   1.2695124e-02
   2.9920600e+04  -1.1601059e-02
   2.9920700e+04  -3.5782567e-02
   2.9920800e+04  -5.9604959e-02
   2.9920900e+04  -8.2833427e-02
   2.9921000e+04  -1.0523583e-01
   2.9921100e+04  -1.2658406e-01
   2.9921200e+04  -1.4666859e-01
   2.9921300e+04  -1.6529131e-01
   2.9921400e+04  -1.8226003e-01
   2.9921500e+04  -1.9740592e-01
   2.9921600e+04  -2.1058354e-01
   2.9921700e+04  -2.2165746e-01
   2.9921800e+04  -2.3051388e-01
   2.9921900e+04  -2.3706913e-01
   2.9922000e+04  -2.4125705e-01
   2.9922100e+04  -2.4303243e-01
   2.9922200e+04  -2.4238133e-01
   2.9922300e+04  -2.3931034e-01
   2.9922400e+04  -2.3384522e-01
   2.9922500e+04  -2.2604407e-01
   2.9922600e+04  -2.1598856e-01
   2.9922700e+04  -2.0377336e-01
   2.9922800e+04  -1.8951966e-01
   2.9922900e+04  -1.7337561e-01
   2.9923000e+04  -1.5550041e-01
   2.9923100e+04  -1.3606930e-01
   2.9923200e+04  -1.1527997e-01
   2.9923300e+04  -9.3340164e-02
   2.9923400e+04  -7.0466406e-02
   2.9923500e+04  -4.6889597e-02
   2.9923600e+04  -2.2845520e-02
   2.9923700e+04   1.4278247e-03
   2.9923800e+04   2.5686033e-02
   2.9923900e+04   4.9686809e-02
   2.9924000e+04   7.3192101e-02
   2.9924100e+04   9.5964394e-02
   2.9924200e+04   1.1777692e-01
   2.9924300e+04   1.3841485e-01
   2.9924400e+04   1.5766809e-01
   2.9924500e+04   1.7534376e-01
   2.9924600e+04   1.9127019e-01
   2.9924700e+04   2.0528461e-01
   2.9924800e+04   2.1724437e-01
   2.9924900e+04   2.2703642e-01
   2.9925000e+04   2.3456104e-01
   2.9925100e+04   2.3973718e-01
   2.9925200e+04   2.4251882e-01
   2.9925300e+04   2.4288033e-01
   2.9925400e+04   2.4081196e-01
   2.9925500e+04   2.3633623e-01
   2.9925600e+04   2.2950102e-01
   2.9925700e+04   2.2037129e-01
   2.9925800e+04   2.0903907e-01
   2.9925900e+04   1.9561906e-01
   2.9926000e+04   1.8024268e-01
   2.9926100e+04   1.6306539e-01
   2.9926200e+04   1.4425996e-01
   2.9926300e+04   1.2401078e-01
   2.9926400e+04   1.0252230e-01
   2.9926500e+04   8.0011370e-02
   2.9926600e+04   5.6698697e-02
   2.9926700e+04   3.2818308e-02
   2.9926800e+04   8.6120799e-03
   2.9926900e+04  -1.5681461e-02
   2.9927000e+04  -3.9819776e-02
   2.9927100e+04  -6.3559092e-02
   2.9927200e+04  -8.6664498e-02
   2.9927300e+04  -1.0890451e-01
   2.9927400e+04  -1.3005498e-01
   2.9927500e+04  -1.4990838e-01
   2.9927600e+04  -1.6826524e-01
   2.9927700e+04  -1.8493747e-01
   2.9927800e+04  -1.9976307e-01
   2.9927900e+04  -2.1259693e-01
   2.9928000e+04  -2.2330477e-01
   2.9928100e+04  -2.3177876e-01
   2.9928200e+04  -2.3793919e-01
   2.9928300e+04  -2.4172486e-01
   2.9928400e+04  -2.4309508e-01
   2.9928500e+04  -2.4203408e-01
   2.9928600e+04  -2.3855426e-01
   2.9928700e+04  -2.3269500e-01
   2.9928800e+04  -2.2451222e-01
   2.9928900e+04  -2.1408185e-01
   2.9929000e+04  -2.0151245e-01
   2.9929100e+04  -1.8693444e-01
   2.9929200e+04  -1.7048822e-01
   2.9929300e+04  -1.5233560e-01
   2.9929400e+04  -1.3266249e-01
   2.9929500e+04  -1.1166608e-01
   2.9929600e+04  -8.9553253e-02
   2.9929700e+04  -6.6544998e-02
   2.9929800e+04  -4.2872672e-02
   2.9929900e+04  -1.8773063e-02
   2.9930000e+04   5.5138904e-03
   2.9930100e+04   2.9746067e-02
   2.9930200e+04   5.3680894e-02
   2.9930300e+04   7.7078735e-02
   2.9930400e+04   9.9705143e-02
   2.9930500e+04   1.2133471e-01
   2.9930600e+04   1.4175393e-01
   2.9930700e+04   1.6075700e-01
   2.9930800e+04   1.7814959e-01
   2.9930900e+04   1.9376160e-01
   2.9931000e+04   2.0744207e-01
   2.9931100e+04   2.1904920e-01
   2.9931200e+04   2.2846271e-01
   2.9931300e+04   2.3559356e-01
   2.9931400e+04   2.4037381e-01
   2.9931500e+04   2.4275220e-01
   2.9931600e+04   2.4270180e-01
   2.9931700e+04   2.4022497e-01
   2.9931800e+04   2.3535041e-01
   2.9931900e+04   2.2812526e-01
   2.9932000e+04   2.1861731e-01
   2.9932100e+04   2.0692425e-01
   2.9932200e+04   1.9316626e-01
   2.9932300e+04   1.7747687e-01
   2.9932400e+04   1.6001188e-01
   2.9932500e+04   1.4094970e-01
   2.9932600e+04   1.2047959e-01
   2.9932700e+04   9.8803530e-02
   2.9932800e+04   7.6139729e-02
   2.9932900e+04   5.2716032e-02
   2.9933000e+04   2.8765915e-02
   2.9933100e+04   4.5268000e-03
   2.9933200e+04  -1.9759147e-02
   2.9933300e+04  -4.3845583e-02
   2.9933400e+04  -6.7493657e-02
   2.9933500e+04  -9.0471592e-02
   2.9933600e+04  -1.1254393e-01
   2.9933700e+04  -1.3348823e-01
   2.9933800e+04  -1.5310454e-01
   2.9933900e+04  -1.7119276e-01
   2.9934000e+04  -1.8756325e-01
   2.9934100e+04  -2.0206299e-01
   2.9934200e+04  -2.1455062e-01
   2.9934300e+04  -2.2488826e-01
   2.9934400e+04  -2.3297677e-01
   2.9934500e+04  -2.3874511e-01
   2.9934600e+04  -2.4212607e-01
   2.9934700e+04  -2.4308338e-01
   2.9934800e+04  -2.4161712e-01
   2.9934900e+04  -2.3773785e-01
   2.9935000e+04  -2.3147932e-01
   2.9935100e+04  -2.2291002e-01
   2.9935200e+04  -2.1211516e-01
   2.9935300e+04  -1.9919981e-01
   2.9935400e+04  -1.8429561e-01
   2.9935500e+04  -1.6754938e-01
   2.9935600e+04  -1.4912803e-01
   2.9935700e+04  -1.2922017e-01
   2.9935800e+04  -1.0802092e-01
   2.9935900e+04  -8.5739319e-02
   2.9936000e+04  -6.2604373e-02
   2.9936100e+04  -3.8845686e-02
   2.9936200e+04  -1.4695185e-02
   2.9936300e+04   9.6006230e-03
   2.9936400e+04   3.3796909e-02
   2.9936500e+04   5.7657960e-02
   2.9936600e+04   8.0944288e-02
   2.9936700e+04   1.0341867e-01
   2.9936800e+04   1.2485864e-01
   2.9936900e+04   1.4505279e-01
   2.9937000e+04   1.6379801e-01
   2.9937100e+04   1.8090472e-01
   2.9937200e+04   1.9620253e-01
   2.9937300e+04   2.0954130e-01
   2.9937400e+04   2.2078676e-01
   2.9937500e+04   2.2982392e-01
   2.9937600e+04   2.3656478e-01
   2.9937700e+04   2.4094312e-01
   2.9937800e+04   2.4291231e-01
   2.9937900e+04   2.4245382e-01
   2.9938000e+04   2.3957382e-01
   2.9938100e+04   2.3429868e-01
   2.9938200e+04   2.2668202e-01
   2.9938300e+04   2.1680151e-01
   2.9938400e+04   2.0475316e-01
   2.9938500e+04   1.9065804e-01
   2.9938600e+04   1.7465933e-01
   2.9938700e+04   1.5691443e-01
   2.9938800e+04   1.3760065e-01
   2.9938900e+04   1.1691302e-01
   2.9939000e+04   9.5055688e-02
   2.9939100e+04   7.2247683e-02
   2.9939200e+04   4.8720106e-02
   2.9939300e+04   2.4703995e-02
   2.9939400e+04   4.3813374e-04
   2.9939500e+04  -2.3828927e-02
   2.9939600e+04  -4.7857323e-02
   2.9939700e+04  -7.1412579e-02
   2.9939800e+04  -9.4253147e-02
   2.9939900e+04  -1.1614794e-01
   2.9940000e+04  -1.3688604e-01
   2.9940100e+04  -1.5625953e-01
   2.9940200e+04  -1.7406792e-01
   2.9940300e+04  -1.9013681e-01
   2.9940400e+04  -2.0430944e-01
   2.9940500e+04  -2.1643993e-01
   2.9940600e+04  -2.2640710e-01
   2.9940700e+04  -2.3411402e-01
   2.9940800e+04  -2.3948084e-01
   2.9940900e+04  -2.4245459e-01
   2.9941000e+04  -2.4300865e-01
   2.9941100e+04  -2.4113366e-01
   2.9941200e+04  -2.3684783e-01
   2.9941300e+04  -2.3019882e-01
   2.9941400e+04  -2.2124952e-01
   2.9941500e+04  -2.1008688e-01
   2.9941600e+04  -1.9682895e-01
   2.9941700e+04  -1.8160559e-01
   2.9941800e+04  -1.6456296e-01
   2.9941900e+04  -1.4587913e-01
   2.9942000e+04  -1.2574199e-01
   2.9942100e+04  -1.0434295e-01
   2.9942200e+04  -8.1901464e-02
   2.9942300e+04  -5.8648675e-02
   2.9942400e+04  -3.4805983e-02
   2.9942500e+04  -1.0611296e-02
   2.9942600e+04   1.3681910e-02
   2.9942700e+04   3.7837438e-02
   2.9942800e+04   6.1621722e-02
   2.9942900e+04   8.4786946e-02
   2.9943000e+04   1.0710003e-01
   2.9943100e+04   1.2834740e-01
   2.9943200e+04   1.4831335e-01
   2.9943300e+04   1.6679281e-01
   2.9943400e+04   1.8360631e-01
   2.9943500e+04   1.9858766e-01
   2.9943600e+04   2.1158293e-01
   2.9943700e+04   2.2246234e-01
   2.9943800e+04   2.3111967e-01
   2.9943900e+04   2.3746842e-01
   2.9944000e+04   2.4144364e-01
   2.9944100e+04   2.4300494e-01
   2.9944200e+04   2.4213832e-01
   2.9944300e+04   2.3885312e-01
   2.9944400e+04   2.3318035e-01
   2.9944500e+04   2.2517666e-01
   2.9944600e+04   2.1492349e-01
   2.9944700e+04   2.0252281e-01
   2.9944800e+04   1.8809762e-01
   2.9944900e+04   1.7179256e-01
   2.9945000e+04   1.5377132e-01
   2.9945100e+04   1.3421349e-01
   2.9945200e+04   1.1331314e-01
   2.9945300e+04   9.1280347e-02
   2.9945400e+04   6.8336992e-02
   2.9945500e+04   4.4709483e-02
   2.9945600e+04   2.0633026e-02
   2.9945700e+04  -3.6476853e-03
   2.9945800e+04  -2.7891499e-02
   2.9945900e+04  -5.1859769e-02
   2.9946000e+04  -7.5309100e-02
   2.9946100e+04  -9.8004415e-02
   2.9946200e+04  -1.1972358e-01
   2.9946300e+04  -1.4024655e-01
   2.9946400e+04  -1.5936551e-01
   2.9946500e+04  -1.7689517e-01
   2.9946600e+04  -1.9265961e-01
   2.9946700e+04  -2.0649536e-01
   2.9946800e+04  -2.1826809e-01
   2.9946900e+04  -2.2786414e-01
   2.9947000e+04  -2.3518263e-01
   2.9947100e+04  -2.4014889e-01
   2.9947200e+04  -2.4271751e-01
   2.9947300e+04  -2.4286287e-01
   2.9947400e+04  -2.4058071e-01
   2.9947500e+04  -2.3589414e-01
   2.9947600e+04  -2.2885206e-01
   2.9947700e+04  -2.1952434e-01
   2.9947800e+04  -2.0800219e-01
   2.9947900e+04  -1.9440201e-01
   2.9948000e+04  -1.7886136e-01
   2.9948100e+04  -1.6153302e-01
   2.9948200e+04  -1.4258981e-01
   2.9948300e+04  -1.2222414e-01
   2.9948400e+04  -1.0063769e-01
   2.9948500e+04  -7.8043708e-02
   2.9948600e+04  -5.4671636e-02
   2.9948700e+04  -3.0755718e-02
   2.9948800e+04  -6.5302410e-03
   2.9948900e+04   1.7761689e-02
   2.9949000e+04   4.1872370e-02
   2.9949100e+04   6.5563055e-02
   2.9949200e+04   8.8602517e-02
   2.9949300e+04   1.1075761e-01
   2.9949400e+04   1.3180051e-01
   2.9949500e+04   1.5152526e-01
   2.9949600e+04   1.6974187e-01
   2.9949700e+04   1.8626177e-01
   2.9949800e+04   2.0091392e-01
   2.9949900e+04   2.1356058e-01
   2.9950000e+04   2.2407805e-01
   2.9950100e+04   2.3235235e-01
   2.9950200e+04   2.3830234e-01
   2.9950300e+04   2.4187510e-01
   2.9950400e+04   2.4303051e-01
   2.9950500e+04   2.4175447e-01
   2.9950600e+04   2.3806418e-01
   2.9950700e+04   2.3199579e-01
   2.9950800e+04   2.2360782e-01
   2.9950900e+04   2.1298555e-01
   2.9951000e+04   2.0023479e-01
   2.9951100e+04   1.8548299e-01
   2.9951200e+04   1.6887835e-01
   2.9951300e+04   1.5058499e-01
   2.9951400e+04   1.3078657e-01
   2.9951500e+04   1.0968255e-01
   2.9951600e+04   8.7480787e-02
   2.9951700e+04   6.4403971e-02
   2.9951800e+04   4.0686016e-02
   2.9951900e+04   1.6559902e-02
   2.9952000e+04  -7.7344654e-03
   2.9952100e+04  -3.1948896e-02
   2.9952200e+04  -5.5843682e-02
   2.9952300e+04  -7.9184115e-02
   2.9952400e+04  -1.0173246e-01
   2.9952500e+04  -1.2326268e-01
   2.9952600e+04  -1.4356397e-01
   2.9952700e+04  -1.6243118e-01
   2.9952800e+04  -1.7967383e-01
   2.9952900e+04  -1.9512294e-01
   2.9953000e+04  -2.0862348e-01
   2.9953100e+04  -2.2003817e-01
   2.9953200e+04  -2.2925519e-01
   2.9953300e+04  -2.3618317e-01
   2.9953400e+04  -2.4075054e-01
   2.9953500e+04  -2.4291189e-01
   2.9953600e+04  -2.4264761e-01
   2.9953700e+04  -2.3996004e-01
   2.9953800e+04  -2.3487410e-01
   2.9953900e+04  -2.2744082e-01
   2.9954000e+04  -2.1773669e-01
   2.9954100e+04  -2.0585785e-01
   2.9954200e+04  -1.9192104e-01
   2.9954300e+04  -1.7606750e-01
   2.9954400e+04  -1.5845607e-01
   2.9954500e+04  -1.3925991e-01
   2.9954600e+04  -1.1867298e-01
   2.9954700e+04  -9.6903163e-02
   2.9954800e+04  -7.4163540e-02
   2.9954900e+04  -5.0681161e-02
   2.9955000e+04  -2.6695653e-02
   2.9955100e+04  -2.4443632e-03
   2.9955200e+04   2.1833557e-02
   2.9955300e+04   4.5891863e-02
   2.9955400e+04   6.9490501e-02
   2.9955500e+04   9.2396659e-02
   2.9955600e+04   1.1437767e-01
   2.9955700e+04   1.3521347e-01
   2.9955800e+04   1.5470145e-01
   2.9955900e+04   1.7264423e-01
   2.9956000e+04   1.8885752e-01
   2.9956100e+04   2.0318416e-01
   2.9956200e+04   2.1548351e-01
   2.9956300e+04   2.2562774e-01
   2.9956400e+04   2.3351601e-01
   2.9956500e+04   2.3907247e-01
   2.9956600e+04   2.4223894e-01
   2.9956700e+04   2.4298404e-01
   2.9956800e+04   2.4130327e-01
   2.9956900e+04   2.3721006e-01
   2.9957000e+04   2.3074400e-01
   2.9957100e+04   2.2197491e-01
   2.9957200e+04   2.1098883e-01
   2.9957300e+04   1.9789020e-01
   2.9957400e+04   1.8281456e-01
   2.9957500e+04   1.6591659e-01
   2.9957600e+04   1.4735802e-01
   2.9957700e+04   1.2732222e-01
   2.9957800e+04   1.0601781e-01
   2.9957900e+04   8.3657703e-02
   2.9958000e+04   6.0456822e-02
   2.9958100e+04   3.6648568e-02
   2.9958200e+04   1.2478075e-02
   2.9958300e+04  -1.1815609e-02
   2.9958400e+04  -3.5994591e-02
   2.9958500e+04  -5.9815123e-02
   2.9958600e+04  -8.3037494e-02
   2.9958700e+04  -1.0542997e-01
   2.9958800e+04  -1.2676766e-01
   2.9958900e+04  -1.4684041e-01
   2.9959000e+04  -1.6544999e-01
   2.9959100e+04  -1.8240369e-01
   2.9959200e+04  -1.9753116e-01
   2.9959300e+04  -2.1069038e-01
   2.9959400e+04  -2.2174723e-01
   2.9959500e+04  -2.3058278e-01
   2.9959600e+04  -2.3711517e-01
   2.9959700e+04  -2.4128378e-01
   2.9959800e+04  -2.4303903e-01
   2.9959900e+04  -2.4236393e-01
   2.9960000e+04  -2.3927096e-01
   2.9960100e+04  -2.3378669e-01
   2.9960200e+04  -2.2596532e-01
   2.9960300e+04  -2.1588954e-01
   2.9960400e+04  -2.0365516e-01
   2.9960500e+04  -1.8938337e-01
   2.9960600e+04  -1.7322452e-01
   2.9960700e+04  -1.5533604e-01
   2.9960800e+04  -1.3588980e-01
   2.9960900e+04  -1.1508805e-01
   2.9961000e+04  -9.3141692e-02
   2.9961100e+04  -7.0261178e-02
   2.9961200e+04  -4.6676520e-02
   2.9961300e+04  -2.2630073e-02
   2.9961400e+04   1.6424239e-03
   2.9961500e+04   2.5901416e-02
   2.9961600e+04   4.9898976e-02
   2.9961700e+04   7.3396097e-02
   2.9961800e+04   9.6162751e-02
   2.9961900e+04   1.1796788e-01
   2.9962000e+04   1.3859092e-01
   2.9962100e+04   1.5783095e-01
   2.9962200e+04   1.7549551e-01
   2.9962300e+04   1.9140280e-01
   2.9962400e+04   2.0539750e-01
   2.9962500e+04   2.1734357e-01
   2.9962600e+04   2.2711509e-01
   2.9962700e+04   2.3461373e-01
   2.9962800e+04   2.3977229e-01
   2.9962900e+04   2.4253615e-01
   2.9963000e+04   2.4287148e-01
   2.9963100e+04   2.4078072e-01
   2.9963200e+04   2.3628744e-01
   2.9963300e+04   2.2943038e-01
   2.9963400e+04   2.2027913e-01
   2.9963500e+04   2.0892919e-01
   2.9963600e+04   1.9549104e-01
   2.9963700e+04   1.8009779e-01
   2.9963800e+04   1.6290553e-01
   2.9963900e+04   1.4408546e-01
   2.9964000e+04   1.2382525e-01
   2.9964100e+04   1.0232761e-01
   2.9964200e+04   7.9806482e-02
   2.9964300e+04   5.6488189e-02
   2.9964400e+04   3.2605934e-02
   2.9964500e+04   8.3959629e-03
   2.9964600e+04  -1.5898166e-02
   2.9964700e+04  -4.0031779e-02
   2.9964800e+04  -6.3766875e-02
   2.9964900e+04  -8.6866787e-02
   2.9965000e+04  -1.0909759e-01
   2.9965100e+04  -1.3023767e-01
   2.9965200e+04  -1.5007788e-01
   2.9965300e+04  -1.6841981e-01
   2.9965400e+04  -1.8507868e-01
   2.9965500e+04  -1.9988726e-01
   2.9965600e+04  -2.1269995e-01
   2.9965700e+04  -2.2338940e-01
   2.9965800e+04  -2.3184484e-01
   2.9965900e+04  -2.3798338e-01
   2.9966000e+04  -2.4174804e-01
   2.9966100e+04  -2.4309611e-01
   2.9966200e+04  -2.4201196e-01
   2.9966300e+04  -2.3851397e-01
   2.9966400e+04  -2.3263485e-01
   2.9966500e+04  -2.2442664e-01
   2.9966600e+04  -2.1397768e-01
   2.9966700e+04  -2.0139507e-01
   2.9966800e+04  -1.8679678e-01
   2.9966900e+04  -1.7033098e-01
   2.9967000e+04  -1.5216798e-01
   2.9967100e+04  -1.3248393e-01
   2.9967200e+04  -1.1147332e-01
   2.9967300e+04  -8.9350986e-02
   2.9967400e+04  -6.6337712e-02
   2.9967500e+04  -4.2661347e-02
   2.9967600e+04  -1.8558284e-02
   2.9967700e+04   5.7311864e-03
   2.9967800e+04   2.9961362e-02
   2.9967900e+04   5.3889415e-02
   2.9968000e+04   7.7282254e-02
   2.9968100e+04   9.9904299e-02
   2.9968200e+04   1.2152272e-01
   2.9968300e+04   1.4192703e-01
   2.9968400e+04   1.6091803e-01
   2.9968500e+04   1.7829797e-01
   2.9968600e+04   1.9389251e-01
   2.9968700e+04   2.0755370e-01
   2.9968800e+04   2.1914189e-01
   2.9968900e+04   2.2853605e-01
   2.9969000e+04   2.3564740e-01
   2.9969100e+04   2.4040651e-01
   2.9969200e+04   2.4276116e-01
   2.9969300e+04   2.4268909e-01
   2.9969400e+04   2.4019383e-01
   2.9969500e+04   2.3529777e-01
   2.9969600e+04   2.2804899e-01
   2.9969700e+04   2.1852215e-01
   2.9969800e+04   2.0681242e-01
   2.9969900e+04   1.9303545e-01
   2.9970000e+04   1.7732840e-01
   2.9970100e+04   1.5984925e-01
   2.9970200e+04   1.4077437e-01
   2.9970300e+04   1.2029237e-01
   2.9970400e+04   9.8605474e-02
   2.9970500e+04   7.5934226e-02
   2.9970600e+04   5.2506766e-02
   2.9970700e+04   2.8551618e-02
   2.9970800e+04   4.3089360e-03
   2.9970900e+04  -1.9973322e-02
   2.9971000e+04  -4.4056246e-02
   2.9971100e+04  -6.7703118e-02
   2.9971200e+04  -9.0672130e-02
   2.9971300e+04  -1.1273289e-01
   2.9971400e+04  -1.3367030e-01
   2.9971500e+04  -1.5327348e-01
   2.9971600e+04  -1.7134313e-01
   2.9971700e+04  -1.8770108e-01
   2.9971800e+04  -2.0218538e-01
   2.9971900e+04  -2.1464997e-01
   2.9972000e+04  -2.2496941e-01
   2.9972100e+04  -2.3304058e-01
   2.9972200e+04  -2.3878460e-01
   2.9972300e+04  -2.4214412e-01
   2.9972400e+04  -2.4308285e-01
   2.9972500e+04  -2.4159301e-01
   2.9972600e+04  -2.3769157e-01
   2.9972700e+04  -2.3141394e-01
   2.9972800e+04  -2.2282346e-01
   2.9972900e+04  -2.1200983e-01
   2.9973000e+04  -1.9907718e-01
   2.9973100e+04  -1.8415305e-01
   2.9973200e+04  -1.6739210e-01
   2.9973300e+04  -1.4895994e-01
   2.9973400e+04  -1.2903672e-01
   2.9973500e+04  -1.0782566e-01
   2.9973600e+04  -8.5538920e-02
   2.9973700e+04  -6.2395819e-02
   2.9973800e+04  -3.8630873e-02
   2.9973900e+04  -1.4481250e-02
   2.9974000e+04   9.8156233e-03
   2.9974100e+04   3.4012735e-02
   2.9974200e+04   5.7867266e-02
   2.9974300e+04   8.1146523e-02
   2.9974400e+04   1.0361464e-01
   2.9974500e+04   1.2504379e-01
   2.9974600e+04   1.4522599e-01
   2.9974700e+04   1.6395825e-01
   2.9974800e+04   1.8104772e-01
   2.9974900e+04   1.9632912e-01
   2.9975000e+04   2.0965215e-01
   2.9975100e+04   2.2087692e-01
   2.9975200e+04   2.2989280e-01
   2.9975300e+04   2.3661472e-01
   2.9975400e+04   2.4097175e-01
   2.9975500e+04   2.4291833e-01
   2.9975600e+04   2.4243872e-01
   2.9975700e+04   2.3953770e-01
   2.9975800e+04   2.3424185e-01
   2.9975900e+04   2.2660407e-01
   2.9976000e+04   2.1670239e-01
   2.9976100e+04   2.0463712e-01
   2.9976200e+04   1.9052619e-01
   2.9976300e+04   1.7450813e-01
   2.9976400e+04   1.5674768e-01
   2.9976500e+04   1.3742423e-01
   2.9976600e+04   1.1672454e-01
   2.9976700e+04   9.4855589e-02
   2.9976800e+04   7.2041905e-02
   2.9976900e+04   4.8508983e-02
   2.9977000e+04   2.4488296e-02
   2.9977100e+04   2.2326313e-04
   2.9977200e+04  -2.4043235e-02
   2.9977300e+04  -4.8071054e-02
   2.9977400e+04  -7.1618280e-02
   2.9977500e+04  -9.4449761e-02
   2.9977600e+04  -1.1633936e-01
   2.9977700e+04  -1.3706611e-01
   2.9977800e+04  -1.5642257e-01
   2.9977900e+04  -1.7421791e-01
   2.9978000e+04  -1.9027289e-01
   2.9978100e+04  -2.0442619e-01
   2.9978200e+04  -2.1653798e-01
   2.9978300e+04  -2.2648574e-01
   2.9978400e+04  -2.3417072e-01
   2.9978500e+04  -2.3951874e-01
   2.9978600e+04  -2.4247217e-01
   2.9978700e+04  -2.4300033e-01
   2.9978800e+04  -2.4110492e-01
   2.9978900e+04  -2.3680243e-01
   2.9979000e+04  -2.3012877e-01
   2.9979100e+04  -2.2115686e-01
   2.9979200e+04  -2.0998067e-01
   2.9979300e+04  -1.9670376e-01
   2.9979400e+04  -1.8145856e-01
   2.9979500e+04  -1.6440452e-01
   2.9979600e+04  -1.4570915e-01
   2.9979700e+04  -1.2555503e-01
   2.9979800e+04  -1.0414710e-01
   2.9979900e+04  -8.1700635e-02
   2.9980000e+04  -5.8437681e-02
   2.9980100e+04  -3.4590794e-02
   2.9980200e+04  -1.0398619e-02
   2.9980300e+04   1.3897456e-02
   2.9980400e+04   3.8054015e-02
   2.9980500e+04   6.1829258e-02
   2.9980600e+04   8.4986463e-02
   2.9980700e+04   1.0729558e-01
   2.9980800e+04   1.2853253e-01
   2.9980900e+04   1.4848250e-01
   2.9981000e+04   1.6694861e-01
   2.9981100e+04   1.8374932e-01
   2.9981200e+04   1.9871254e-01
   2.9981300e+04   2.1168744e-01
   2.9981400e+04   2.2254933e-01
   2.9981500e+04   2.3118790e-01
   2.9981600e+04   2.3751330e-01
   2.9981700e+04   2.4146682e-01
   2.9981800e+04   2.4300948e-01
   2.9981900e+04   2.4212076e-01
   2.9982000e+04   2.3881157e-01
   2.9982100e+04   2.3311863e-01
   2.9982200e+04   2.2509661e-01
   2.9982300e+04   2.1482361e-01
   2.9982400e+04   2.0240245e-01
   2.9982500e+04   1.8795949e-01
   2.9982600e+04   1.7164106e-01
   2.9982700e+04   1.5360547e-01
   2.9982800e+04   1.3403138e-01
   2.9982900e+04   1.1312168e-01
   2.9983000e+04   9.1083021e-02
   2.9983100e+04   6.8128439e-02
   2.9983200e+04   4.4494826e-02
   2.9983300e+04   2.0421163e-02
   2.9983400e+04  -3.8626374e-03
   2.9983500e+04  -2.8109984e-02
   2.9983600e+04  -5.2069456e-02
   2.9983700e+04  -7.5511190e-02
   2.9983800e+04  -9.8204659e-02
   2.9983900e+04  -1.1991237e-01
   2.9984000e+04  -1.4041996e-01
   2.9984100e+04  -1.5952984e-01
   2.9984200e+04  -1.7704505e-01
   2.9984300e+04  -1.9278857e-01
   2.9984400e+04  -2.0660862e-01
   2.9984500e+04  -2.1836550e-01
   2.9984600e+04  -2.2793926e-01
   2.9984700e+04  -2.3523577e-01
   2.9984800e+04  -2.4018204e-01
   2.9984900e+04  -2.4272993e-01
   2.9985000e+04  -2.4285422e-01
   2.9985100e+04  -2.4054951e-01
   2.9985200e+04  -2.3584061e-01
   2.9985300e+04  -2.2877938e-01
   2.9985400e+04  -2.1943237e-01
   2.9985500e+04  -2.0789011e-01
   2.9985600e+04  -1.9427229e-01
   2.9985700e+04  -1.7871491e-01
   2.9985800e+04  -1.6137093e-01
   2.9985900e+04  -1.4241579e-01
   2.9986000e+04  -1.2203835e-01
   2.9986100e+04  -1.0043969e-01
   2.9986200e+04  -7.7838624e-02
   2.9986300e+04  -5.4462839e-02
   2.9986400e+04  -3.0541698e-02
   2.9986500e+04  -6.3129202e-03
   2.9986600e+04   1.7976764e-02
   2.9986700e+04   4.2083352e-02
   2.9986800e+04   6.5771436e-02
   2.9986900e+04   8.8805644e-02
   2.9987000e+04   1.1094871e-01
   2.9987100e+04   1.3197918e-01
   2.9987200e+04   1.5169568e-01
   2.9987300e+04   1.6989883e-01
   2.9987400e+04   1.8639802e-01
   2.9987500e+04   2.0103386e-01
   2.9987600e+04   2.1366595e-01
   2.9987700e+04   2.2416114e-01
   2.9987800e+04   2.3241395e-01
   2.9987900e+04   2.3834679e-01
   2.9988000e+04   2.4189597e-01
   2.9988100e+04   2.4302682e-01
   2.9988200e+04   2.4173421e-01
   2.9988300e+04   2.3802332e-01
   2.9988400e+04   2.3192817e-01
   2.9988500e+04   2.2352193e-01
   2.9988600e+04   2.1288500e-01
   2.9988700e+04   2.0011202e-01
   2.9988800e+04   1.8534067e-01
   2.9988900e+04   1.6872439e-01
   2.9989000e+04   1.5041707e-01
   2.9989100e+04   1.3060324e-01
   2.9989200e+04   1.0948925e-01
   2.9989300e+04   8.7279945e-02
   2.9989400e+04   6.4196217e-02
   2.9989500e+04   4.0473432e-02
   2.9989600e+04   1.6343563e-02
   2.9989700e+04  -7.9507844e-03
   2.9989800e+04  -3.2161157e-02
   2.9989900e+04  -5.6053701e-02
   2.9990000e+04  -7.9390273e-02
   2.9990100e+04  -1.0192763e-01
   2.9990200e+04  -1.2344711e-01
   2.9990300e+04  -1.4373969e-01
   2.9990400e+04  -1.6259222e-01
   2.9990500e+04  -1.7981775e-01
   2.9990600e+04  -1.9525225e-01
   2.9990700e+04  -2.0873460e-01
   2.9990800e+04  -2.2012887e-01
   2.9990900e+04  -2.2932795e-01
   2.9991000e+04  -2.3623465e-01
   2.9991100e+04  -2.4077832e-01
   2.9991200e+04  -2.4292084e-01
   2.9991300e+04  -2.4263650e-01
   2.9991400e+04  -2.3992395e-01
   2.9991500e+04  -2.3481702e-01
   2.9991600e+04  -2.2736596e-01
   2.9991700e+04  -2.1764078e-01
   2.9991800e+04  -2.0574216e-01
   2.9991900e+04  -1.9178904e-01
   2.9992000e+04  -1.7591844e-01
   2.9992100e+04  -1.5829148e-01
   2.9992200e+04  -1.3908360e-01
   2.9992300e+04  -1.1848515e-01
   2.9992400e+04  -9.6704336e-02
   2.9992500e+04  -7.3957416e-02
   2.9992600e+04  -5.0470619e-02
   2.9992700e+04  -2.6481490e-02
   2.9992800e+04  -2.2280023e-03
   2.9992900e+04   2.2048762e-02
   2.9993000e+04   4.6103422e-02
   2.9993100e+04   6.9697700e-02
   2.9993200e+04   9.2596408e-02
   2.9993300e+04   1.1456698e-01
   2.9993400e+04   1.3539343e-01
   2.9993500e+04   1.5486940e-01
   2.9993600e+04   1.7279442e-01
   2.9993700e+04   1.8899218e-01
   2.9993800e+04   2.0330490e-01
   2.9993900e+04   2.1558328e-01
   2.9994000e+04   2.2570572e-01
   2.9994100e+04   2.3357684e-01
   2.9994200e+04   2.3911210e-01
   2.9994300e+04   2.4225479e-01
   2.9994400e+04   2.4298041e-01
   2.9994500e+04   2.4127816e-01
   2.9994600e+04   2.3716150e-01
   2.9994700e+04   2.3067698e-01
   2.9994800e+04   2.2188808e-01
   2.9994900e+04   2.1087941e-01
   2.9995000e+04   1.9776508e-01
   2.9995100e+04   1.8267503e-01
   2.9995200e+04   1.6575690e-01
   2.9995300e+04   1.4718386e-01
   2.9995400e+04   1.2714120e-01
   2.9995500e+04   1.0582524e-01
   2.9995600e+04   8.3452077e-02
   2.9995700e+04   6.0246542e-02
   2.9995800e+04   3.6437353e-02
   2.9995900e+04   1.2263584e-02
   2.9996000e+04  -1.2032487e-02
   2.9996100e+04  -3.6209486e-02
   2.9996200e+04  -6.0023887e-02
   2.9996300e+04  -8.3238558e-02
   2.9996400e+04  -1.0562438e-01
   2.9996500e+04  -1.2695392e-01
   2.9996600e+04  -1.4701272e-01
   2.9996700e+04  -1.6560588e-01
   2.9996800e+04  -1.8254608e-01
   2.9996900e+04  -1.9765907e-01
   2.9997000e+04  -2.1079790e-01
   2.9997100e+04  -2.2183383e-01
   2.9997200e+04  -2.3065155e-01
   2.9997300e+04  -2.3716377e-01
   2.9997400e+04  -2.4130952e-01
   2.9997500e+04  -2.4304351e-01
   2.9997600e+04  -2.4234690e-01
   2.9997700e+04  -2.3923232e-01
   2.9997800e+04  -2.3372883e-01
   2.9997900e+04  -2.2588600e-01
   2.9998000e+04  -2.1578755e-01
   2.9998100e+04  -2.0353749e-01
   2.9998200e+04  -1.8925115e-01
   2.9998300e+04  -1.7307172e-01
   2.9998400e+04  -1.5516708e-01
   2.9998500e+04  -1.3571263e-01
   2.9998600e+04  -1.1489965e-01
   2.9998700e+04  -9.2940342e-02
   2.9998800e+04  -7.0053690e-02
   2.9998900e+04  -4.6466086e-02
   2.9999000e+04  -2.2415298e-02
   2.9999100e+04   1.8593807e-03
   2.9999200e+04   2.6116044e-02
   2.9999300e+04   5.0109106e-02
   2.9999400e+04   7.3601964e-02
   2.9999500e+04   9.6362423e-02
   2.9999600e+04   1.1815626e-01
   2.9999700e+04   1.3876661e-01
   2.9999800e+04   1.5799557e-01
   2.9999900e+04   1.7564594e-01
   3.0000000e+04   1.9153524e-01
