   1.9198081e+06   6.2646880e-03
   1.9198081e+06  -7.7911911e-03
   1.9198082e+06  -2.1309204e-02
   1.9198084e+06  -3.4162147e-02
   1.9198084e+06  -4.6375940e-02
   1.9198086e+06  -5.8004625e-02
   1.9198086e+06  -6.9039212e-02
   1.9198088e+06  -7.9490222e-02
   1.9198089e+06  -8.9337986e-02
   1.9198089e+06  -9.8467115e-02
   1.9198091e+06  -1.0677936e-01
   1.9198091e+06  -1.1429649e-01
   1.9198092e+06  -1.2108703e-01
   1.9198094e+06  -1.2709761e-01
   1.9198094e+06  -1.3214868e-01
   1.9198096e+06  -1.3615485e-01
   1.9198096e+06  -1.3916918e-01
   1.9198098e+06  -1.4117280e-01
   1.9198099e+06  -1.4207434e-01
   1.9198099e+06  -1.4187402e-01
   1.9198101e+06  -1.4063186e-01
   1.9198101e+06  -1.3842949e-01
   1.9198102e+06  -1.3540769e-01
   1.9198104e+06  -1.3163043e-01
   1.9198104e+06  -1.2700610e-01
   1.9198106e+06  -1.2148408e-01
   1.9198106e+06  -1.1515665e-01
   1.9198108e+06  -1.0813393e-01
   1.9198109e+06  -1.0046915e-01
   1.9198109e+06  -9.2200255e-02
   1.9198111e+06  -8.3408678e-02
   1.9198111e+06  -7.4182813e-02
   1.9198112e+06  -6.4485152e-02
   1.9198114e+06  -5.4186100e-02
   1.9198114e+06  -4.3257719e-02
   1.9198116e+06  -3.1784074e-02
   1.9198116e+06  -1.9860137e-02
   1.9198118e+06  -7.5748820e-03
   1.9198119e+06   5.0574147e-03
   1.9198119e+06   1.8094508e-02
   1.9198121e+06   3.1463580e-02
   1.9198121e+06   4.4956148e-02
   1.9198122e+06   5.8438467e-02
   1.9198124e+06   7.1846738e-02
   1.9198124e+06   8.5120551e-02
   1.9198126e+06   9.8260729e-02
   1.9198126e+06   1.1119438e-01
   1.9198128e+06   1.2360343e-01
   1.9198129e+06   1.3511272e-01
   1.9198129e+06   1.4550892e-01
   1.9198131e+06   1.5469994e-01
   1.9198131e+06   1.6268666e-01
   1.9198132e+06   1.6956954e-01
   1.9198134e+06   1.7541790e-01
   1.9198134e+06   1.8014414e-01
   1.9198136e+06   1.8349680e-01
   1.9198136e+06   1.8515241e-01
   1.9198138e+06   1.8491031e-01
   1.9198139e+06   1.8276969e-01
   1.9198139e+06   1.7872089e-01
   1.9198141e+06   1.7261078e-01
   1.9198141e+06   1.6435400e-01
   1.9198142e+06   1.5412116e-01
   1.9198144e+06   1.4217724e-01
   1.9198144e+06   1.2863545e-01
   1.9198146e+06   1.1347875e-01
   1.9198146e+06   9.6761490e-02
   1.9198148e+06   7.8680350e-02
   1.9198149e+06   5.9457077e-02
   1.9198149e+06   3.9257219e-02
   1.9198151e+06   1.8255438e-02
   1.9198151e+06  -3.3006350e-03
   1.9198152e+06  -2.5124581e-02
   1.9198154e+06  -4.6947819e-02
   1.9198154e+06  -6.8587239e-02
   1.9198156e+06  -9.0018920e-02
   1.9198156e+06  -1.1127926e-01
   1.9198158e+06  -1.3222239e-01
   1.9198159e+06  -1.5250806e-01
   1.9198159e+06  -1.7181992e-01
   1.9198161e+06  -1.8989401e-01
   1.9198161e+06  -2.0639614e-01
   1.9198162e+06  -2.2098271e-01
   1.9198164e+06  -2.3341197e-01
   1.9198164e+06  -2.4350653e-01
   1.9198166e+06  -2.5110877e-01
   1.9198166e+06  -2.5604977e-01
   1.9198168e+06  -2.5810913e-01
   1.9198169e+06  -2.5713698e-01
   1.9198169e+06  -2.5320258e-01
   1.9198171e+06  -2.4647996e-01
   1.9198171e+06  -2.3707902e-01
   1.9198172e+06  -2.2505922e-01
   1.9198174e+06  -2.1045057e-01
   1.9198174e+06  -1.9324821e-01
   1.9198176e+06  -1.7351158e-01
   1.9198176e+06  -1.5144696e-01
   1.9198178e+06  -1.2735786e-01
   1.9198179e+06  -1.0152811e-01
   1.9198179e+06  -7.4127325e-02
   1.9198181e+06  -4.5287854e-02
   1.9198181e+06  -1.5300588e-02
   1.9198182e+06   1.5402889e-02
   1.9198184e+06   4.6421613e-02
   1.9198184e+06   7.7364564e-02
   1.9198186e+06   1.0779738e-01
   1.9198186e+06   1.3735776e-01
   1.9198188e+06   1.6573375e-01
   1.9198189e+06   1.9248938e-01
   1.9198189e+06   2.1712892e-01
   1.9198191e+06   2.3929266e-01
   1.9198191e+06   2.5875132e-01
   1.9198192e+06   2.7534562e-01
   1.9198194e+06   2.8900675e-01
   1.9198194e+06   2.9968264e-01
   1.9198196e+06   3.0722968e-01
   1.9198196e+06   3.1147025e-01
   1.9198198e+06   3.1227772e-01
   1.9198199e+06   3.0956458e-01
   1.9198199e+06   3.0335796e-01
   1.9198201e+06   2.9389610e-01
   1.9198201e+06   2.8140943e-01
   1.9198202e+06   2.6582268e-01
   1.9198204e+06   2.4693689e-01
   1.9198204e+06   2.2483425e-01
   1.9198206e+06   1.9986118e-01
   1.9198206e+06   1.7235682e-01
   1.9198208e+06   1.4259688e-01
   1.9198209e+06   1.1086911e-01
   1.9198209e+06   7.7525693e-02
   1.9198211e+06   4.3019677e-02
   1.9198211e+06   7.8124671e-03
   1.9198212e+06  -2.7730100e-02
   1.9198214e+06  -6.3240552e-02
   1.9198214e+06  -9.8302789e-02
   1.9198216e+06  -1.3255246e-01
   1.9198216e+06  -1.6560272e-01
   1.9198218e+06  -1.9694265e-01
   1.9198219e+06  -2.2608378e-01
   1.9198219e+06  -2.5264259e-01
   1.9198221e+06  -2.7628018e-01
   1.9198221e+06  -2.9675817e-01
   1.9198222e+06  -3.1391600e-01
   1.9198224e+06  -3.2754072e-01
   1.9198224e+06  -3.3744915e-01
   1.9198226e+06  -3.4351465e-01
   1.9198226e+06  -3.4551299e-01
   1.9198228e+06  -3.4331464e-01
   1.9198229e+06  -3.3712712e-01
   1.9198229e+06  -3.2715554e-01
   1.9198231e+06  -3.1335242e-01
   1.9198231e+06  -2.9575601e-01
   1.9198232e+06  -2.7465902e-01
   1.9198234e+06  -2.5042163e-01
   1.9198234e+06  -2.2342621e-01
   1.9198236e+06  -1.9402656e-01
   1.9198236e+06  -1.6243906e-01
   1.9198238e+06  -1.2889662e-01
   1.9198239e+06  -9.3772254e-02
   1.9198239e+06  -5.7461935e-02
   1.9198241e+06  -2.0417371e-02
   1.9198241e+06   1.6789207e-02
   1.9198242e+06   5.3661545e-02
   1.9198244e+06   8.9827296e-02
   1.9198244e+06   1.2483773e-01
   1.9198246e+06   1.5821296e-01
   1.9198246e+06   1.8963550e-01
   1.9198248e+06   2.1886627e-01
   1.9198249e+06   2.4556427e-01
   1.9198249e+06   2.6933829e-01
   1.9198251e+06   2.8990936e-01
   1.9198251e+06   3.0712491e-01
   1.9198252e+06   3.2083585e-01
   1.9198254e+06   3.3084077e-01
   1.9198254e+06   3.3694434e-01
   1.9198256e+06   3.3903531e-01
   1.9198256e+06   3.3716990e-01
   1.9198258e+06   3.3156501e-01
   1.9198259e+06   3.2242423e-01
   1.9198259e+06   3.0985914e-01
   1.9198261e+06   2.9400794e-01
   1.9198261e+06   2.7505121e-01
   1.9198262e+06   2.5312440e-01
   1.9198264e+06   2.2834680e-01
   1.9198264e+06   2.0087742e-01
   1.9198266e+06   1.7096331e-01
   1.9198266e+06   1.3902538e-01
   1.9198268e+06   1.0558959e-01
   1.9198269e+06   7.1134918e-02
   1.9198269e+06   3.6127631e-02
   1.9198271e+06   1.0644355e-03
   1.9198271e+06  -3.3607167e-02
   1.9198272e+06  -6.7499475e-02
   1.9198274e+06  -1.0030070e-01
   1.9198274e+06  -1.3180685e-01
   1.9198276e+06  -1.6173893e-01
   1.9198276e+06  -1.8962114e-01
   1.9198278e+06  -2.1499032e-01
   1.9198279e+06  -2.3752380e-01
   1.9198279e+06  -2.5696071e-01
   1.9198281e+06  -2.7313174e-01
   1.9198281e+06  -2.8597224e-01
   1.9198282e+06  -2.9542176e-01
   1.9198284e+06  -3.0147358e-01
   1.9198284e+06  -3.0424651e-01
   1.9198286e+06  -3.0384244e-01
   1.9198286e+06  -3.0023682e-01
   1.9198288e+06  -2.9336139e-01
   1.9198289e+06  -2.8320755e-01
   1.9198289e+06  -2.6985766e-01
   1.9198291e+06  -2.5347096e-01
   1.9198291e+06  -2.3429838e-01
   1.9198292e+06  -2.1271595e-01
   1.9198294e+06  -1.8912909e-01
   1.9198294e+06  -1.6385353e-01
   1.9198296e+06  -1.3717620e-01
   1.9198296e+06  -1.0940416e-01
   1.9198298e+06  -8.0807001e-02
   1.9198299e+06  -5.1686854e-02
   1.9198299e+06  -2.2466428e-02
   1.9198301e+06   6.4254683e-03
   1.9198301e+06   3.4659354e-02
   1.9198302e+06   6.1967646e-02
   1.9198304e+06   8.8105665e-02
   1.9198304e+06   1.1283639e-01
   1.9198306e+06   1.3593083e-01
   1.9198306e+06   1.5717660e-01
   1.9198308e+06   1.7634749e-01
   1.9198309e+06   1.9324628e-01
   1.9198309e+06   2.0778840e-01
   1.9198311e+06   2.1988744e-01
   1.9198311e+06   2.2936188e-01
   1.9198312e+06   2.3614652e-01
   1.9198314e+06   2.4039669e-01
   1.9198314e+06   2.4223381e-01
   1.9198316e+06   2.4160118e-01
   1.9198316e+06   2.3843720e-01
   1.9198318e+06   2.3281697e-01
   1.9198319e+06   2.2487192e-01
   1.9198319e+06   2.1466560e-01
   1.9198321e+06   2.0226363e-01
   1.9198321e+06   1.8789712e-01
   1.9198322e+06   1.7188022e-01
   1.9198324e+06   1.5441774e-01
   1.9198324e+06   1.3570415e-01
   1.9198326e+06   1.1608359e-01
   1.9198326e+06   9.5906592e-02
   1.9198328e+06   7.5380480e-02
   1.9198329e+06   5.4662889e-02
   1.9198329e+06   3.3937019e-02
   1.9198331e+06   1.3387486e-02
   1.9198331e+06  -6.7616872e-03
   1.9198332e+06  -2.6243703e-02
   1.9198334e+06  -4.4862354e-02
   1.9198334e+06  -6.2509035e-02
   1.9198336e+06  -7.9064724e-02
   1.9198336e+06  -9.4422881e-02
   1.9198338e+06  -1.0853192e-01
   1.9198339e+06  -1.2128115e-01
   1.9198339e+06  -1.3253074e-01
   1.9198341e+06  -1.4230712e-01
   1.9198341e+06  -1.5064511e-01
   1.9198342e+06  -1.5733242e-01
   1.9198344e+06  -1.6224128e-01
   1.9198344e+06  -1.6565713e-01
   1.9198346e+06  -1.6785771e-01
   1.9198346e+06  -1.6874397e-01
   1.9198348e+06  -1.6817348e-01
   1.9198349e+06  -1.6622666e-01
   1.9198349e+06  -1.6299383e-01
   1.9198351e+06  -1.5845140e-01
   1.9198351e+06  -1.5260752e-01
   1.9198352e+06  -1.4557419e-01
   1.9198354e+06  -1.3747079e-01
   1.9198354e+06  -1.2835712e-01
   1.9198356e+06  -1.1833430e-01
   1.9198356e+06  -1.0762504e-01
   1.9198358e+06  -9.6434251e-02
   1.9198359e+06  -8.4860985e-02
   1.9198359e+06  -7.3024527e-02
   1.9198361e+06  -6.1052964e-02
   1.9198361e+06  -4.8940020e-02
   1.9198362e+06  -3.6670122e-02
   1.9198364e+06  -2.4431355e-02
   1.9198364e+06  -1.2522693e-02
   1.9198366e+06  -1.1401123e-03
   1.9198366e+06   9.7215209e-03
   1.9198368e+06   2.0297775e-02
   1.9198369e+06   3.0912968e-02
   1.9198369e+06   4.1674809e-02
   1.9198371e+06   5.2427060e-02
   1.9198371e+06   6.3030195e-02
   1.9198372e+06   7.3446097e-02
   1.9198374e+06   8.3546118e-02
   1.9198374e+06   9.3131883e-02
   1.9198376e+06   1.0212560e-01
   1.9198376e+06   1.1049973e-01
   1.9198378e+06   1.1814291e-01
   1.9198379e+06   1.2498065e-01
   1.9198379e+06   1.3104323e-01
   1.9198381e+06   1.3632288e-01
   1.9198381e+06   1.4073444e-01
   1.9198382e+06   1.4417494e-01
   1.9198384e+06   1.4649314e-01
   1.9198384e+06   1.4753002e-01
   1.9198386e+06   1.4727343e-01
   1.9198386e+06   1.4585933e-01
   1.9198388e+06   1.4341279e-01
   1.9198389e+06   1.3998214e-01
   1.9198389e+06   1.3560257e-01
   1.9198391e+06   1.3031856e-01
   1.9198391e+06   1.2412954e-01
   1.9198392e+06   1.1698533e-01
   1.9198394e+06   1.0883732e-01
   1.9198394e+06   9.9662243e-02
   1.9198396e+06   8.9517773e-02
   1.9198396e+06   7.8581322e-02
   1.9198398e+06   6.6981589e-02
   1.9198399e+06   5.4630841e-02
   1.9198399e+06   4.1375073e-02
   1.9198401e+06   2.7207192e-02
   1.9198401e+06   1.2248413e-02
   1.9198402e+06  -3.3439271e-03
   1.9198404e+06  -1.9445749e-02
   1.9198404e+06  -3.6019175e-02
   1.9198406e+06  -5.3016605e-02
   1.9198406e+06  -7.0250137e-02
   1.9198408e+06  -8.7468873e-02
   1.9198409e+06  -1.0447466e-01
   1.9198409e+06  -1.2105141e-01
   1.9198411e+06  -1.3686988e-01
   1.9198411e+06  -1.5156832e-01
   1.9198412e+06  -1.6494118e-01
   1.9198414e+06  -1.7699771e-01
   1.9198414e+06  -1.8775253e-01
   1.9198416e+06  -1.9699118e-01
   1.9198416e+06  -2.0437617e-01
   1.9198418e+06  -2.0975684e-01
   1.9198419e+06  -2.1318442e-01
   1.9198419e+06  -2.1462790e-01
   1.9198421e+06  -2.1390735e-01
   1.9198421e+06  -2.1088565e-01
   1.9198422e+06  -2.0546838e-01
   1.9198424e+06  -1.9753441e-01
   1.9198424e+06  -1.8712631e-01
   1.9198426e+06  -1.7448529e-01
   1.9198426e+06  -1.5976210e-01
   1.9198428e+06  -1.4300194e-01
   1.9198429e+06  -1.2433940e-01
   1.9198429e+06  -1.0391816e-01
   1.9198431e+06  -8.1889258e-02
   1.9198431e+06  -5.8623362e-02
   1.9198432e+06  -3.4582463e-02
   1.9198434e+06  -1.0060173e-02
   1.9198434e+06   1.4738888e-02
   1.9198436e+06   3.9648189e-02
   1.9198436e+06   6.4607477e-02
   1.9198438e+06   8.9493752e-02
   1.9198439e+06   1.1399913e-01
   1.9198439e+06   1.3779129e-01
   1.9198441e+06   1.6060149e-01
   1.9198441e+06   1.8219493e-01
   1.9198442e+06   2.0238242e-01
   1.9198444e+06   2.2097569e-01
   1.9198444e+06   2.3772965e-01
   1.9198446e+06   2.5233720e-01
   1.9198446e+06   2.6442339e-01
   1.9198448e+06   2.7367165e-01
   1.9198449e+06   2.7996391e-01
   1.9198449e+06   2.8319302e-01
   1.9198451e+06   2.8307348e-01
   1.9198451e+06   2.7937416e-01
   1.9198452e+06   2.7215573e-01
   1.9198454e+06   2.6164599e-01
   1.9198454e+06   2.4807617e-01
   1.9198456e+06   2.3167468e-01
   1.9198456e+06   2.1263305e-01
   1.9198458e+06   1.9104960e-01
   1.9198459e+06   1.6704288e-01
   1.9198459e+06   1.4090842e-01
   1.9198461e+06   1.1300775e-01
   1.9198461e+06   8.3572698e-02
   1.9198462e+06   5.2805196e-02
   1.9198464e+06   2.1027059e-02
   1.9198464e+06  -1.1410422e-02
   1.9198466e+06  -4.4171233e-02
   1.9198466e+06  -7.6878127e-02
   1.9198468e+06  -1.0916213e-01
   1.9198469e+06  -1.4063437e-01
   1.9198469e+06  -1.7083007e-01
   1.9198471e+06  -1.9940091e-01
   1.9198471e+06  -2.2613934e-01
   1.9198472e+06  -2.5064148e-01
   1.9198474e+06  -2.7230056e-01
   1.9198474e+06  -2.9067855e-01
   1.9198476e+06  -3.0559135e-01
   1.9198476e+06  -3.1696186e-01
   1.9198478e+06  -3.2475893e-01
   1.9198479e+06  -3.2892205e-01
   1.9198479e+06  -3.2935304e-01
   1.9198481e+06  -3.2604337e-01
   1.9198481e+06  -3.1906782e-01
   1.9198482e+06  -3.0849115e-01
   1.9198484e+06  -2.9440759e-01
   1.9198484e+06  -2.7695526e-01
   1.9198486e+06  -2.5624952e-01
   1.9198486e+06  -2.3243134e-01
   1.9198488e+06  -2.0576643e-01
   1.9198489e+06  -1.7661986e-01
   1.9198489e+06  -1.4535794e-01
   1.9198491e+06  -1.1231461e-01
   1.9198491e+06  -7.7867269e-02
   1.9198492e+06  -4.2474853e-02
   1.9198494e+06  -6.5362052e-03
   1.9198494e+06   2.9710436e-02
   1.9198496e+06   6.6016630e-02
   1.9198496e+06   1.0193267e-01
   1.9198498e+06   1.3687914e-01
   1.9198499e+06   1.7032543e-01
   1.9198499e+06   2.0183491e-01
   1.9198501e+06   2.3099840e-01
   1.9198501e+06   2.5740316e-01
   1.9198502e+06   2.8069854e-01
   1.9198504e+06   3.0067372e-01
   1.9198504e+06   3.1723809e-01
   1.9198506e+06   3.3032196e-01
   1.9198506e+06   3.3980538e-01
   1.9198508e+06   3.4552906e-01
   1.9198509e+06   3.4733241e-01
   1.9198509e+06   3.4505983e-01
   1.9198511e+06   3.3859918e-01
   1.9198511e+06   3.2798926e-01
   1.9198512e+06   3.1343607e-01
   1.9198514e+06   2.9518872e-01
   1.9198514e+06   2.7352537e-01
   1.9198516e+06   2.4886259e-01
   1.9198516e+06   2.2164488e-01
   1.9198518e+06   1.9211179e-01
   1.9198519e+06   1.6041542e-01
   1.9198519e+06   1.2690095e-01
   1.9198521e+06   9.2021133e-02
   1.9198521e+06   5.6119962e-02
   1.9198522e+06   1.9526828e-02
   1.9198524e+06  -1.7280825e-02
   1.9198524e+06  -5.3716465e-02
   1.9198526e+06  -8.9196877e-02
   1.9198526e+06  -1.2327914e-01
   1.9198528e+06  -1.5573392e-01
   1.9198529e+06  -1.8637431e-01
   1.9198529e+06  -2.1487566e-01
   1.9198531e+06  -2.4085900e-01
   1.9198531e+06  -2.6400386e-01
   1.9198532e+06  -2.8401751e-01
   1.9198534e+06  -3.0062389e-01
   1.9198534e+06  -3.1361490e-01
   1.9198536e+06  -3.2288041e-01
   1.9198536e+06  -3.2838320e-01
   1.9198538e+06  -3.3010055e-01
   1.9198539e+06  -3.2803898e-01
   1.9198539e+06  -3.2227363e-01
   1.9198541e+06  -3.1287594e-01
   1.9198541e+06  -2.9992255e-01
   1.9198542e+06  -2.8365169e-01
   1.9198544e+06  -2.6440336e-01
   1.9198544e+06  -2.4241646e-01
   1.9198546e+06  -2.1790018e-01
   1.9198546e+06  -1.9118394e-01
   1.9198548e+06  -1.6263453e-01
   1.9198549e+06  -1.3255834e-01
   1.9198549e+06  -1.0123221e-01
   1.9198551e+06  -6.8955773e-02
   1.9198551e+06  -3.6093270e-02
   1.9198552e+06  -3.0607056e-03
   1.9198554e+06   2.9710010e-02
   1.9198554e+06   6.1758999e-02
   1.9198556e+06   9.2666154e-02
   1.9198556e+06   1.2213409e-01
   1.9198558e+06   1.4987304e-01
   1.9198559e+06   1.7553832e-01
   1.9198559e+06   1.9887816e-01
   1.9198561e+06   2.1973688e-01
   1.9198561e+06   2.3794004e-01
   1.9198562e+06   2.5334751e-01
   1.9198564e+06   2.6585364e-01
   1.9198564e+06   2.7527028e-01
   1.9198566e+06   2.8141565e-01
   1.9198566e+06   2.8426338e-01
   1.9198568e+06   2.8387980e-01
   1.9198569e+06   2.8035278e-01
   1.9198569e+06   2.7380313e-01
   1.9198571e+06   2.6434757e-01
   1.9198571e+06   2.5209799e-01
   1.9198572e+06   2.3722179e-01
   1.9198574e+06   2.1992816e-01
   1.9198574e+06   2.0043817e-01
   1.9198576e+06   1.7902602e-01
   1.9198576e+06   1.5603669e-01
   1.9198578e+06   1.3182473e-01
   1.9198579e+06   1.0669216e-01
   1.9198579e+06   8.0907232e-02
   1.9198581e+06   5.4761042e-02
   1.9198581e+06   2.8546516e-02
   1.9198582e+06   2.5150414e-03
   1.9198584e+06  -2.3065577e-02
   1.9198584e+06  -4.7856260e-02
   1.9198586e+06  -7.1508423e-02
   1.9198586e+06  -9.3747420e-02
   1.9198588e+06  -1.1440649e-01
   1.9198589e+06  -1.3339616e-01
   1.9198589e+06  -1.5059164e-01
   1.9198591e+06  -1.6579148e-01
   1.9198591e+06  -1.7886919e-01
   1.9198592e+06  -1.8988919e-01
   1.9198594e+06  -1.9896993e-01
   1.9198594e+06  -2.0607537e-01
   1.9198596e+06  -2.1100962e-01
   1.9198596e+06  -2.1359221e-01
   1.9198598e+06  -2.1378510e-01
   1.9198599e+06  -2.1167399e-01
   1.9198599e+06  -2.0742226e-01
   1.9198601e+06  -2.0126191e-01
   1.9198601e+06  -1.9343569e-01
   1.9198602e+06  -1.8409598e-01
   1.9198604e+06  -1.7327713e-01
   1.9198604e+06  -1.6096709e-01
   1.9198606e+06  -1.4722692e-01
   1.9198606e+06  -1.3228465e-01
   1.9198608e+06  -1.1649837e-01
   1.9198609e+06  -1.0021431e-01
   1.9198609e+06  -8.3681461e-02
   1.9198611e+06  -6.7043499e-02
   1.9198611e+06  -5.0360965e-02
   1.9198612e+06  -3.3731854e-02
   1.9198614e+06  -1.7374052e-02
   1.9198614e+06  -1.4154907e-03
   1.9198616e+06   1.4292536e-02
   1.9198616e+06   2.9890587e-02
   1.9198618e+06   4.5179320e-02
   1.9198619e+06   5.9803347e-02
   1.9198619e+06   7.3561707e-02
   1.9198621e+06   8.6350699e-02
   1.9198621e+06   9.8017187e-02
   1.9198622e+06   1.0844212e-01
   1.9198624e+06   1.1766045e-01
   1.9198624e+06   1.2576489e-01
   1.9198626e+06   1.3271399e-01
   1.9198626e+06   1.3837861e-01
   1.9198628e+06   1.4274962e-01
   1.9198629e+06   1.4587564e-01
   1.9198629e+06   1.4769381e-01
   1.9198631e+06   1.4819987e-01
   1.9198631e+06   1.4759564e-01
   1.9198632e+06   1.4605251e-01
   1.9198634e+06   1.4358488e-01
   1.9198634e+06   1.4020947e-01
   1.9198636e+06   1.3597687e-01
   1.9198636e+06   1.3092561e-01
   1.9198638e+06   1.2512974e-01
   1.9198639e+06   1.1867645e-01
   1.9198639e+06   1.1165666e-01
   1.9198641e+06   1.0420366e-01
   1.9198641e+06   9.6334508e-02
   1.9198642e+06   8.7871701e-02
   1.9198644e+06   7.8756934e-02
   1.9198644e+06   6.9218896e-02
   1.9198646e+06   5.9477199e-02
   1.9198646e+06   4.9522320e-02
   1.9198648e+06   3.9243755e-02
   1.9198649e+06   2.8597767e-02
   1.9198649e+06   1.7614318e-02
   1.9198651e+06   6.3014863e-03
   1.9198651e+06  -5.3796567e-03
   1.9198652e+06  -1.7404847e-02
   1.9198654e+06  -2.9649570e-02
   1.9198654e+06  -4.2007279e-02
   1.9198656e+06  -5.4429159e-02
   1.9198656e+06  -6.6818651e-02
   1.9198658e+06  -7.8990979e-02
   1.9198659e+06  -9.0762773e-02
   1.9198659e+06  -1.0199889e-01
   1.9198661e+06  -1.1257449e-01
   1.9198661e+06  -1.2244154e-01
   1.9198662e+06  -1.3169890e-01
   1.9198664e+06  -1.4033664e-01
   1.9198664e+06  -1.4800522e-01
   1.9198666e+06  -1.5435369e-01
   1.9198666e+06  -1.5939530e-01
   1.9198668e+06  -1.6328246e-01
   1.9198669e+06  -1.6603245e-01
   1.9198669e+06  -1.6758213e-01
   1.9198671e+06  -1.6778589e-01
   1.9198671e+06  -1.6642527e-01
   1.9198672e+06  -1.6341520e-01
   1.9198674e+06  -1.5880912e-01
   1.9198674e+06  -1.5263016e-01
   1.9198676e+06  -1.4493543e-01
   1.9198676e+06  -1.3587853e-01
   1.9198678e+06  -1.2556258e-01
   1.9198679e+06  -1.1398792e-01
   1.9198679e+06  -1.0111302e-01
   1.9198681e+06  -8.6923325e-02
   1.9198681e+06  -7.1557006e-02
   1.9198682e+06  -5.5214945e-02
   1.9198684e+06  -3.7894959e-02
   1.9198684e+06  -1.9543424e-02
   1.9198686e+06  -3.6391294e-04
   1.9198686e+06   1.9372572e-02
   1.9198688e+06   3.9520456e-02
   1.9198689e+06   5.9871868e-02
   1.9198689e+06   8.0209151e-02
   1.9198691e+06   1.0048350e-01
   1.9198691e+06   1.2054749e-01
   1.9198692e+06   1.4000664e-01
   1.9198694e+06   1.5851356e-01
   1.9198694e+06   1.7578470e-01
   1.9198696e+06   1.9144458e-01
   1.9198696e+06   2.0526328e-01
   1.9198698e+06   2.1723052e-01
   1.9198699e+06   2.2718220e-01
   1.9198699e+06   2.3477035e-01
   1.9198701e+06   2.3982442e-01
   1.9198701e+06   2.4239223e-01
   1.9198702e+06   2.4250488e-01
   1.9198704e+06   2.4009082e-01
   1.9198704e+06   2.3503435e-01
   1.9198706e+06   2.2723616e-01
   1.9198706e+06   2.1663508e-01
   1.9198708e+06   2.0325146e-01
   1.9198709e+06   1.8726359e-01
   1.9198709e+06   1.6893472e-01
   1.9198711e+06   1.4846602e-01
   1.9198711e+06   1.2606115e-01
   1.9198712e+06   1.0200046e-01
   1.9198714e+06   7.6516662e-02
   1.9198714e+06   4.9801118e-02
   1.9198716e+06   2.2161389e-02
   1.9198716e+06  -6.0109983e-03
   1.9198718e+06  -3.4356045e-02
   1.9198719e+06  -6.2573986e-02
   1.9198719e+06  -9.0455398e-02
   1.9198721e+06  -1.1781061e-01
   1.9198721e+06  -1.4431363e-01
   1.9198722e+06  -1.6956207e-01
   1.9198724e+06  -1.9328566e-01
   1.9198724e+06  -2.1538165e-01
   1.9198726e+06  -2.3575245e-01
   1.9198726e+06  -2.5415188e-01
   1.9198728e+06  -2.7024102e-01
   1.9198729e+06  -2.8373220e-01
   1.9198729e+06  -2.9432220e-01
   1.9198731e+06  -3.0162838e-01
   1.9198731e+06  -3.0535869e-01
   1.9198732e+06  -3.0533273e-01
   1.9198734e+06  -3.0138281e-01
   1.9198734e+06  -2.9355346e-01
   1.9198736e+06  -2.8216871e-01
   1.9198736e+06  -2.6747123e-01
   1.9198738e+06  -2.4955081e-01
   1.9198739e+06  -2.2863443e-01
   1.9198739e+06  -2.0505912e-01
   1.9198741e+06  -1.7908079e-01
   1.9198741e+06  -1.5091172e-01
   1.9198742e+06  -1.2078414e-01
   1.9198744e+06  -8.9003945e-02
   1.9198744e+06  -5.6034410e-02
   1.9198746e+06  -2.2386989e-02
   1.9198746e+06   1.1531210e-02
   1.9198748e+06   4.5378812e-02
   1.9198749e+06   7.8867737e-02
   1.9198749e+06   1.1179734e-01
   1.9198751e+06   1.4395398e-01
   1.9198751e+06   1.7504509e-01
   1.9198752e+06   2.0473524e-01
   1.9198754e+06   2.3262679e-01
   1.9198754e+06   2.5826959e-01
   1.9198756e+06   2.8120601e-01
   1.9198756e+06   3.0092811e-01
   1.9198758e+06   3.1696600e-01
   1.9198759e+06   3.2912508e-01
   1.9198759e+06   3.3740735e-01
   1.9198761e+06   3.4171765e-01
   1.9198761e+06   3.4193506e-01
   1.9198762e+06   3.3814532e-01
   1.9198764e+06   3.3048984e-01
   1.9198764e+06   3.1894179e-01
   1.9198766e+06   3.0347644e-01
   1.9198766e+06   2.8430628e-01
   1.9198768e+06   2.6181363e-01
   1.9198769e+06   2.3639103e-01
   1.9198769e+06   2.0837860e-01
   1.9198771e+06   1.7805302e-01
   1.9198771e+06   1.4568651e-01
   1.9198772e+06   1.1162975e-01
   1.9198774e+06   7.6296364e-02
   1.9198774e+06   4.0102363e-02
   1.9198776e+06   3.4450528e-03
   1.9198776e+06  -3.3291719e-02
   1.9198778e+06  -6.9702420e-02
   1.9198779e+06  -1.0534368e-01
   1.9198779e+06  -1.3978606e-01
   1.9198781e+06  -1.7264499e-01
   1.9198781e+06  -2.0356781e-01
   1.9198782e+06  -2.3222450e-01
   1.9198784e+06  -2.5825558e-01
   1.9198784e+06  -2.8125306e-01
   1.9198786e+06  -3.0088839e-01
   1.9198786e+06  -3.1698901e-01
   1.9198788e+06  -3.2941494e-01
   1.9198789e+06  -3.3796963e-01
   1.9198789e+06  -3.4251890e-01
   1.9198791e+06  -3.4313489e-01
   1.9198791e+06  -3.3999228e-01
   1.9198792e+06  -3.3311453e-01
   1.9198794e+06  -3.2242363e-01
   1.9198794e+06  -3.0803688e-01
   1.9198796e+06  -2.9022346e-01
   1.9198796e+06  -2.6915107e-01
   1.9198798e+06  -2.4497131e-01
   1.9198799e+06  -2.1797000e-01
   1.9198799e+06  -1.8848663e-01
   1.9198801e+06  -1.5694084e-01
   1.9198801e+06  -1.2386168e-01
   1.9198802e+06  -8.9673262e-02
   1.9198804e+06  -5.4679503e-02
   1.9198804e+06  -1.9269086e-02
   1.9198806e+06   1.6162528e-02
   1.9198806e+06   5.1298268e-02
   1.9198808e+06   8.5698541e-02
   1.9198809e+06   1.1883299e-01
   1.9198809e+06   1.5034756e-01
   1.9198811e+06   1.7999342e-01
   1.9198811e+06   2.0742198e-01
   1.9198812e+06   2.3228374e-01
   1.9198814e+06   2.5435052e-01
   1.9198814e+06   2.7341742e-01
   1.9198816e+06   2.8923523e-01
   1.9198816e+06   3.0158193e-01
   1.9198818e+06   3.1030896e-01
   1.9198819e+06   3.1532802e-01
   1.9198819e+06   3.1662118e-01
   1.9198821e+06   3.1425001e-01
   1.9198821e+06   3.0832703e-01
   1.9198822e+06   2.9900357e-01
   1.9198824e+06   2.8646022e-01
   1.9198824e+06   2.7086826e-01
   1.9198826e+06   2.5242237e-01
   1.9198826e+06   2.3140010e-01
   1.9198828e+06   2.0807274e-01
   1.9198829e+06   1.8262035e-01
   1.9198829e+06   1.5525598e-01
   1.9198831e+06   1.2634923e-01
   1.9198831e+06   9.6378467e-02
   1.9198832e+06   6.5853554e-02
   1.9198834e+06   3.5258982e-02
   1.9198834e+06   4.9691464e-03
   1.9198836e+06  -2.4804939e-02
   1.9198836e+06  -5.3964200e-02
   1.9198838e+06  -8.2348028e-02
   1.9198839e+06  -1.0958517e-01
   1.9198839e+06  -1.3518976e-01
   1.9198841e+06  -1.5877414e-01
   1.9198841e+06  -1.8009678e-01
   1.9198842e+06  -1.9900916e-01
   1.9198844e+06  -2.1542352e-01
   1.9198844e+06  -2.2925809e-01
   1.9198846e+06  -2.4043056e-01
   1.9198846e+06  -2.4891665e-01
   1.9198848e+06  -2.5471997e-01
   1.9198849e+06  -2.5780521e-01
   1.9198849e+06  -2.5813516e-01
   1.9198851e+06  -2.5571850e-01
   1.9198851e+06  -2.5058284e-01
   1.9198852e+06  -2.4274721e-01
   1.9198854e+06  -2.3226901e-01
   1.9198854e+06  -2.1935292e-01
   1.9198856e+06  -2.0437580e-01
   1.9198856e+06  -1.8773350e-01
   1.9198858e+06  -1.6966829e-01
   1.9198859e+06  -1.5024180e-01
   1.9198859e+06  -1.2946924e-01
   1.9198861e+06  -1.0753776e-01
   1.9198861e+06  -8.4841427e-02
   1.9198862e+06  -6.1733591e-02
   1.9198864e+06  -3.8420594e-02
   1.9198864e+06  -1.5167561e-02
   1.9198866e+06   7.6440133e-03
   1.9198866e+06   2.9709140e-02
   1.9198868e+06   5.0832786e-02
   1.9198869e+06   7.0815585e-02
   1.9198869e+06   8.9474006e-02
   1.9198871e+06   1.0666945e-01
   1.9198871e+06   1.2222130e-01
   1.9198872e+06   1.3595373e-01
   1.9198874e+06   1.4788141e-01
   1.9198874e+06   1.5815314e-01
   1.9198876e+06   1.6679937e-01
   1.9198876e+06   1.7372681e-01
   1.9198878e+06   1.7888402e-01
   1.9198879e+06   1.8224818e-01
   1.9198879e+06   1.8380514e-01
   1.9198881e+06   1.8365992e-01
   1.9198881e+06   1.8197439e-01
   1.9198882e+06   1.7880845e-01
   1.9198884e+06   1.7418817e-01
   1.9198884e+06   1.6818080e-01
   1.9198886e+06   1.6081183e-01
   1.9198886e+06   1.5211832e-01
   1.9198888e+06   1.4228279e-01
   1.9198889e+06   1.3154919e-01
   1.9198889e+06   1.2007006e-01
   1.9198891e+06   1.0790614e-01
   1.9198891e+06   9.5133399e-02
   1.9198892e+06   8.1959625e-02
   1.9198894e+06   6.8670581e-02
   1.9198894e+06   5.5401507e-02
   1.9198896e+06   4.2108534e-02
   1.9198896e+06   2.8772841e-02
   1.9198898e+06   1.5427904e-02
   1.9198899e+06   2.0683720e-03
   1.9198899e+06  -1.1246893e-02
   1.9198901e+06  -2.4317733e-02
   1.9198901e+06  -3.6953832e-02
   1.9198902e+06  -4.9069738e-02
   1.9198904e+06  -6.0643074e-02
   1.9198904e+06  -7.1709747e-02
   1.9198906e+06  -8.2283385e-02
   1.9198906e+06  -9.2203446e-02
   1.9198908e+06  -1.0121361e-01
   1.9198909e+06  -1.0914928e-01
   1.9198909e+06  -1.1595658e-01
   1.9198911e+06  -1.2173321e-01
   1.9198911e+06  -1.2673499e-01
   1.9198912e+06  -1.3104878e-01
   1.9198914e+06  -1.3444649e-01
   1.9198914e+06  -1.3681829e-01
   1.9198916e+06  -1.3836665e-01
   1.9198916e+06  -1.3920625e-01
   1.9198918e+06  -1.3920516e-01
   1.9198919e+06  -1.3825609e-01
   1.9198919e+06  -1.3639568e-01
   1.9198921e+06  -1.3372069e-01
   1.9198921e+06  -1.3029131e-01
   1.9198922e+06  -1.2608784e-01
   1.9198924e+06  -1.2113836e-01
   1.9198924e+06  -1.1556463e-01
   1.9198926e+06  -1.0934720e-01
   1.9198926e+06  -1.0230111e-01
   1.9198928e+06  -9.4353823e-02
   1.9198929e+06  -8.5558719e-02
   1.9198929e+06  -7.5936680e-02
   1.9198931e+06  -6.5537562e-02
   1.9198931e+06  -5.4459469e-02
   1.9198932e+06  -4.2691910e-02
   1.9198934e+06  -3.0121424e-02
   1.9198934e+06  -1.6732417e-02
   1.9198936e+06  -2.7115219e-03
   1.9198936e+06   1.1709282e-02
   1.9198938e+06   2.6495082e-02
   1.9198939e+06   4.1736040e-02
   1.9198939e+06   5.7326982e-02
   1.9198941e+06   7.2926761e-02
   1.9198941e+06   8.8208189e-02
   1.9198942e+06   1.0296912e-01
   1.9198944e+06   1.1705873e-01
   1.9198944e+06   1.3033812e-01
   1.9198946e+06   1.4273144e-01
   1.9198946e+06   1.5422318e-01
   1.9198948e+06   1.6469783e-01
   1.9198949e+06   1.7388567e-01
   1.9198949e+06   1.8157748e-01
   1.9198951e+06   1.8770955e-01
   1.9198951e+06   1.9221060e-01
   1.9198952e+06   1.9497734e-01
   1.9198954e+06   1.9590317e-01
   1.9198954e+06   1.9483739e-01
   1.9198956e+06   1.9171482e-01
   1.9198956e+06   1.8662998e-01
   1.9198958e+06   1.7963243e-01
   1.9198959e+06   1.7071947e-01
   1.9198959e+06   1.6001647e-01
   1.9198961e+06   1.4764170e-01
   1.9198961e+06   1.3355289e-01
   1.9198962e+06   1.1771333e-01
   1.9198964e+06   1.0019475e-01
   1.9198964e+06   8.1142566e-02
   1.9198966e+06   6.0807625e-02
   1.9198966e+06   3.9475005e-02
   1.9198968e+06   1.7321813e-02
   1.9198969e+06  -5.5351739e-03
   1.9198969e+06  -2.8914252e-02
   1.9198971e+06  -5.2563555e-02
   1.9198971e+06  -7.6275803e-02
   1.9198972e+06  -9.9969159e-02
   1.9198974e+06  -1.2350440e-01
   1.9198974e+06  -1.4647060e-01
   1.9198976e+06  -1.6835907e-01
   1.9198976e+06  -1.8877985e-01
   1.9198978e+06  -2.0735136e-01
   1.9198979e+06  -2.2367861e-01
   1.9198979e+06  -2.3752165e-01
   1.9198981e+06  -2.4875845e-01
   1.9198981e+06  -2.5729409e-01
   1.9198982e+06  -2.6314308e-01
   1.9198984e+06  -2.6639892e-01
   1.9198984e+06  -2.6704608e-01
   1.9198986e+06  -2.6490667e-01
   1.9198986e+06  -2.5978028e-01
   1.9198988e+06  -2.5162387e-01
   1.9198989e+06  -2.4055465e-01
   1.9198989e+06  -2.2666569e-01
   1.9198991e+06  -2.1000320e-01
   1.9198991e+06  -1.9074131e-01
   1.9198992e+06  -1.6917739e-01
   1.9198994e+06  -1.4558064e-01
   1.9198994e+06  -1.2015242e-01
   1.9198996e+06  -9.3022582e-02
   1.9198996e+06  -6.4281957e-02
   1.9198998e+06  -3.4147320e-02
   1.9198999e+06  -3.0293031e-03
   1.9198999e+06   2.8607155e-02
   1.9199001e+06   6.0328475e-02
   1.9199001e+06   9.1698648e-02
   1.9199002e+06   1.2229259e-01
   1.9199004e+06   1.5175561e-01
   1.9199004e+06   1.7980440e-01
   1.9199006e+06   2.0615768e-01
   1.9199006e+06   2.3049150e-01
   1.9199008e+06   2.5248821e-01
   1.9199009e+06   2.7187300e-01
   1.9199009e+06   2.8838085e-01
   1.9199011e+06   3.0179176e-01
   1.9199011e+06   3.1198654e-01
   1.9199012e+06   3.1883725e-01
   1.9199014e+06   3.2211037e-01
   1.9199014e+06   3.2160965e-01
   1.9199016e+06   3.1731153e-01
   1.9199016e+06   3.0926064e-01
   1.9199018e+06   2.9745904e-01
   1.9199019e+06   2.8195041e-01
   1.9199019e+06   2.6291517e-01
   1.9199021e+06   2.4061929e-01
   1.9199021e+06   2.1536866e-01
   1.9199022e+06   1.8756294e-01
   1.9199024e+06   1.5764771e-01
   1.9199024e+06   1.2594226e-01
   1.9199026e+06   9.2687424e-02
   1.9199026e+06   5.8286336e-02
   1.9199028e+06   2.3246112e-02
   1.9199029e+06  -1.2103708e-02
   1.9199029e+06  -4.7543794e-02
   1.9199031e+06  -8.2681626e-02
   1.9199031e+06  -1.1700448e-01
   1.9199032e+06  -1.5010923e-01
   1.9199034e+06  -1.8169455e-01
   1.9199034e+06  -2.1145495e-01
   1.9199036e+06  -2.3907212e-01
   1.9199036e+06  -2.6421903e-01
   1.9199038e+06  -2.8658832e-01
   1.9199039e+06  -3.0593891e-01
   1.9199039e+06  -3.2201208e-01
   1.9199041e+06  -3.3443249e-01
   1.9199041e+06  -3.4283494e-01
   1.9199042e+06  -3.4705376e-01
   1.9199044e+06  -3.4708805e-01
   1.9199044e+06  -3.4296200e-01
   1.9199046e+06  -3.3473022e-01
   1.9199046e+06  -3.2253198e-01
   1.9199048e+06  -3.0651686e-01
   1.9199049e+06  -2.8682264e-01
   1.9199049e+06  -2.6373939e-01
   1.9199051e+06  -2.3771857e-01
   1.9199051e+06  -2.0911613e-01
   1.9199052e+06  -1.7815831e-01
   1.9199054e+06  -1.4520444e-01
   1.9199054e+06  -1.1076654e-01
   1.9199056e+06  -7.5265282e-02
   1.9199056e+06  -3.8992237e-02
   1.9199058e+06  -2.2683984e-03
   1.9199059e+06   3.4501286e-02
   1.9199059e+06   7.0880997e-02
   1.9199061e+06   1.0645462e-01
   1.9199061e+06   1.4083173e-01
   1.9199062e+06   1.7358853e-01
   1.9199064e+06   2.0422010e-01
   1.9199064e+06   2.3220637e-01
   1.9199066e+06   2.5715004e-01
   1.9199066e+06   2.7883084e-01
   1.9199068e+06   2.9711969e-01
   1.9199069e+06   3.1192755e-01
   1.9199069e+06   3.2325580e-01
   1.9199071e+06   3.3109457e-01
   1.9199071e+06   3.3522259e-01
   1.9199072e+06   3.3534746e-01
   1.9199074e+06   3.3144201e-01
   1.9199074e+06   3.2373031e-01
   1.9199076e+06   3.1246044e-01
   1.9199076e+06   2.9787611e-01
   1.9199078e+06   2.8024136e-01
   1.9199079e+06   2.5975181e-01
   1.9199079e+06   2.3653954e-01
   1.9199081e+06   2.1080644e-01
   1.9199081e+06   1.8285426e-01
   1.9199082e+06   1.5298273e-01
   1.9199084e+06   1.2146203e-01
   1.9199084e+06   8.8607611e-02
   1.9199086e+06   5.4787558e-02
   1.9199086e+06   2.0421695e-02
   1.9199088e+06  -1.3928991e-02
   1.9199089e+06  -4.7666479e-02
   1.9199089e+06  -8.0436113e-02
   1.9199091e+06  -1.1204265e-01
   1.9199091e+06  -1.4216375e-01
   1.9199092e+06  -1.7046046e-01
   1.9199094e+06  -1.9670664e-01
   1.9199094e+06  -2.2053511e-01
   1.9199096e+06  -2.4143224e-01
   1.9199096e+06  -2.5910216e-01
   1.9199098e+06  -2.7348031e-01
   1.9199099e+06  -2.8449642e-01
   1.9199099e+06  -2.9211254e-01
   1.9199101e+06  -2.9638436e-01
   1.9199101e+06  -2.9733616e-01
   1.9199102e+06  -2.9495825e-01
   1.9199104e+06  -2.8933110e-01
   1.9199104e+06  -2.8063997e-01
   1.9199106e+06  -2.6909863e-01
   1.9199106e+06  -2.5486677e-01
   1.9199108e+06  -2.3803854e-01
   1.9199109e+06  -2.1876307e-01
   1.9199109e+06  -1.9731568e-01
   1.9199111e+06  -1.7397330e-01
   1.9199111e+06  -1.4892642e-01
   1.9199112e+06  -1.2241390e-01
   1.9199114e+06  -9.4857369e-02
   1.9199114e+06  -6.6775086e-02
   1.9199116e+06  -3.8601687e-02
   1.9199116e+06  -1.0604971e-02
   1.9199118e+06   1.7052963e-02
   1.9199119e+06   4.4125475e-02
   1.9199119e+06   7.0171581e-02
   1.9199121e+06   9.4761860e-02
   1.9199121e+06   1.1769127e-01
   1.9199122e+06   1.3883087e-01
   1.9199124e+06   1.5798423e-01
   1.9199124e+06   1.7500425e-01
   1.9199126e+06   1.8978079e-01
   1.9199126e+06   2.0215257e-01
   1.9199128e+06   2.1207652e-01
   1.9199129e+06   2.1967346e-01
   1.9199129e+06   2.2499365e-01
   1.9199131e+06   2.2802707e-01
   1.9199131e+06   2.2884363e-01
   1.9199132e+06   2.2745390e-01
   1.9199134e+06   2.2376743e-01
   1.9199134e+06   2.1782138e-01
   1.9199136e+06   2.0983100e-01
   1.9199136e+06   2.0006085e-01
   1.9199138e+06   1.8873407e-01
   1.9199139e+06   1.7592227e-01
   1.9199139e+06   1.6157790e-01
   1.9199141e+06   1.4575121e-01
   1.9199141e+06   1.2862333e-01
   1.9199142e+06   1.1041459e-01
   1.9199144e+06   9.1427185e-02
   1.9199144e+06   7.1985794e-02
   1.9199146e+06   5.2272824e-02
   1.9199146e+06   3.2407970e-02
   1.9199148e+06   1.2590289e-02
   1.9199149e+06  -6.9547967e-03
   1.9199149e+06  -2.5978666e-02
   1.9199151e+06  -4.4146072e-02
   1.9199151e+06  -6.1152596e-02
   1.9199152e+06  -7.6854105e-02
   1.9199154e+06  -9.1191904e-02
   1.9199154e+06  -1.0408815e-01
   1.9199156e+06  -1.1544404e-01
   1.9199156e+06  -1.2518486e-01
   1.9199158e+06  -1.3335342e-01
   1.9199159e+06  -1.4017573e-01
   1.9199159e+06  -1.4590904e-01
   1.9199161e+06  -1.5058670e-01
   1.9199161e+06  -1.5405042e-01
   1.9199162e+06  -1.5623383e-01
   1.9199164e+06  -1.5722736e-01
   1.9199164e+06  -1.5709594e-01
   1.9199166e+06  -1.5583924e-01
   1.9199166e+06  -1.5347228e-01
   1.9199168e+06  -1.5000927e-01
   1.9199169e+06  -1.4547055e-01
   1.9199169e+06  -1.3993208e-01
   1.9199171e+06  -1.3346436e-01
   1.9199171e+06  -1.2610513e-01
   1.9199172e+06  -1.1794249e-01
   1.9199174e+06  -1.0908785e-01
   1.9199174e+06  -9.9592440e-02
   1.9199176e+06  -8.9492588e-02
   1.9199176e+06  -7.8869707e-02
   1.9199178e+06  -6.7875530e-02
   1.9199179e+06  -5.6745498e-02
   1.9199179e+06  -4.5649012e-02
   1.9199181e+06  -3.4516613e-02
   1.9199181e+06  -2.3165101e-02
   1.9199182e+06  -1.1535985e-02
   1.9199184e+06   2.4866666e-04
   1.9199184e+06   1.1971789e-02
   1.9199186e+06   2.3513216e-02
   1.9199186e+06   3.4961032e-02
   1.9199188e+06   4.6370084e-02
   1.9199189e+06   5.7553688e-02
   1.9199189e+06   6.8308488e-02
   1.9199191e+06   7.8589039e-02
   1.9199191e+06   8.8362005e-02
   1.9199192e+06   9.7581241e-02
   1.9199194e+06   1.0627350e-01
   1.9199194e+06   1.1446152e-01
   1.9199196e+06   1.2213069e-01
   1.9199196e+06   1.2923698e-01
   1.9199198e+06   1.3559291e-01
   1.9199199e+06   1.4096315e-01
   1.9199199e+06   1.4531240e-01
   1.9199201e+06   1.4866661e-01
   1.9199201e+06   1.5092039e-01
   1.9199202e+06   1.5206909e-01
   1.9199204e+06   1.5226979e-01
   1.9199204e+06   1.5150557e-01
   1.9199206e+06   1.4960058e-01
   1.9199206e+06   1.4653315e-01
   1.9199208e+06   1.4233615e-01
   1.9199209e+06   1.3685275e-01
   1.9199209e+06   1.2990827e-01
   1.9199211e+06   1.2154047e-01
   1.9199211e+06   1.1188692e-01
   1.9199212e+06   1.0103573e-01
   1.9199214e+06   8.9085542e-02
   1.9199214e+06   7.6185961e-02
   1.9199216e+06   6.2423805e-02
   1.9199216e+06   4.7744427e-02
   1.9199218e+06   3.2033646e-02
   1.9199219e+06   1.5267662e-02
   1.9199219e+06  -2.4108285e-03
   1.9199221e+06  -2.0780360e-02
   1.9199221e+06  -3.9665793e-02
   1.9199222e+06  -5.8834924e-02
   1.9199224e+06  -7.7839044e-02
   1.9199224e+06  -9.6226411e-02
   1.9199226e+06  -1.1385992e-01
   1.9199226e+06  -1.3077698e-01
   1.9199228e+06  -1.4686400e-01
   1.9199229e+06  -1.6188523e-01
   1.9199229e+06  -1.7569211e-01
   1.9199231e+06  -1.8822553e-01
   1.9199231e+06  -1.9933444e-01
   1.9199232e+06  -2.0868729e-01
   1.9199234e+06  -2.1595361e-01
   1.9199234e+06  -2.2100950e-01
   1.9199236e+06  -2.2384782e-01
   1.9199236e+06  -2.2444405e-01
   1.9199238e+06  -2.2280496e-01
   1.9199239e+06  -2.1890130e-01
   1.9199239e+06  -2.1255810e-01
   1.9199241e+06  -2.0367326e-01
   1.9199241e+06  -1.9239592e-01
   1.9199242e+06  -1.7889450e-01
   1.9199244e+06  -1.6320389e-01
   1.9199244e+06  -1.4540167e-01
   1.9199246e+06  -1.2568570e-01
   1.9199246e+06  -1.0426224e-01
   1.9199248e+06  -8.1313354e-02
   1.9199249e+06  -5.7037622e-02
   1.9199249e+06  -3.1656472e-02
   1.9199251e+06  -5.4164740e-03
   1.9199251e+06   2.1397185e-02
   1.9199252e+06   4.8479964e-02
   1.9199254e+06   7.5558793e-02
   1.9199254e+06   1.0237959e-01
   1.9199256e+06   1.2862463e-01
   1.9199256e+06   1.5392592e-01
   1.9199258e+06   1.7796346e-01
   1.9199259e+06   2.0046407e-01
   1.9199259e+06   2.2115151e-01
   1.9199261e+06   2.3972552e-01
   1.9199261e+06   2.5581022e-01
   1.9199262e+06   2.6902047e-01
   1.9199264e+06   2.7915811e-01
   1.9199264e+06   2.8616795e-01
   1.9199266e+06   2.8993820e-01
   1.9199266e+06   2.9037422e-01
   1.9199268e+06   2.8754045e-01
   1.9199269e+06   2.8156792e-01
   1.9199269e+06   2.7257970e-01
   1.9199271e+06   2.6070379e-01
   1.9199271e+06   2.4600655e-01
   1.9199272e+06   2.2850400e-01
   1.9199274e+06   2.0827771e-01
   1.9199274e+06   1.8547962e-01
   1.9199276e+06   1.6031707e-01
   1.9199276e+06   1.3307815e-01
   1.9199278e+06   1.0403587e-01
   1.9199279e+06   7.3394385e-02
   1.9199279e+06   4.1423634e-02
   1.9199281e+06   8.4886205e-03
   1.9199281e+06  -2.5073139e-02
   1.9199282e+06  -5.8932590e-02
   1.9199284e+06  -9.2658557e-02
   1.9199284e+06  -1.2572922e-01
   1.9199286e+06  -1.5763438e-01
   1.9199286e+06  -1.8796612e-01
   1.9199288e+06  -2.1639773e-01
   1.9199289e+06  -2.4255446e-01
   1.9199289e+06  -2.6600663e-01
   1.9199291e+06  -2.8641722e-01
   1.9199291e+06  -3.0357829e-01
   1.9199292e+06  -3.1732666e-01
   1.9199294e+06  -3.2750948e-01
   1.9199294e+06  -3.3395631e-01
   1.9199296e+06  -3.3646476e-01
   1.9199296e+06  -3.3491750e-01
   1.9199298e+06  -3.2939100e-01
   1.9199299e+06  -3.2006460e-01
   1.9199299e+06  -3.0707059e-01
   1.9199301e+06  -2.9051915e-01
   1.9199301e+06  -2.7063164e-01
   1.9199302e+06  -2.4769607e-01
   1.9199304e+06  -2.2186020e-01
   1.9199304e+06  -1.9316753e-01
   1.9199306e+06  -1.6185047e-01
   1.9199306e+06  -1.2839869e-01
   1.9199308e+06  -9.3396645e-02
   1.9199309e+06  -5.7470989e-02
   1.9199309e+06  -2.1204607e-02
   1.9199311e+06   1.5039692e-02
   1.9199311e+06   5.1021597e-02
   1.9199312e+06   8.6414174e-02
   1.9199314e+06   1.2086914e-01
   1.9199314e+06   1.5406897e-01
   1.9199316e+06   1.8562511e-01
   1.9199316e+06   2.1517160e-01
   1.9199318e+06   2.4247713e-01
   1.9199319e+06   2.6726726e-01
   1.9199319e+06   2.8913285e-01
   1.9199321e+06   3.0771631e-01
   1.9199321e+06   3.2280944e-01
   1.9199322e+06   3.3427773e-01
   1.9199324e+06   3.4200966e-01
   1.9199324e+06   3.4593176e-01
   1.9199326e+06   3.4600573e-01
   1.9199326e+06   3.4210754e-01
   1.9199328e+06   3.3398163e-01
   1.9199329e+06   3.2154831e-01
   1.9199329e+06   3.0512931e-01
   1.9199331e+06   2.8514459e-01
   1.9199331e+06   2.6186343e-01
   1.9199332e+06   2.3560439e-01
   1.9199334e+06   2.0681004e-01
   1.9199334e+06   1.7584732e-01
   1.9199336e+06   1.4300205e-01
   1.9199336e+06   1.0864023e-01
   1.9199338e+06   7.3242518e-02
   1.9199339e+06   3.7299046e-02
   1.9199339e+06   1.1826065e-03
   1.9199341e+06  -3.4812475e-02
   1.9199341e+06  -7.0311659e-02
   1.9199342e+06  -1.0488276e-01
   1.9199344e+06  -1.3813008e-01
   1.9199344e+06  -1.6963998e-01
   1.9199346e+06  -1.9899513e-01
   1.9199346e+06  -2.2585089e-01
   1.9199348e+06  -2.4988382e-01
   1.9199349e+06  -2.7083697e-01
   1.9199349e+06  -2.8860261e-01
   1.9199351e+06  -3.0304200e-01
   1.9199351e+06  -3.1392542e-01
   1.9199352e+06  -3.2115184e-01
   1.9199354e+06  -3.2469674e-01
   1.9199354e+06  -3.2443689e-01
   1.9199356e+06  -3.2032842e-01
   1.9199356e+06  -3.1254026e-01
   1.9199358e+06  -3.0130947e-01
   1.9199359e+06  -2.8686422e-01
   1.9199359e+06  -2.6937878e-01
   1.9199361e+06  -2.4897941e-01
   1.9199361e+06  -2.2597704e-01
   1.9199362e+06  -2.0086203e-01
   1.9199364e+06  -1.7395592e-01
   1.9199364e+06  -1.4541965e-01
   1.9199366e+06  -1.1550042e-01
   1.9199366e+06  -8.4480676e-02
   1.9199368e+06  -5.2702365e-02
   1.9199369e+06  -2.0725112e-02
   1.9199369e+06   1.0932556e-02
   1.9199371e+06   4.2059822e-02
   1.9199371e+06   7.2496920e-02
   1.9199372e+06   1.0194072e-01
   1.9199374e+06   1.3006855e-01
   1.9199374e+06   1.5651203e-01
   1.9199376e+06   1.8082048e-01
   1.9199376e+06   2.0265088e-01
   1.9199378e+06   2.2179937e-01
   1.9199379e+06   2.3807665e-01
   1.9199379e+06   2.5139194e-01
   1.9199381e+06   2.6180147e-01
   1.9199381e+06   2.6928355e-01
   1.9199382e+06   2.7364575e-01
   1.9199384e+06   2.7475571e-01
   1.9199384e+06   2.7272354e-01
   1.9199386e+06   2.6780080e-01
   1.9199386e+06   2.6016620e-01
   1.9199388e+06   2.4987944e-01
   1.9199389e+06   2.3704365e-01
   1.9199389e+06   2.2189147e-01
   1.9199391e+06   2.0466864e-01
   1.9199391e+06   1.8557639e-01
   1.9199392e+06   1.6484412e-01
   1.9199394e+06   1.4270810e-01
   1.9199394e+06   1.1934820e-01
   1.9199396e+06   9.4964133e-02
   1.9199396e+06   6.9860797e-02
   1.9199398e+06   4.4428371e-02
   1.9199399e+06   1.9111617e-02
   1.9199399e+06  -5.6620055e-03
   1.9199401e+06  -2.9614708e-02
   1.9199401e+06  -5.2603819e-02
   1.9199402e+06  -7.4450502e-02
   1.9199404e+06  -9.4899324e-02
   1.9199404e+06  -1.1374132e-01
   1.9199406e+06  -1.3086101e-01
   1.9199406e+06  -1.4620185e-01
   1.9199408e+06  -1.5977231e-01
   1.9199409e+06  -1.7157009e-01
   1.9199409e+06  -1.8142695e-01
   1.9199411e+06  -1.8912144e-01
   1.9199411e+06  -1.9467703e-01
   1.9199412e+06  -1.9829226e-01
   1.9199414e+06  -2.0004273e-01
   1.9199414e+06  -1.9994017e-01
   1.9199416e+06  -1.9809568e-01
   1.9199416e+06  -1.9456761e-01
   1.9199418e+06  -1.8930553e-01
   1.9199419e+06  -1.8235723e-01
   1.9199419e+06  -1.7386995e-01
   1.9199421e+06  -1.6396104e-01
   1.9199421e+06  -1.5278697e-01
   1.9199422e+06  -1.4054711e-01
   1.9199424e+06  -1.2732514e-01
   1.9199424e+06  -1.1312986e-01
   1.9199426e+06  -9.8107249e-02
   1.9199426e+06  -8.2581484e-02
   1.9199428e+06  -6.6857322e-02
   1.9199429e+06  -5.1011791e-02
   1.9199429e+06  -3.4972000e-02
   1.9199431e+06  -1.8788498e-02
   1.9199431e+06  -2.6923369e-03
   1.9199432e+06   1.3025273e-02
   1.9199434e+06   2.8067618e-02
   1.9199434e+06   4.2242660e-02
   1.9199436e+06   5.5512550e-02
   1.9199436e+06   6.7783783e-02
   1.9199438e+06   7.8896685e-02
   1.9199439e+06   8.8913480e-02
   1.9199439e+06   9.8050073e-02
   1.9199441e+06   1.0637175e-01
   1.9199441e+06   1.1385941e-01
   1.9199442e+06   1.2054457e-01
   1.9199444e+06   1.2638991e-01
   1.9199444e+06   1.3128891e-01
   1.9199446e+06   1.3520049e-01
   1.9199446e+06   1.3811633e-01
   1.9199448e+06   1.4000657e-01
   1.9199449e+06   1.4090444e-01
   1.9199449e+06   1.4096284e-01
   1.9199451e+06   1.4034408e-01
   1.9199451e+06   1.3902793e-01
   1.9199452e+06   1.3682725e-01
   1.9199454e+06   1.3363898e-01
   1.9199454e+06   1.2949150e-01
   1.9199456e+06   1.2436254e-01
   1.9199456e+06   1.1823075e-01
   1.9199458e+06   1.1124202e-01
   1.9199459e+06   1.0361669e-01
   1.9199459e+06   9.5521131e-02
   1.9199461e+06   8.7074025e-02
   1.9199461e+06   7.8295424e-02
   1.9199462e+06   6.9085069e-02
   1.9199464e+06   5.9334095e-02
   1.9199464e+06   4.8956636e-02
   1.9199466e+06   3.7861976e-02
   1.9199466e+06   2.6059239e-02
   1.9199468e+06   1.3729097e-02
   1.9199469e+06   1.0835220e-03
   1.9199469e+06  -1.1772165e-02
   1.9199471e+06  -2.4774494e-02
   1.9199471e+06  -3.7806911e-02
   1.9199472e+06  -5.0771001e-02
   1.9199474e+06  -6.3658735e-02
   1.9199474e+06  -7.6442025e-02
   1.9199476e+06  -8.8972212e-02
   1.9199476e+06  -1.0105988e-01
   1.9199478e+06  -1.1258189e-01
   1.9199479e+06  -1.2350005e-01
   1.9199479e+06  -1.3380882e-01
   1.9199481e+06  -1.4342922e-01
   1.9199481e+06  -1.5217810e-01
   1.9199482e+06  -1.5986959e-01
   1.9199484e+06  -1.6637879e-01
   1.9199484e+06  -1.7162948e-01
   1.9199486e+06  -1.7558058e-01
   1.9199486e+06  -1.7814389e-01
   1.9199488e+06  -1.7912226e-01
   1.9199489e+06  -1.7835496e-01
   1.9199489e+06  -1.7586034e-01
   1.9199491e+06  -1.7171524e-01
   1.9199491e+06  -1.6587045e-01
   1.9199492e+06  -1.5817593e-01
   1.9199494e+06  -1.4856071e-01
   1.9199494e+06  -1.3712615e-01
   1.9199496e+06  -1.2401460e-01
   1.9199496e+06  -1.0924979e-01
   1.9199498e+06  -9.2840413e-02
   1.9199499e+06  -7.4999564e-02
   1.9199499e+06  -5.6086362e-02
   1.9199501e+06  -3.6324023e-02
   1.9199501e+06  -1.5752149e-02
   1.9199502e+06   5.5027111e-03
   1.9199504e+06   2.7127576e-02
   1.9199504e+06   4.8874578e-02
   1.9199506e+06   7.0644867e-02
   1.9199506e+06   9.2236203e-02
   1.9199508e+06   1.1329284e-01
   1.9199509e+06   1.3352714e-01
   1.9199509e+06   1.5272931e-01
   1.9199511e+06   1.7064426e-01
   1.9199511e+06   1.8707019e-01
   1.9199512e+06   2.0196544e-01
   1.9199514e+06   2.1530918e-01
   1.9199514e+06   2.2693130e-01
   1.9199516e+06   2.3654105e-01
   1.9199516e+06   2.4390061e-01
   1.9199518e+06   2.4891701e-01
   1.9199519e+06   2.5150811e-01
   1.9199519e+06   2.5146536e-01
   1.9199521e+06   2.4857569e-01
   1.9199521e+06   2.4278783e-01
   1.9199522e+06   2.3413235e-01
   1.9199524e+06   2.2258483e-01
   1.9199524e+06   2.0813755e-01
   1.9199526e+06   1.9091869e-01
   1.9199526e+06   1.7112830e-01
   1.9199528e+06   1.4894493e-01
   1.9199529e+06   1.2459536e-01
   1.9199529e+06   9.8412768e-02
   1.9199531e+06   7.0759303e-02
   1.9199531e+06   4.2009897e-02
   1.9199532e+06   1.2600462e-02
   1.9199534e+06  -1.7069288e-02
   1.9199534e+06  -4.6761195e-02
   1.9199536e+06  -7.6336197e-02
   1.9199536e+06  -1.0560976e-01
   1.9199538e+06  -1.3427154e-01
   1.9199539e+06  -1.6189683e-01
   1.9199539e+06  -1.8805024e-01
   1.9199541e+06  -2.1235389e-01
   1.9199541e+06  -2.3445764e-01
   1.9199542e+06  -2.5407360e-01
   1.9199544e+06  -2.7105069e-01
   1.9199544e+06  -2.8530173e-01
   1.9199546e+06  -2.9668882e-01
   1.9199546e+06  -3.0501303e-01
   1.9199548e+06  -3.1001310e-01
   1.9199549e+06  -3.1139721e-01
   1.9199549e+06  -3.0900037e-01
   1.9199551e+06  -3.0287847e-01
   1.9199551e+06  -2.9319166e-01
   1.9199552e+06  -2.8005815e-01
   1.9199554e+06  -2.6355422e-01
   1.9199554e+06  -2.4384565e-01
   1.9199556e+06  -2.2131135e-01
   1.9199556e+06  -1.9642994e-01
   1.9199558e+06  -1.6947848e-01
   1.9199559e+06  -1.4050350e-01
   1.9199559e+06  -1.0963128e-01
   1.9199561e+06  -7.7165928e-02
   1.9199561e+06  -4.3416918e-02
   1.9199562e+06  -8.7541536e-03
   1.9199564e+06   2.6275019e-02
   1.9199564e+06   6.1185397e-02
   1.9199566e+06   9.5708343e-02
   1.9199566e+06   1.2955156e-01
   1.9199568e+06   1.6231729e-01
   1.9199569e+06   1.9364575e-01
   1.9199569e+06   2.2311071e-01
   1.9199571e+06   2.5014343e-01
   1.9199571e+06   2.7429724e-01
   1.9199572e+06   2.9533880e-01
   1.9199574e+06   3.1302576e-01
   1.9199574e+06   3.2707078e-01
   1.9199576e+06   3.3725952e-01
   1.9199576e+06   3.4342520e-01
   1.9199578e+06   3.4544399e-01
   1.9199579e+06   3.4332268e-01
   1.9199579e+06   3.3716717e-01
   1.9199581e+06   3.2709225e-01
   1.9199581e+06   3.1324674e-01
   1.9199582e+06   2.9584310e-01
   1.9199584e+06   2.7507894e-01
   1.9199584e+06   2.5109958e-01
   1.9199586e+06   2.2410181e-01
   1.9199586e+06   1.9440162e-01
   1.9199588e+06   1.6236491e-01
   1.9199589e+06   1.2838572e-01
   1.9199589e+06   9.2950722e-02
   1.9199591e+06   5.6593073e-02
   1.9199591e+06   1.9779360e-02
   1.9199592e+06  -1.7074512e-02
   1.9199594e+06  -5.3527615e-02
   1.9199594e+06  -8.9136809e-02
   1.9199596e+06  -1.2353650e-01
   1.9199596e+06  -1.5643023e-01
   1.9199598e+06  -1.8749275e-01
   1.9199599e+06  -2.1638532e-01
   1.9199599e+06  -2.4287513e-01
   1.9199601e+06  -2.6675137e-01
   1.9199601e+06  -2.8765770e-01
   1.9199602e+06  -3.0524333e-01
   1.9199604e+06  -3.1938488e-01
   1.9199604e+06  -3.3008820e-01
   1.9199606e+06  -3.3730988e-01
   1.9199606e+06  -3.4089286e-01
   1.9199608e+06  -3.4056018e-01
   1.9199609e+06  -3.3609268e-01
   1.9199609e+06  -3.2752294e-01
   1.9199611e+06  -3.1503247e-01
   1.9199611e+06  -2.9885166e-01
   1.9199612e+06  -2.7930904e-01
   1.9199614e+06  -2.5667193e-01
   1.9199614e+06  -2.3102895e-01
   1.9199616e+06  -2.0258404e-01
   1.9199616e+06  -1.7182716e-01
   1.9199618e+06  -1.3930027e-01
   1.9199619e+06  -1.0546111e-01
   1.9199619e+06  -7.0738379e-02
   1.9199621e+06  -3.5553703e-02
   1.9199621e+06  -3.7031250e-04
   1.9199622e+06   3.4342582e-02
   1.9199624e+06   6.8269575e-02
   1.9199624e+06   1.0115608e-01
   1.9199626e+06   1.3258742e-01
   1.9199626e+06   1.6214709e-01
   1.9199628e+06   1.8965778e-01
   1.9199629e+06   2.1500570e-01
   1.9199629e+06   2.3789407e-01
   1.9199631e+06   2.5792620e-01
   1.9199631e+06   2.7479689e-01
   1.9199632e+06   2.8836125e-01
   1.9199634e+06   2.9859408e-01
   1.9199634e+06   3.0547807e-01
   1.9199636e+06   3.0894541e-01
   1.9199636e+06   3.0892786e-01
   1.9199638e+06   3.0536918e-01
   1.9199639e+06   2.9823996e-01
   1.9199639e+06   2.8766992e-01
   1.9199641e+06   2.7392920e-01
   1.9199641e+06   2.5718727e-01
   1.9199642e+06   2.3754470e-01
   1.9199644e+06   2.1532084e-01
   1.9199644e+06   1.9098918e-01
   1.9199646e+06   1.6492735e-01
   1.9199646e+06   1.3752420e-01
   1.9199648e+06   1.0927384e-01
   1.9199649e+06   8.0520854e-02
   1.9199649e+06   5.1406090e-02
   1.9199651e+06   2.2136207e-02
   1.9199651e+06  -6.9622313e-03
   1.9199652e+06  -3.5547042e-02
   1.9199654e+06  -6.3235985e-02
   1.9199654e+06  -8.9697875e-02
   1.9199656e+06  -1.1480989e-01
   1.9199656e+06  -1.3846859e-01
   1.9199658e+06  -1.6033975e-01
   1.9199659e+06  -1.8003616e-01
   1.9199659e+06  -1.9737732e-01
   1.9199661e+06  -2.1230117e-01
   1.9199661e+06  -2.2470755e-01
   1.9199662e+06  -2.3450432e-01
   1.9199664e+06  -2.4167048e-01
   1.9199664e+06  -2.4620348e-01
   1.9199666e+06  -2.4803875e-01
   1.9199666e+06  -2.4706196e-01
   1.9199668e+06  -2.4327087e-01
   1.9199669e+06  -2.3689045e-01
   1.9199669e+06  -2.2822602e-01
   1.9199671e+06  -2.1750153e-01
   1.9199671e+06  -2.0490191e-01
   1.9199672e+06  -1.9056851e-01
   1.9199674e+06  -1.7455860e-01
   1.9199674e+06  -1.5701676e-01
   1.9199676e+06  -1.3822701e-01
   1.9199676e+06  -1.1836087e-01
   1.9199678e+06  -9.7475645e-02
   1.9199679e+06  -7.5799315e-02
   1.9199679e+06  -5.3737144e-02
   1.9199681e+06  -3.1714615e-02
   1.9199681e+06  -1.0150173e-02
   1.9199682e+06   1.0667072e-02
   1.9199684e+06   3.0669611e-02
   1.9199684e+06   4.9789419e-02
   1.9199686e+06   6.7838184e-02
   1.9199686e+06   8.4715912e-02
   1.9199688e+06   1.0045543e-01
   1.9199689e+06   1.1499263e-01
   1.9199689e+06   1.2808550e-01
   1.9199691e+06   1.3948005e-01
   1.9199691e+06   1.4907472e-01
   1.9199692e+06   1.5691909e-01
   1.9199694e+06   1.6310846e-01
   1.9199694e+06   1.6773560e-01
   1.9199696e+06   1.7089346e-01
   1.9199696e+06   1.7265388e-01
   1.9199698e+06   1.7306943e-01
   1.9199699e+06   1.7216238e-01
   1.9199699e+06   1.6985922e-01
   1.9199701e+06   1.6603097e-01
   1.9199701e+06   1.6065339e-01
   1.9199702e+06   1.5388242e-01
   1.9199704e+06   1.4598283e-01
   1.9199704e+06   1.3717572e-01
   1.9199706e+06   1.2755775e-01
   1.9199706e+06   1.1722098e-01
   1.9199708e+06   1.0632263e-01
   1.9199709e+06   9.4935902e-02
   1.9199709e+06   8.3043561e-02
   1.9199711e+06   7.0721832e-02
   1.9199711e+06   5.8119003e-02
   1.9199712e+06   4.5340841e-02
   1.9199714e+06   3.2496747e-02
   1.9199714e+06   1.9695092e-02
   1.9199716e+06   6.9861055e-03
   1.9199716e+06  -5.5497150e-03
   1.9199718e+06  -1.7759821e-02
   1.9199719e+06  -2.9518038e-02
   1.9199719e+06  -4.0758300e-02
   1.9199721e+06  -5.1462829e-02
   1.9199721e+06  -6.1664157e-02
   1.9199722e+06  -7.1388566e-02
   1.9199724e+06  -8.0625776e-02
   1.9199724e+06  -8.9367663e-02
   1.9199726e+06  -9.7619808e-02
   1.9199726e+06  -1.0540479e-01
   1.9199728e+06  -1.1274147e-01
   1.9199729e+06  -1.1957487e-01
   1.9199729e+06  -1.2578541e-01
   1.9199731e+06  -1.3123344e-01
   1.9199731e+06  -1.3575313e-01
   1.9199732e+06  -1.3925754e-01
   1.9199734e+06  -1.4182233e-01
   1.9199734e+06  -1.4348291e-01
   1.9199736e+06  -1.4411087e-01
   1.9199736e+06  -1.4363664e-01
   1.9199738e+06  -1.4215849e-01
   1.9199739e+06  -1.3975336e-01
   1.9199739e+06  -1.3635758e-01
   1.9199741e+06  -1.3184971e-01
   1.9199741e+06  -1.2620114e-01
   1.9199742e+06  -1.1953160e-01
   1.9199744e+06  -1.1197467e-01
   1.9199744e+06  -1.0356747e-01
   1.9199746e+06  -9.4318503e-02
   1.9199746e+06  -8.4241770e-02
   1.9199748e+06  -7.3331650e-02
   1.9199749e+06  -6.1592185e-02
   1.9199749e+06  -4.8993431e-02
   1.9199751e+06  -3.5461691e-02
   1.9199751e+06  -2.1072096e-02
   1.9199752e+06  -6.0667748e-03
   1.9199754e+06   9.3954516e-03
   1.9199754e+06   2.5251465e-02
   1.9199756e+06   4.1372684e-02
   1.9199756e+06   5.7620459e-02
   1.9199758e+06   7.3863801e-02
   1.9199759e+06   8.9860092e-02
   1.9199759e+06   1.0539781e-01
   1.9199761e+06   1.2048219e-01
   1.9199761e+06   1.3508951e-01
   1.9199762e+06   1.4891431e-01
   1.9199764e+06   1.6160594e-01
   1.9199764e+06   1.7304282e-01
   1.9199766e+06   1.8318708e-01
   1.9199766e+06   1.9188594e-01
   1.9199768e+06   1.9897133e-01
   1.9199769e+06   2.0436242e-01
   1.9199769e+06   2.0794649e-01
   1.9199771e+06   2.0950460e-01
   1.9199771e+06   2.0879751e-01
   1.9199772e+06   2.0562511e-01
   1.9199774e+06   1.9988760e-01
   1.9199774e+06   1.9169478e-01
   1.9199776e+06   1.8129616e-01
   1.9199776e+06   1.6887475e-01
   1.9199778e+06   1.5453175e-01
   1.9199779e+06   1.3837179e-01
   1.9199779e+06   1.2044280e-01
   1.9199781e+06   1.0073402e-01
   1.9199781e+06   7.9371773e-02
   1.9199782e+06   5.6680077e-02
   1.9199784e+06   3.2977996e-02
   1.9199784e+06   8.4874608e-03
   1.9199786e+06  -1.6494798e-02
   1.9199786e+06  -4.1542556e-02
   1.9199788e+06  -6.6338555e-02
   1.9199789e+06  -9.0768978e-02
   1.9199789e+06  -1.1466008e-01
   1.9199791e+06  -1.3766804e-01
   1.9199791e+06  -1.5955716e-01
   1.9199792e+06  -1.8030331e-01
   1.9199794e+06  -1.9979231e-01
   1.9199794e+06  -2.1765811e-01
   1.9199796e+06  -2.3347945e-01
   1.9199796e+06  -2.4695363e-01
   1.9199798e+06  -2.5791511e-01
   1.9199799e+06  -2.6633743e-01
   1.9199799e+06  -2.7225105e-01
   1.9199801e+06  -2.7557292e-01
   1.9199801e+06  -2.7607439e-01
   1.9199802e+06  -2.7350393e-01
   1.9199804e+06  -2.6768958e-01
   1.9199804e+06  -2.5861383e-01
   1.9199806e+06  -2.4642151e-01
   1.9199806e+06  -2.3123254e-01
   1.9199808e+06  -2.1301269e-01
   1.9199809e+06  -1.9180230e-01
   1.9199809e+06  -1.6790485e-01
   1.9199811e+06  -1.4165808e-01
   1.9199811e+06  -1.1328869e-01
   1.9199812e+06  -8.3161755e-02
   1.9199814e+06  -5.1834063e-02
   1.9199814e+06  -1.9746140e-02
   1.9199816e+06   1.2832774e-02
   1.9199816e+06   4.5578126e-02
   1.9199818e+06   7.8087552e-02
   1.9199819e+06   1.0997908e-01
   1.9199819e+06   1.4086402e-01
   1.9199821e+06   1.7034575e-01
   1.9199821e+06   1.9807805e-01
   1.9199822e+06   2.2375810e-01
   1.9199824e+06   2.4711017e-01
   1.9199824e+06   2.6788079e-01
   1.9199826e+06   2.8583445e-01
   1.9199826e+06   3.0080884e-01
   1.9199828e+06   3.1268374e-01
   1.9199829e+06   3.2122506e-01
   1.9199829e+06   3.2614738e-01
   1.9199831e+06   3.2733603e-01
   1.9199831e+06   3.2477496e-01
   1.9199832e+06   3.1835880e-01
   1.9199834e+06   3.0800717e-01
   1.9199834e+06   2.9383368e-01
   1.9199836e+06   2.7608990e-01
   1.9199836e+06   2.5507759e-01
   1.9199838e+06   2.3112387e-01
   1.9199839e+06   2.0454688e-01
   1.9199839e+06   1.7564549e-01
   1.9199841e+06   1.4469553e-01
   1.9199841e+06   1.1195477e-01
   1.9199842e+06   7.7768469e-02
   1.9199844e+06   4.2638526e-02
   1.9199844e+06   7.0740939e-03
   1.9199846e+06  -2.8577642e-02
   1.9199846e+06  -6.4090644e-02
   1.9199848e+06  -9.9236681e-02
   1.9199849e+06  -1.3372622e-01
   1.9199849e+06  -1.6714668e-01
   1.9199851e+06  -1.9892383e-01
   1.9199851e+06  -2.2846679e-01
   1.9199852e+06  -2.5537881e-01
   1.9199854e+06  -2.7942556e-01
   1.9199854e+06  -3.0034173e-01
   1.9199856e+06  -3.1778642e-01
   1.9199856e+06  -3.3142837e-01
   1.9199858e+06  -3.4103104e-01
   1.9199859e+06  -3.4652439e-01
   1.9199859e+06  -3.4794700e-01
   1.9199861e+06  -3.4530666e-01
   1.9199861e+06  -3.3861679e-01
   1.9199862e+06  -3.2797303e-01
   1.9199864e+06  -3.1348838e-01
   1.9199864e+06  -2.9534623e-01
   1.9199866e+06  -2.7390030e-01
   1.9199866e+06  -2.4950354e-01
   1.9199868e+06  -2.2240682e-01
   1.9199869e+06  -1.9293089e-01
   1.9199869e+06  -1.6143462e-01
   1.9199871e+06  -1.2815039e-01
   1.9199871e+06  -9.3331952e-02
   1.9199872e+06  -5.7407281e-02
   1.9199874e+06  -2.0862963e-02
   1.9199874e+06   1.5830640e-02
   1.9199876e+06   5.2226344e-02
   1.9199876e+06   8.7937228e-02
   1.9199878e+06   1.2255012e-01
   1.9199879e+06   1.5556999e-01
   1.9199879e+06   1.8655203e-01
   1.9199881e+06   2.1515302e-01
   1.9199881e+06   2.4110300e-01
   1.9199882e+06   2.6425742e-01
   1.9199884e+06   2.8449221e-01
   1.9199884e+06   3.0149037e-01
   1.9199886e+06   3.1484718e-01
   1.9199886e+06   3.2436106e-01
   1.9199888e+06   3.3007133e-01
   1.9199889e+06   3.3206598e-01
   1.9199889e+06   3.3033639e-01
   1.9199891e+06   3.2484131e-01
   1.9199891e+06   3.1566857e-01
   1.9199892e+06   3.0301088e-01
   1.9199894e+06   2.8703190e-01
   1.9199894e+06   2.6791867e-01
   1.9199896e+06   2.4597465e-01
   1.9199896e+06   2.2151424e-01
   1.9199898e+06   1.9474167e-01
   1.9199899e+06   1.6580099e-01
   1.9199899e+06   1.3493666e-01
   1.9199901e+06   1.0262642e-01
   1.9199901e+06   6.9496876e-02
   1.9199902e+06   3.6061608e-02
   1.9199904e+06   2.6508928e-03
   1.9199904e+06  -3.0402284e-02
   1.9199906e+06  -6.2700488e-02
   1.9199906e+06  -9.3922013e-02
   1.9199908e+06  -1.2381626e-01
   1.9199909e+06  -1.5203757e-01
   1.9199909e+06  -1.7819191e-01
   1.9199911e+06  -2.0202690e-01
   1.9199911e+06  -2.2334210e-01
   1.9199912e+06  -2.4182546e-01
   1.9199914e+06  -2.5723025e-01
   1.9199914e+06  -2.6951498e-01
   1.9199916e+06  -2.7865493e-01
   1.9199916e+06  -2.8461135e-01
   1.9199918e+06  -2.8749548e-01
   1.9199919e+06  -2.8744896e-01
   1.9199919e+06  -2.8444443e-01
   1.9199921e+06  -2.7835207e-01
   1.9199921e+06  -2.6905955e-01
   1.9199922e+06  -2.5658785e-01
   1.9199924e+06  -2.4120635e-01
   1.9199924e+06  -2.2328003e-01
   1.9199926e+06  -2.0307072e-01
   1.9199926e+06  -1.8088207e-01
   1.9199928e+06  -1.5719904e-01
   1.9199929e+06  -1.3251501e-01
   1.9199929e+06  -1.0713588e-01
   1.9199931e+06  -8.1166190e-02
   1.9199931e+06  -5.4693032e-02
   1.9199932e+06  -2.8009919e-02
   1.9199934e+06  -1.5134772e-03
   1.9199934e+06   2.4523594e-02
   1.9199936e+06   4.9826463e-02
   1.9199936e+06   7.4007710e-02
   1.9199938e+06   9.6781640e-02
   1.9199939e+06   1.1799128e-01
   1.9199939e+06   1.3745074e-01
   1.9199941e+06   1.5505315e-01
   1.9199941e+06   1.7081424e-01
   1.9199942e+06   1.8462254e-01
   1.9199944e+06   1.9621222e-01
   1.9199944e+06   2.0540071e-01
   1.9199946e+06   2.1215974e-01
   1.9199946e+06   2.1654077e-01
   1.9199948e+06   2.1860662e-01
   1.9199949e+06   2.1837740e-01
   1.9199949e+06   2.1588592e-01
   1.9199951e+06   2.1127645e-01
   1.9199951e+06   2.0477153e-01
   1.9199952e+06   1.9657116e-01
   1.9199954e+06   1.8679912e-01
   1.9199954e+06   1.7554993e-01
   1.9199956e+06   1.6300358e-01
   1.9199956e+06   1.4937369e-01
   1.9199958e+06   1.3473247e-01
   1.9199959e+06   1.1908320e-01
   1.9199959e+06   1.0254952e-01
   1.9199961e+06   8.5334617e-02
   1.9199961e+06   6.7630438e-02
   1.9199962e+06   4.9606365e-02
   1.9199964e+06   3.1375360e-02
   1.9199964e+06   1.3102809e-02
   1.9199966e+06  -4.8601907e-03
   1.9199966e+06  -2.2175798e-02
   1.9199968e+06  -3.8683619e-02
   1.9199969e+06  -5.4231973e-02
   1.9199969e+06  -6.8678381e-02
   1.9199971e+06  -8.2042043e-02
   1.9199971e+06  -9.4328736e-02
   1.9199972e+06  -1.0540719e-01
   1.9199974e+06  -1.1523949e-01
   1.9199974e+06  -1.2390035e-01
   1.9199976e+06  -1.3134833e-01
   1.9199976e+06  -1.3747635e-01
   1.9199978e+06  -1.4228254e-01
   1.9199979e+06  -1.4582670e-01
   1.9199979e+06  -1.4816575e-01
   1.9199981e+06  -1.4939260e-01
   1.9199981e+06  -1.4963996e-01
   1.9199982e+06  -1.4899272e-01
   1.9199984e+06  -1.4740376e-01
   1.9199984e+06  -1.4478283e-01
   1.9199986e+06  -1.4116410e-01
   1.9199986e+06  -1.3665122e-01
   1.9199988e+06  -1.3128295e-01
   1.9199989e+06  -1.2509095e-01
   1.9199989e+06  -1.1813981e-01
   1.9199991e+06  -1.1047382e-01
   1.9199991e+06  -1.0217293e-01
   1.9199992e+06  -9.3349656e-02
   1.9199994e+06  -8.4015871e-02
   1.9199994e+06  -7.4139482e-02
   1.9199996e+06  -6.3791610e-02
   1.9199996e+06  -5.3088217e-02
   1.9199998e+06  -4.2099881e-02
   1.9199999e+06  -3.0876107e-02
   1.9199999e+06  -1.9503508e-02
   1.9200001e+06  -8.1581446e-03
