  -4.9937500e+00   9.5017481e-02
  -4.9812500e+00   9.5773650e-02
  -4.9687500e+00   9.6526220e-02
  -4.9562500e+00   9.7275172e-02
  -4.9437500e+00   9.8020622e-02
  -4.9312500e+00   9.8762709e-02
  -4.9187500e+00   9.9501585e-02
  -4.9062500e+00   1.0023693e-01
  -4.8937500e+00   1.0096865e-01
  -4.8812500e+00   1.0169672e-01
  -4.8687500e+00   1.0242089e-01
  -4.8562500e+00   1.0314100e-01
  -4.8437500e+00   1.0385669e-01
  -4.8312500e+00   1.0456748e-01
  -4.8187500e+00   1.0527307e-01
  -4.8062500e+00   1.0597341e-01
  -4.7937500e+00   1.0666877e-01
  -4.7812500e+00   1.0735923e-01
  -4.7687500e+00   1.0804481e-01
  -4.7562500e+00   1.0872593e-01
  -4.7437500e+00   1.0940281e-01
  -4.7312500e+00   1.1007534e-01
  -4.7187500e+00   1.1074326e-01
  -4.7062500e+00   1.1140637e-01
  -4.6937500e+00   1.1206443e-01
  -4.6812500e+00   1.1271774e-01
  -4.6687500e+00   1.1336636e-01
  -4.6562500e+00   1.1401014e-01
  -4.6437500e+00   1.1464900e-01
  -4.6312500e+00   1.1528279e-01
  -4.6187500e+00   1.1591173e-01
  -4.6062500e+00   1.1653601e-01
  -4.5937500e+00   1.1715525e-01
  -4.5812500e+00   1.1776927e-01
  -4.5687500e+00   1.1837824e-01
  -4.5562500e+00   1.1898237e-01
  -4.5437500e+00   1.1958161e-01
  -4.5312500e+00   1.2017541e-01
  -4.5187500e+00   1.2076371e-01
  -4.5062500e+00   1.2134701e-01
  -4.4937500e+00   1.2192575e-01
  -4.4812500e+00   1.2250002e-01
  -4.4687500e+00   1.2306992e-01
  -4.4562500e+00   1.2363575e-01
  -4.4437500e+00   1.2419730e-01
  -4.4312500e+00   1.2475388e-01
  -4.4187500e+00   1.2530562e-01
  -4.4062500e+00   1.2585333e-01
  -4.3937500e+00   1.2639740e-01
  -4.3812500e+00   1.2693769e-01
  -4.3687500e+00   1.2747358e-01
  -4.3562500e+00   1.2800427e-01
  -4.3437500e+00   1.2852933e-01
  -4.3312500e+00   1.2904898e-01
  -4.3187500e+00   1.2956313e-01
  -4.3062500e+00   1.3007155e-01
  -4.2937500e+00   1.3057442e-01
  -4.2812500e+00   1.3107169e-01
  -4.2687500e+00   1.3156332e-01
  -4.2562500e+00   1.3204954e-01
  -4.2437500e+00   1.3253029e-01
  -4.2312500e+00   1.3300524e-01
  -4.2187500e+00   1.3347405e-01
  -4.2062500e+00   1.3393642e-01
  -4.1937500e+00   1.3439242e-01
  -4.1812500e+00   1.3484259e-01
  -4.1687500e+00   1.3528713e-01
  -4.1562500e+00   1.3572543e-01
  -4.1437500e+00   1.3615764e-01
  -4.1312500e+00   1.3658402e-01
  -4.1187500e+00   1.3700448e-01
  -4.1062500e+00   1.3741886e-01
  -4.0937500e+00   1.3782692e-01
  -4.0812500e+00   1.3822876e-01
  -4.0687500e+00   1.3862454e-01
  -4.0562500e+00   1.3901442e-01
  -4.0437500e+00   1.3939865e-01
  -4.0312500e+00   1.3977739e-01
  -4.0187500e+00   1.4015065e-01
  -4.0062500e+00   1.4051879e-01
  -3.9937500e+00   1.4088168e-01
  -3.9812500e+00   1.4123901e-01
  -3.9687500e+00   1.4159080e-01
  -3.9562500e+00   1.4193695e-01
  -3.9437500e+00   1.4227719e-01
  -3.9312500e+00   1.4261109e-01
  -3.9187500e+00   1.4293848e-01
  -3.9062500e+00   1.4325944e-01
  -3.8937500e+00   1.4357398e-01
  -3.8812500e+00   1.4388240e-01
  -3.8687500e+00   1.4418502e-01
  -3.8562500e+00   1.4448183e-01
  -3.8437500e+00   1.4477275e-01
  -3.8312500e+00   1.4505813e-01
  -3.8187500e+00   1.4533820e-01
  -3.8062500e+00   1.4561295e-01
  -3.7937500e+00   1.4588248e-01
  -3.7812500e+00   1.4614677e-01
  -3.7687500e+00   1.4640552e-01
  -3.7562500e+00   1.4665852e-01
  -3.7437500e+00   1.4690589e-01
  -3.7312500e+00   1.4714805e-01
  -3.7187500e+00   1.4738478e-01
  -3.7062500e+00   1.4761551e-01
  -3.6937500e+00   1.4784006e-01
  -3.6812500e+00   1.4805833e-01
  -3.6687500e+00   1.4827035e-01
  -3.6562500e+00   1.4847578e-01
  -3.6437500e+00   1.4867441e-01
  -3.6312500e+00   1.4886667e-01
  -3.6187500e+00   1.4905262e-01
  -3.6062500e+00   1.4923221e-01
  -3.5937500e+00   1.4940589e-01
  -3.5812500e+00   1.4957402e-01
  -3.5687500e+00   1.4973678e-01
  -3.5562500e+00   1.4989430e-01
  -3.5437500e+00   1.5004660e-01
  -3.5312500e+00   1.5019378e-01
  -3.5187500e+00   1.5033589e-01
  -3.5062500e+00   1.5047275e-01
  -3.4937500e+00   1.5060411e-01
  -3.4812500e+00   1.5072971e-01
  -3.4687500e+00   1.5084921e-01
  -3.4562500e+00   1.5096213e-01
  -3.4437500e+00   1.5106806e-01
  -3.4312500e+00   1.5116683e-01
  -3.4187500e+00   1.5125849e-01
  -3.4062500e+00   1.5134327e-01
  -3.3937500e+00   1.5142151e-01
  -3.3812500e+00   1.5149312e-01
  -3.3687500e+00   1.5155799e-01
  -3.3562500e+00   1.5161623e-01
  -3.3437500e+00   1.5166770e-01
  -3.3312500e+00   1.5171247e-01
  -3.3187500e+00   1.5175077e-01
  -3.3062500e+00   1.5178255e-01
  -3.2937500e+00   1.5180808e-01
  -3.2812500e+00   1.5182758e-01
  -3.2687500e+00   1.5184103e-01
  -3.2562500e+00   1.5184865e-01
  -3.2437500e+00   1.5185078e-01
  -3.2312500e+00   1.5184741e-01
  -3.2187500e+00   1.5183816e-01
  -3.2062500e+00   1.5182261e-01
  -3.1937500e+00   1.5180038e-01
  -3.1812500e+00   1.5177113e-01
  -3.1687500e+00   1.5173478e-01
  -3.1562500e+00   1.5169168e-01
  -3.1437500e+00   1.5164243e-01
  -3.1312500e+00   1.5158757e-01
  -3.1187500e+00   1.5152755e-01
  -3.1062500e+00   1.5146234e-01
  -3.0937500e+00   1.5139127e-01
  -3.0812500e+00   1.5131394e-01
  -3.0687500e+00   1.5123026e-01
  -3.0562500e+00   1.5114022e-01
  -3.0437500e+00   1.5104377e-01
  -3.0312500e+00   1.5094087e-01
  -3.0187500e+00   1.5083185e-01
  -3.0062500e+00   1.5071715e-01
  -2.9937500e+00   1.5059707e-01
  -2.9812500e+00   1.5047184e-01
  -2.9687500e+00   1.5034151e-01
  -2.9562500e+00   1.5020637e-01
  -2.9437500e+00   1.5006653e-01
  -2.9312500e+00   1.4992175e-01
  -2.9187500e+00   1.4977168e-01
  -2.9062500e+00   1.4961571e-01
  -2.8937500e+00   1.4945364e-01
  -2.8812500e+00   1.4928574e-01
  -2.8687500e+00   1.4911236e-01
  -2.8562500e+00   1.4893364e-01
  -2.8437500e+00   1.4874936e-01
  -2.8312500e+00   1.4855948e-01
  -2.8187500e+00   1.4836399e-01
  -2.8062500e+00   1.4816289e-01
  -2.7937500e+00   1.4795632e-01
  -2.7812500e+00   1.4774437e-01
  -2.7687500e+00   1.4752710e-01
  -2.7562500e+00   1.4730488e-01
  -2.7437500e+00   1.4707825e-01
  -2.7312500e+00   1.4684714e-01
  -2.7187500e+00   1.4661096e-01
  -2.7062500e+00   1.4636935e-01
  -2.6937500e+00   1.4612233e-01
  -2.6812500e+00   1.4586980e-01
  -2.6687500e+00   1.4561144e-01
  -2.6562500e+00   1.4534718e-01
  -2.6437500e+00   1.4507698e-01
  -2.6312500e+00   1.4480074e-01
  -2.6187500e+00   1.4451852e-01
  -2.6062500e+00   1.4423044e-01
  -2.5937500e+00   1.4393657e-01
  -2.5812500e+00   1.4363684e-01
  -2.5687500e+00   1.4333144e-01
  -2.5562500e+00   1.4302044e-01
  -2.5437500e+00   1.4270342e-01
  -2.5312500e+00   1.4238038e-01
  -2.5187500e+00   1.4205164e-01
  -2.5062500e+00   1.4171713e-01
  -2.4937500e+00   1.4137661e-01
  -2.4812500e+00   1.4102990e-01
  -2.4687500e+00   1.4067669e-01
  -2.4562500e+00   1.4031682e-01
  -2.4437500e+00   1.3995065e-01
  -2.4312500e+00   1.3957825e-01
  -2.4187500e+00   1.3919959e-01
  -2.4062500e+00   1.3881509e-01
  -2.3937500e+00   1.3842483e-01
  -2.3812500e+00   1.3802848e-01
  -2.3687500e+00   1.3762547e-01
  -2.3562500e+00   1.3721530e-01
  -2.3437500e+00   1.3679804e-01
  -2.3312500e+00   1.3637389e-01
  -2.3187500e+00   1.3594329e-01
  -2.3062500e+00   1.3550696e-01
  -2.2937500e+00   1.3506511e-01
  -2.2812500e+00   1.3461771e-01
  -2.2687500e+00   1.3416480e-01
  -2.2562500e+00   1.3370638e-01
  -2.2437500e+00   1.3324233e-01
  -2.2312500e+00   1.3277270e-01
  -2.2187500e+00   1.3229810e-01
  -2.2062500e+00   1.3181906e-01
  -2.1937500e+00   1.3133557e-01
  -2.1812500e+00   1.3084718e-01
  -2.1687500e+00   1.3035364e-01
  -2.1562500e+00   1.2985503e-01
  -2.1437500e+00   1.2935144e-01
  -2.1312500e+00   1.2884333e-01
  -2.1187500e+00   1.2833076e-01
  -2.1062500e+00   1.2781330e-01
  -2.0937500e+00   1.2729071e-01
  -2.0812500e+00   1.2676289e-01
  -2.0687500e+00   1.2622988e-01
  -2.0562500e+00   1.2569210e-01
  -2.0437500e+00   1.2514989e-01
  -2.0312500e+00   1.2460306e-01
  -2.0187500e+00   1.2405146e-01
  -2.0062500e+00   1.2349481e-01
  -1.9937500e+00   1.2293286e-01
  -1.9812500e+00   1.2236525e-01
  -1.9687500e+00   1.2179165e-01
  -1.9562500e+00   1.2121228e-01
  -1.9437500e+00   1.2062743e-01
  -1.9312500e+00   1.2003693e-01
  -1.9187500e+00   1.1944070e-01
  -1.9062500e+00   1.1883914e-01
  -1.8937500e+00   1.1823251e-01
  -1.8812500e+00   1.1762055e-01
  -1.8687500e+00   1.1700278e-01
  -1.8562500e+00   1.1637882e-01
  -1.8437500e+00   1.1574846e-01
  -1.8312500e+00   1.1511188e-01
  -1.8187500e+00   1.1446965e-01
  -1.8062500e+00   1.1382210e-01
  -1.7937500e+00   1.1316927e-01
  -1.7812500e+00   1.1251074e-01
  -1.7687500e+00   1.1184598e-01
  -1.7562500e+00   1.1117498e-01
  -1.7437500e+00   1.1049804e-01
  -1.7312500e+00   1.0981539e-01
  -1.7187500e+00   1.0912732e-01
  -1.7062500e+00   1.0843422e-01
  -1.6937500e+00   1.0773641e-01
  -1.6812500e+00   1.0703412e-01
  -1.6687500e+00   1.0632752e-01
  -1.6562500e+00   1.0561685e-01
  -1.6437500e+00   1.0490279e-01
  -1.6312500e+00   1.0418548e-01
  -1.6187500e+00   1.0346484e-01
  -1.6062500e+00   1.0274081e-01
  -1.5937500e+00   1.0201320e-01
  -1.5812500e+00   1.0128220e-01
  -1.5687500e+00   1.0054786e-01
  -1.5562500e+00   9.9810087e-02
  -1.5437500e+00   9.9069207e-02
  -1.5312500e+00   9.8325484e-02
  -1.5187500e+00   9.7578644e-02
  -1.5062500e+00   9.6828651e-02
  -1.4937500e+00   9.6075620e-02
  -1.4812500e+00   9.5319661e-02
  -1.4687500e+00   9.4561012e-02
  -1.4562500e+00   9.3799662e-02
  -1.4437500e+00   9.3035841e-02
  -1.4312500e+00   9.2269785e-02
  -1.4187500e+00   9.1501499e-02
  -1.4062500e+00   9.0731063e-02
  -1.3937500e+00   8.9958318e-02
  -1.3812500e+00   8.9182949e-02
  -1.3687500e+00   8.8404665e-02
  -1.3562500e+00   8.7623720e-02
  -1.3437500e+00   8.6840313e-02
  -1.3312500e+00   8.6054107e-02
  -1.3187500e+00   8.5264900e-02
  -1.3062500e+00   8.4472555e-02
  -1.2937500e+00   8.3677029e-02
  -1.2812500e+00   8.2878491e-02
  -1.2687500e+00   8.2077267e-02
  -1.2562500e+00   8.1273675e-02
  -1.2437500e+00   8.0467885e-02
  -1.2312500e+00   7.9660037e-02
  -1.2187500e+00   7.8850019e-02
  -1.2062500e+00   7.8037895e-02
  -1.1937500e+00   7.7223711e-02
  -1.1812500e+00   7.6407185e-02
  -1.1687500e+00   7.5587887e-02
  -1.1562500e+00   7.4765328e-02
  -1.1437500e+00   7.3939445e-02
  -1.1312500e+00   7.3110339e-02
  -1.1187500e+00   7.2277835e-02
  -1.1062500e+00   7.1441972e-02
  -1.0937500e+00   7.0603150e-02
  -1.0812500e+00   6.9761472e-02
  -1.0687500e+00   6.8916907e-02
  -1.0562500e+00   6.8069147e-02
  -1.0437500e+00   6.7217896e-02
  -1.0312500e+00   6.6363181e-02
  -1.0187500e+00   6.5505016e-02
  -1.0062500e+00   6.4643463e-02
  -9.9375000e-01   6.3778411e-02
  -9.8125000e-01   6.2909401e-02
  -9.6875000e-01   6.2035919e-02
  -9.5625000e-01   6.1157952e-02
  -9.4375000e-01   6.0275862e-02
  -9.3125000e-01   5.9389804e-02
  -9.1875000e-01   5.8499529e-02
  -9.0625000e-01   5.7604874e-02
  -8.9375000e-01   5.6705761e-02
  -8.8125000e-01   5.5802289e-02
  -8.6875000e-01   5.4894780e-02
  -8.5625000e-01   5.3983831e-02
  -8.4375000e-01   5.3070033e-02
  -8.3125000e-01   5.2153293e-02
  -8.1875000e-01   5.1233511e-02
  -8.0625000e-01   5.0310859e-02
  -7.9375000e-01   4.9385195e-02
  -7.8125000e-01   4.8456125e-02
  -7.6875000e-01   4.7524070e-02
  -7.5625000e-01   4.6589679e-02
  -7.4375000e-01   4.5653343e-02
  -7.3125000e-01   4.4715514e-02
  -7.1875000e-01   4.3776095e-02
  -7.0625000e-01   4.2835132e-02
  -6.9375000e-01   4.1892680e-02
  -6.8125000e-01   4.0948532e-02
  -6.6875000e-01   4.0002857e-02
  -6.5625000e-01   3.9055791e-02
  -6.4375000e-01   3.8107323e-02
  -6.3125000e-01   3.7157299e-02
  -6.1875000e-01   3.6205688e-02
  -6.0625000e-01   3.5252368e-02
  -5.9375000e-01   3.4297279e-02
  -5.8125000e-01   3.3340634e-02
  -5.6875000e-01   3.2382640e-02
  -5.5625000e-01   3.1423409e-02
  -5.4375000e-01   3.0462941e-02
  -5.3125000e-01   2.9501635e-02
  -5.1875000e-01   2.8539948e-02
  -5.0625000e-01   2.7578097e-02
  -4.9375000e-01   2.6616274e-02
  -4.8125000e-01   2.5654494e-02
  -4.6875000e-01   2.4692732e-02
  -4.5625000e-01   2.3731439e-02
  -4.4375000e-01   2.2771099e-02
  -4.3125000e-01   2.1811809e-02
  -4.1875000e-01   2.0853428e-02
  -4.0625000e-01   1.9895778e-02
  -3.9375000e-01   1.8938775e-02
  -3.8125000e-01   1.7982386e-02
  -3.6875000e-01   1.7026505e-02
  -3.5625000e-01   1.6071194e-02
  -3.4375000e-01   1.5116397e-02
  -3.3125000e-01   1.4161999e-02
  -3.1875000e-01   1.3208010e-02
  -3.0625000e-01   1.2254401e-02
  -2.9375000e-01   1.1301223e-02
  -2.8125000e-01   1.0348494e-02
  -2.6875000e-01   9.3962963e-03
  -2.5625000e-01   8.4451457e-03
  -2.4375000e-01   7.4957264e-03
  -2.3125000e-01   6.5484250e-03
  -2.1875000e-01   5.6035908e-03
  -2.0625000e-01   4.6615910e-03
  -1.9375000e-01   3.7222399e-03
  -1.8125000e-01   2.7853013e-03
  -1.6875000e-01   1.8509604e-03
  -1.5625000e-01   9.1927606e-04
  -1.4375000e-01  -9.9433293e-06
  -1.3125000e-01  -9.3693108e-04
  -1.1875000e-01  -1.8623356e-03
  -1.0625000e-01  -2.7869840e-03
  -9.3750000e-02  -3.7114750e-03
  -8.1250000e-02  -4.6363760e-03
  -6.8750000e-02  -5.5624956e-03
  -5.6250000e-02  -6.4915322e-03
  -4.3750000e-02  -7.4257392e-03
  -3.1250000e-02  -8.3680729e-03
  -1.8750000e-02  -9.3237772e-03
  -6.2500000e-03  -1.0306355e-02
   6.2500000e-03  -1.1389095e-02
   1.8750000e-02  -1.2370420e-02
   3.1250000e-02  -1.3311514e-02
   4.3750000e-02  -1.4225643e-02
   5.6250000e-02  -1.5118722e-02
   6.8750000e-02  -1.5993924e-02
   8.1250000e-02  -1.6853449e-02
   9.3750000e-02  -1.7698600e-02
   1.0625000e-01  -1.8529932e-02
   1.1875000e-01  -1.9347694e-02
   1.3125000e-01  -2.0152125e-02
   1.4375000e-01  -2.0943458e-02
   1.5625000e-01  -2.1722053e-02
   1.6875000e-01  -2.2488445e-02
   1.8125000e-01  -2.3242807e-02
   1.9375000e-01  -2.3985362e-02
   2.0625000e-01  -2.4716670e-02
   2.1875000e-01  -2.5437226e-02
   2.3125000e-01  -2.6147173e-02
   2.4375000e-01  -2.6846690e-02
   2.5625000e-01  -2.7535965e-02
   2.6875000e-01  -2.8214526e-02
   2.8125000e-01  -2.8881711e-02
   2.9375000e-01  -2.9537160e-02
   3.0625000e-01  -3.0180809e-02
   3.1875000e-01  -3.0812896e-02
   3.3125000e-01  -3.1433753e-02
   3.4375000e-01  -3.2043708e-02
   3.5625000e-01  -3.2643030e-02
   3.6875000e-01  -3.3231962e-02
   3.8125000e-01  -3.3810858e-02
   3.9375000e-01  -3.4379675e-02
   4.0625000e-01  -3.4938022e-02
   4.1875000e-01  -3.5486053e-02
   4.3125000e-01  -3.6024206e-02
   4.4375000e-01  -3.6552552e-02
   4.5625000e-01  -3.7071412e-02
   4.6875000e-01  -3.7581138e-02
   4.8125000e-01  -3.8081482e-02
   4.9375000e-01  -3.8572182e-02
   5.0625000e-01  -3.9053099e-02
   5.1875000e-01  -3.9523937e-02
   5.3125000e-01  -3.9984549e-02
   5.4375000e-01  -4.0434957e-02
   5.5625000e-01  -4.0875305e-02
   5.6875000e-01  -4.1305672e-02
   5.8125000e-01  -4.1726032e-02
   5.9375000e-01  -4.2136503e-02
   6.0625000e-01  -4.2537173e-02
   6.1875000e-01  -4.2927711e-02
   6.3125000e-01  -4.3308154e-02
   6.4375000e-01  -4.3678585e-02
   6.5625000e-01  -4.4039066e-02
   6.6875000e-01  -4.4389732e-02
   6.8125000e-01  -4.4730420e-02
   6.9375000e-01  -4.5061126e-02
   7.0625000e-01  -4.5382013e-02
   7.1875000e-01  -4.5693103e-02
   7.3125000e-01  -4.5994639e-02
   7.4375000e-01  -4.6286962e-02
   7.5625000e-01  -4.6570097e-02
   7.6875000e-01  -4.6843879e-02
   7.8125000e-01  -4.7108142e-02
   7.9375000e-01  -4.7363270e-02
   8.0625000e-01  -4.7609400e-02
   8.1875000e-01  -4.7846574e-02
   8.3125000e-01  -4.8075057e-02
   8.4375000e-01  -4.8294582e-02
   8.5625000e-01  -4.8505249e-02
   8.6875000e-01  -4.8707185e-02
   8.8125000e-01  -4.8900481e-02
   8.9375000e-01  -4.9085150e-02
   9.0625000e-01  -4.9261059e-02
   9.1875000e-01  -4.9428405e-02
   9.3125000e-01  -4.9587189e-02
   9.4375000e-01  -4.9737303e-02
   9.5625000e-01  -4.9879095e-02
   9.6875000e-01  -5.0012665e-02
   9.8125000e-01  -5.0137898e-02
   9.9375000e-01  -5.0255231e-02
   1.0062500e+00  -5.0365251e-02
   1.0187500e+00  -5.0468259e-02
   1.0312500e+00  -5.0564379e-02
   1.0437500e+00  -5.0653718e-02
   1.0562500e+00  -5.0736125e-02
   1.0687500e+00  -5.0811421e-02
   1.0812500e+00  -5.0879604e-02
   1.0937500e+00  -5.0940643e-02
   1.1062500e+00  -5.0994649e-02
   1.1187500e+00  -5.1041720e-02
   1.1312500e+00  -5.1081974e-02
   1.1437500e+00  -5.1115409e-02
   1.1562500e+00  -5.1142225e-02
   1.1687500e+00  -5.1162882e-02
   1.1812500e+00  -5.1177482e-02
   1.1937500e+00  -5.1186055e-02
   1.2062500e+00  -5.1188453e-02
   1.2187500e+00  -5.1184504e-02
   1.2312500e+00  -5.1174160e-02
   1.2437500e+00  -5.1157273e-02
   1.2562500e+00  -5.1133779e-02
   1.2687500e+00  -5.1104003e-02
   1.2812500e+00  -5.1068071e-02
   1.2937500e+00  -5.1025886e-02
   1.3062500e+00  -5.0977533e-02
   1.3187500e+00  -5.0923353e-02
   1.3312500e+00  -5.0864152e-02
   1.3437500e+00  -5.0800523e-02
   1.3562500e+00  -5.0732587e-02
   1.3687500e+00  -5.0660322e-02
   1.3812500e+00  -5.0583824e-02
   1.3937500e+00  -5.0503025e-02
   1.4062500e+00  -5.0417825e-02
   1.4187500e+00  -5.0328663e-02
   1.4312500e+00  -5.0235823e-02
   1.4437500e+00  -5.0139162e-02
   1.4562500e+00  -5.0038279e-02
   1.4687500e+00  -4.9933224e-02
   1.4812500e+00  -4.9824564e-02
   1.4937500e+00  -4.9712766e-02
   1.5062500e+00  -4.9597882e-02
   1.5187500e+00  -4.9479710e-02
   1.5312500e+00  -4.9358174e-02
   1.5437500e+00  -4.9232892e-02
   1.5562500e+00  -4.9103475e-02
   1.5687500e+00  -4.8969659e-02
   1.5812500e+00  -4.8831613e-02
   1.5937500e+00  -4.8689623e-02
   1.6062500e+00  -4.8543697e-02
   1.6187500e+00  -4.8394123e-02
   1.6312500e+00  -4.8241263e-02
   1.6437500e+00  -4.8085460e-02
   1.6562500e+00  -4.7927027e-02
   1.6687500e+00  -4.7765657e-02
   1.6812500e+00  -4.7600890e-02
   1.6937500e+00  -4.7432547e-02
   1.7062500e+00  -4.7260972e-02
   1.7187500e+00  -4.7086693e-02
   1.7312500e+00  -4.6909912e-02
   1.7437500e+00  -4.6730971e-02
   1.7562500e+00  -4.6549941e-02
   1.7687500e+00  -4.6366700e-02
   1.7812500e+00  -4.6181393e-02
   1.7937500e+00  -4.5994141e-02
   1.8062500e+00  -4.5804860e-02
   1.8187500e+00  -4.5613397e-02
   1.8312500e+00  -4.5419795e-02
   1.8437500e+00  -4.5223596e-02
   1.8562500e+00  -4.5024051e-02
   1.8687500e+00  -4.4821049e-02
   1.8812500e+00  -4.4614799e-02
   1.8937500e+00  -4.4405364e-02
   1.9062500e+00  -4.4192601e-02
   1.9187500e+00  -4.3976615e-02
   1.9312500e+00  -4.3757566e-02
   1.9437500e+00  -4.3535459e-02
   1.9562500e+00  -4.3310626e-02
   1.9687500e+00  -4.3083369e-02
   1.9812500e+00  -4.2853465e-02
   1.9937500e+00  -4.2620808e-02
   2.0062500e+00  -4.2385523e-02
   2.0187500e+00  -4.2147816e-02
   2.0312500e+00  -4.1908090e-02
   2.0437500e+00  -4.1666720e-02
   2.0562500e+00  -4.1423884e-02
   2.0687500e+00  -4.1179778e-02
   2.0812500e+00  -4.0934559e-02
   2.0937500e+00  -4.0688536e-02
   2.1062500e+00  -4.0441917e-02
   2.1187500e+00  -4.0194606e-02
   2.1312500e+00  -3.9946498e-02
   2.1437500e+00  -3.9697392e-02
   2.1562500e+00  -3.9447330e-02
   2.1687500e+00  -3.9196433e-02
   2.1812500e+00  -3.8944592e-02
   2.1937500e+00  -3.8691549e-02
   2.2062500e+00  -3.8437280e-02
   2.2187500e+00  -3.8181812e-02
   2.2312500e+00  -3.7925250e-02
   2.2437500e+00  -3.7667783e-02
   2.2562500e+00  -3.7409286e-02
   2.2687500e+00  -3.7149742e-02
   2.2812500e+00  -3.6888958e-02
   2.2937500e+00  -3.6626786e-02
   2.3062500e+00  -3.6363476e-02
   2.3187500e+00  -3.6099312e-02
   2.3312500e+00  -3.5834066e-02
   2.3437500e+00  -3.5567371e-02
   2.3562500e+00  -3.5298939e-02
   2.3687500e+00  -3.5028948e-02
   2.3812500e+00  -3.4757950e-02
   2.3937500e+00  -3.4485931e-02
   2.4062500e+00  -3.4212842e-02
   2.4187500e+00  -3.3939078e-02
   2.4312500e+00  -3.3665229e-02
   2.4437500e+00  -3.3392077e-02
   2.4562500e+00  -3.3120164e-02
   2.4687500e+00  -3.2849570e-02
   2.4812500e+00  -3.2580274e-02
   2.4937500e+00  -3.2312199e-02
   2.5062500e+00  -3.2045438e-02
   2.5187500e+00  -3.1780235e-02
   2.5312500e+00  -3.1516856e-02
   2.5437500e+00  -3.1255505e-02
   2.5562500e+00  -3.0996048e-02
   2.5687500e+00  -3.0738126e-02
   2.5812500e+00  -3.0481377e-02
   2.5937500e+00  -3.0225771e-02
   2.6062500e+00  -2.9971495e-02
   2.6187500e+00  -2.9718584e-02
   2.6312500e+00  -2.9467016e-02
   2.6437500e+00  -2.9216626e-02
   2.6562500e+00  -2.8967432e-02
   2.6687500e+00  -2.8719354e-02
   2.6812500e+00  -2.8472144e-02
   2.6937500e+00  -2.8225698e-02
   2.7062500e+00  -2.7980287e-02
   2.7187500e+00  -2.7736194e-02
   2.7312500e+00  -2.7493408e-02
   2.7437500e+00  -2.7252086e-02
   2.7562500e+00  -2.7012285e-02
   2.7687500e+00  -2.6774293e-02
   2.7812500e+00  -2.6538565e-02
   2.7937500e+00  -2.6304807e-02
   2.8062500e+00  -2.6072497e-02
   2.8187500e+00  -2.5841371e-02
   2.8312500e+00  -2.5611522e-02
   2.8437500e+00  -2.5383115e-02
   2.8562500e+00  -2.5156275e-02
   2.8687500e+00  -2.4931216e-02
   2.8812500e+00  -2.4707660e-02
   2.8937500e+00  -2.4484898e-02
   2.9062500e+00  -2.4262486e-02
   2.9187500e+00  -2.4040276e-02
   2.9312500e+00  -2.3817909e-02
   2.9437500e+00  -2.3595495e-02
   2.9562500e+00  -2.3373150e-02
   2.9687500e+00  -2.3151070e-02
   2.9812500e+00  -2.2929529e-02
   2.9937500e+00  -2.2708362e-02
   3.0062500e+00  -2.2487409e-02
   3.0187500e+00  -2.2266382e-02
   3.0312500e+00  -2.2045273e-02
   3.0437500e+00  -2.1824315e-02
   3.0562500e+00  -2.1603807e-02
   3.0687500e+00  -2.1383575e-02
   3.0812500e+00  -2.1163332e-02
   3.0937500e+00  -2.0943209e-02
   3.1062500e+00  -2.0723302e-02
   3.1187500e+00  -2.0503853e-02
   3.1312500e+00  -2.0285059e-02
   3.1437500e+00  -2.0067105e-02
   3.1562500e+00  -1.9850330e-02
   3.1687500e+00  -1.9634989e-02
   3.1812500e+00  -1.9421053e-02
   3.1937500e+00  -1.9208495e-02
   3.2062500e+00  -1.8997549e-02
   3.2187500e+00  -1.8788417e-02
   3.2312500e+00  -1.8581041e-02
   3.2437500e+00  -1.8375242e-02
   3.2562500e+00  -1.8171062e-02
   3.2687500e+00  -1.7968827e-02
   3.2812500e+00  -1.7768593e-02
   3.2937500e+00  -1.7569947e-02
   3.3062500e+00  -1.7372726e-02
   3.3187500e+00  -1.7176614e-02
   3.3312500e+00  -1.6981601e-02
   3.3437500e+00  -1.6788053e-02
   3.3562500e+00  -1.6596015e-02
   3.3687500e+00  -1.6405642e-02
   3.3812500e+00  -1.6217225e-02
   3.3937500e+00  -1.6030960e-02
   3.4062500e+00  -1.5846994e-02
   3.4187500e+00  -1.5665598e-02
   3.4312500e+00  -1.5486866e-02
   3.4437500e+00  -1.5310542e-02
   3.4562500e+00  -1.5136074e-02
   3.4687500e+00  -1.4963228e-02
   3.4812500e+00  -1.4791954e-02
   3.4937500e+00  -1.4622045e-02
   3.5062500e+00  -1.4453611e-02
   3.5187500e+00  -1.4286572e-02
   3.5312500e+00  -1.4120872e-02
   3.5437500e+00  -1.3956840e-02
   3.5562500e+00  -1.3794638e-02
   3.5687500e+00  -1.3634293e-02
   3.5812500e+00  -1.3475693e-02
   3.5937500e+00  -1.3318738e-02
   3.6062500e+00  -1.3163412e-02
   3.6187500e+00  -1.3009471e-02
   3.6312500e+00  -1.2856912e-02
   3.6437500e+00  -1.2706003e-02
   3.6562500e+00  -1.2556825e-02
   3.6687500e+00  -1.2408998e-02
   3.6812500e+00  -1.2262306e-02
   3.6937500e+00  -1.2117111e-02
   3.7062500e+00  -1.1973491e-02
   3.7187500e+00  -1.1831244e-02
   3.7312500e+00  -1.1690704e-02
   3.7437500e+00  -1.1552046e-02
   3.7562500e+00  -1.1415009e-02
   3.7687500e+00  -1.1279751e-02
   3.7812500e+00  -1.1146480e-02
   3.7937500e+00  -1.1014920e-02
   3.8062500e+00  -1.0884742e-02
   3.8187500e+00  -1.0755736e-02
   3.8312500e+00  -1.0627901e-02
   3.8437500e+00  -1.0501290e-02
   3.8562500e+00  -1.0375584e-02
   3.8687500e+00  -1.0250229e-02
   3.8812500e+00  -1.0125051e-02
   3.8937500e+00  -1.0000092e-02
   3.9062500e+00  -9.8753599e-03
   3.9187500e+00  -9.7508532e-03
   3.9312500e+00  -9.6268149e-03
   3.9437500e+00  -9.5034973e-03
   3.9562500e+00  -9.3810795e-03
   3.9687500e+00  -9.2598425e-03
   3.9812500e+00  -9.1398863e-03
   3.9937500e+00  -9.0211718e-03
   4.0062500e+00  -8.9034155e-03
   4.0187500e+00  -8.7864978e-03
   4.0312500e+00  -8.6707849e-03
   4.0437500e+00  -8.5561589e-03
   4.0562500e+00  -8.4422878e-03
   4.0687500e+00  -8.3289241e-03
   4.0812500e+00  -8.2161728e-03
   4.0937500e+00  -8.1043459e-03
   4.1062500e+00  -7.9933496e-03
   4.1187500e+00  -7.8832146e-03
   4.1312500e+00  -7.7740474e-03
   4.1437500e+00  -7.6661606e-03
   4.1562500e+00  -7.5598793e-03
   4.1687500e+00  -7.4554631e-03
   4.1812500e+00  -7.3532323e-03
   4.1937500e+00  -7.2532520e-03
   4.2062500e+00  -7.1551811e-03
   4.2187500e+00  -7.0590435e-03
   4.2312500e+00  -6.9650027e-03
   4.2437500e+00  -6.8728715e-03
   4.2562500e+00  -6.7825422e-03
   4.2687500e+00  -6.6934773e-03
   4.2812500e+00  -6.6053765e-03
   4.2937500e+00  -6.5181190e-03
   4.3062500e+00  -6.4312435e-03
   4.3187500e+00  -6.3448623e-03
   4.3312500e+00  -6.2591624e-03
   4.3437500e+00  -6.1742673e-03
   4.3562500e+00  -6.0902303e-03
   4.3687500e+00  -6.0068423e-03
   4.3812500e+00  -5.9239266e-03
   4.3937500e+00  -5.8416469e-03
   4.4062500e+00  -5.7605430e-03
   4.4187500e+00  -5.6808547e-03
   4.4312500e+00  -5.6024210e-03
   4.4437500e+00  -5.5248369e-03
   4.4562500e+00  -5.4477047e-03
   4.4687500e+00  -5.3709700e-03
   4.4812500e+00  -5.2946256e-03
   4.4937500e+00  -5.2184975e-03
   4.5062500e+00  -5.1426870e-03
   4.5187500e+00  -5.0672669e-03
   4.5312500e+00  -4.9920039e-03
   4.5437500e+00  -4.9168139e-03
   4.5562500e+00  -4.8420349e-03
   4.5687500e+00  -4.7679453e-03
   4.5812500e+00  -4.6946981e-03
   4.5937500e+00  -4.6224151e-03
   4.6062500e+00  -4.5510130e-03
   4.6187500e+00  -4.4804136e-03
   4.6312500e+00  -4.4107575e-03
   4.6437500e+00  -4.3420035e-03
   4.6562500e+00  -4.2739327e-03
   4.6687500e+00  -4.2066727e-03
   4.6812500e+00  -4.1405380e-03
   4.6937500e+00  -4.0755160e-03
   4.7062500e+00  -4.0114754e-03
   4.7187500e+00  -3.9484393e-03
   4.7312500e+00  -3.8862545e-03
   4.7437500e+00  -3.8249529e-03
   4.7562500e+00  -3.7644123e-03
   4.7687500e+00  -3.7046570e-03
   4.7812500e+00  -3.6461557e-03
   4.7937500e+00  -3.5887742e-03
   4.8062500e+00  -3.5320174e-03
   4.8187500e+00  -3.4756097e-03
   4.8312500e+00  -3.4198001e-03
   4.8437500e+00  -3.3647314e-03
   4.8562500e+00  -3.3102034e-03
   4.8687500e+00  -3.2561599e-03
   4.8812500e+00  -3.2028140e-03
   4.8937500e+00  -3.1504102e-03
   4.9062500e+00  -3.0988656e-03
   4.9187500e+00  -3.0477779e-03
   4.9312500e+00  -2.9965499e-03
   4.9437500e+00  -2.9451762e-03
   4.9562500e+00  -2.8942090e-03
   4.9687500e+00  -2.8439052e-03
   4.9812500e+00  -2.7939922e-03
   4.9937500e+00  -2.7443001e-03
   5.0062500e+00  -2.6952646e-03
   5.0187500e+00  -2.6474193e-03
   5.0312500e+00  -2.6006896e-03
   5.0437500e+00  -2.5548308e-03
   5.0562500e+00  -2.5096733e-03
   5.0687500e+00  -2.4648802e-03
   5.0812500e+00  -2.4203797e-03
   5.0937500e+00  -2.3764671e-03
   5.1062500e+00  -2.3335399e-03
   5.1187500e+00  -2.2916769e-03
   5.1312500e+00  -2.2504792e-03
   5.1437500e+00  -2.2093678e-03
   5.1562500e+00  -2.1682042e-03
   5.1687500e+00  -2.1271870e-03
   5.1812500e+00  -2.0866714e-03
   5.1937500e+00  -2.0471727e-03
   5.2062500e+00  -2.0088840e-03
   5.2187500e+00  -1.9718524e-03
   5.2312500e+00  -1.9362488e-03
   5.2437500e+00  -1.9021020e-03
   5.2562500e+00  -1.8691474e-03
   5.2687500e+00  -1.8370098e-03
   5.2812500e+00  -1.8055710e-03
   5.2937500e+00  -1.7751209e-03
   5.3062500e+00  -1.7457098e-03
   5.3187500e+00  -1.7172991e-03
   5.3312500e+00  -1.6898225e-03
   5.3437500e+00  -1.6630389e-03
   5.3562500e+00  -1.6369224e-03
   5.3687500e+00  -1.6113493e-03
   5.3812500e+00  -1.5866329e-03
   5.3937500e+00  -1.5631109e-03
   5.4062500e+00  -1.5405985e-03
   5.4187500e+00  -1.5189421e-03
   5.4312500e+00  -1.4979604e-03
   5.4437500e+00  -1.4774683e-03
   5.4562500e+00  -1.4574143e-03
   5.4687500e+00  -1.4377999e-03
   5.4812500e+00  -1.4184734e-03
   5.4937500e+00  -1.3992662e-03
   5.5062500e+00  -1.3802294e-03
   5.5187500e+00  -1.3616922e-03
   5.5312500e+00  -1.3440354e-03
   5.5437500e+00  -1.3272710e-03
   5.5562500e+00  -1.3111569e-03
   5.5687500e+00  -1.2953581e-03
   5.5812500e+00  -1.2792954e-03
   5.5937500e+00  -1.2625989e-03
   5.6062500e+00  -1.2456223e-03
   5.6187500e+00  -1.2286523e-03
   5.6312500e+00  -1.2115576e-03
   5.6437500e+00  -1.1943264e-03
   5.6562500e+00  -1.1773414e-03
   5.6687500e+00  -1.1606657e-03
   5.6812500e+00  -1.1443243e-03
   5.6937500e+00  -1.1284133e-03
   5.7062500e+00  -1.1129493e-03
   5.7187500e+00  -1.0982211e-03
   5.7312500e+00  -1.0841381e-03
   5.7437500e+00  -1.0705936e-03
   5.7562500e+00  -1.0577904e-03
   5.7687500e+00  -1.0458761e-03
   5.7812500e+00  -1.0348578e-03
   5.7937500e+00  -1.0245290e-03
   5.8062500e+00  -1.0146580e-03
   5.8187500e+00  -1.0050681e-03
   5.8312500e+00  -9.9561977e-04
   5.8437500e+00  -9.8618509e-04
   5.8562500e+00  -9.7666236e-04
   5.8687500e+00  -9.6708767e-04
   5.8812500e+00  -9.5736409e-04
   5.8937500e+00  -9.4745770e-04
   5.9062500e+00  -9.3762430e-04
   5.9187500e+00  -9.2798717e-04
   5.9312500e+00  -9.1850823e-04
   5.9437500e+00  -9.0935456e-04
   5.9562500e+00  -9.0050558e-04
   5.9687500e+00  -8.9175795e-04
   5.9812500e+00  -8.8287577e-04
   5.9937500e+00  -8.7376928e-04
   6.0062500e+00  -8.6444552e-04
   6.0187500e+00  -8.5459703e-04
   6.0312500e+00  -8.4404532e-04
   6.0437500e+00  -8.3302917e-04
   6.0562500e+00  -8.2165218e-04
   6.0687500e+00  -8.0966669e-04
   6.0812500e+00  -7.9717220e-04
   6.0937500e+00  -7.8443720e-04
   6.1062500e+00  -7.7130789e-04
   6.1187500e+00  -7.5770574e-04
   6.1312500e+00  -7.4367131e-04
   6.1437500e+00  -7.2900848e-04
   6.1562500e+00  -7.1384633e-04
   6.1687500e+00  -6.9817616e-04
   6.1812500e+00  -6.8183919e-04
   6.1937500e+00  -6.6494508e-04
   6.2062500e+00  -6.4732984e-04
   6.2187500e+00  -6.2871202e-04
   6.2312500e+00  -6.0875076e-04
   6.2437500e+00  -5.8730369e-04
   6.2562500e+00  -5.6458729e-04
   6.2687500e+00  -5.4065747e-04
   6.2812500e+00  -5.1570650e-04
   6.2937500e+00  -4.9004529e-04
   6.3062500e+00  -4.6393508e-04
   6.3187500e+00  -4.3777640e-04
   6.3312500e+00  -4.1212798e-04
   6.3437500e+00  -3.8714627e-04
   6.3562500e+00  -3.6252147e-04
   6.3687500e+00  -3.3838770e-04
   6.3812500e+00  -3.1506775e-04
   6.3937500e+00  -2.9259420e-04
   6.4062500e+00  -2.7126888e-04
   6.4187500e+00  -2.5151735e-04
   6.4312500e+00  -2.3346466e-04
   6.4437500e+00  -2.1738033e-04
   6.4562500e+00  -2.0356716e-04
   6.4687500e+00  -1.9204319e-04
   6.4812500e+00  -1.8289122e-04
   6.4937500e+00  -1.7622666e-04
   6.5062500e+00  -1.7178645e-04
   6.5187500e+00  -1.6923760e-04
   6.5312500e+00  -1.6858459e-04
   6.5437500e+00  -1.6976458e-04
   6.5562500e+00  -1.7238507e-04
   6.5687500e+00  -1.7562085e-04
   6.5812500e+00  -1.7886390e-04
   6.5937500e+00  -1.8195336e-04
   6.6062500e+00  -1.8483924e-04
   6.6187500e+00  -1.8780309e-04
   6.6312500e+00  -1.9097797e-04
   6.6437500e+00  -1.9415158e-04
   6.6562500e+00  -1.9700850e-04
   6.6687500e+00  -1.9928093e-04
   6.6812500e+00  -2.0071941e-04
   6.6937500e+00  -2.0119659e-04
   6.7062500e+00  -2.0073122e-04
   6.7187500e+00  -1.9944789e-04
   6.7312500e+00  -1.9748808e-04
   6.7437500e+00  -1.9500956e-04
   6.7562500e+00  -1.9201587e-04
   6.7687500e+00  -1.8817898e-04
   6.7812500e+00  -1.8395680e-04
   6.7937500e+00  -1.8022183e-04
   6.8062500e+00  -1.7692663e-04
   6.8187500e+00  -1.7410910e-04
   6.8312500e+00  -1.7217825e-04
   6.8437500e+00  -1.7104219e-04
   6.8562500e+00  -1.7027923e-04
   6.8687500e+00  -1.6987089e-04
   6.8812500e+00  -1.6928145e-04
   6.8937500e+00  -1.6781989e-04
   6.9062500e+00  -1.6551118e-04
   6.9187500e+00  -1.6241937e-04
   6.9312500e+00  -1.5881603e-04
   6.9437500e+00  -1.5482858e-04
   6.9562500e+00  -1.5035783e-04
   6.9687500e+00  -1.4563707e-04
   6.9812500e+00  -1.4060474e-04
   6.9937500e+00  -1.3487005e-04
   7.0062500e+00  -1.2837499e-04
   7.0187500e+00  -1.2131626e-04
   7.0312500e+00  -1.1432808e-04
   7.0437500e+00  -1.0803523e-04
   7.0562500e+00  -1.0258872e-04
   7.0687500e+00  -9.7946423e-05
   7.0812500e+00  -9.4363182e-05
   7.0937500e+00  -9.2226063e-05
   7.1062500e+00  -9.1875728e-05
   7.1187500e+00  -9.3716776e-05
   7.1312500e+00  -9.7473996e-05
   7.1437500e+00  -1.0262907e-04
   7.1562500e+00  -1.0856581e-04
   7.1687500e+00  -1.1442456e-04
   7.1812500e+00  -1.1995941e-04
   7.1937500e+00  -1.2553287e-04
   7.2062500e+00  -1.3129846e-04
   7.2187500e+00  -1.3731296e-04
   7.2312500e+00  -1.4371016e-04
   7.2437500e+00  -1.5043786e-04
   7.2562500e+00  -1.5748555e-04
   7.2687500e+00  -1.6511709e-04
   7.2812500e+00  -1.7363346e-04
   7.2937500e+00  -1.8287782e-04
   7.3062500e+00  -1.9258105e-04
   7.3187500e+00  -2.0274744e-04
   7.3312500e+00  -2.1319383e-04
   7.3437500e+00  -2.2332663e-04
   7.3562500e+00  -2.3257552e-04
   7.3687500e+00  -2.4057744e-04
   7.3812500e+00  -2.4761113e-04
   7.3937500e+00  -2.5406403e-04
   7.4062500e+00  -2.5953008e-04
   7.4187500e+00  -2.6376171e-04
   7.4312500e+00  -2.6700885e-04
   7.4437500e+00  -2.6969908e-04
   7.4562500e+00  -2.7197871e-04
   7.4687500e+00  -2.7351973e-04
   7.4812500e+00  -2.7443951e-04
   7.4937500e+00  -2.7490064e-04
   7.5062500e+00  -2.7469096e-04
   7.5187500e+00  -2.7324970e-04
   7.5312500e+00  -2.7034631e-04
   7.5437500e+00  -2.6625844e-04
   7.5562500e+00  -2.6139718e-04
   7.5687500e+00  -2.5606809e-04
   7.5812500e+00  -2.5015749e-04
   7.5937500e+00  -2.4357772e-04
   7.6062500e+00  -2.3654891e-04
   7.6187500e+00  -2.2935932e-04
   7.6312500e+00  -2.2226850e-04
   7.6437500e+00  -2.1543199e-04
   7.6562500e+00  -2.0880892e-04
   7.6687500e+00  -2.0222779e-04
   7.6812500e+00  -1.9526017e-04
   7.6937500e+00  -1.8765106e-04
   7.7062500e+00  -1.7939792e-04
   7.7187500e+00  -1.7033182e-04
   7.7312500e+00  -1.6057670e-04
   7.7437500e+00  -1.5035299e-04
   7.7562500e+00  -1.3951045e-04
   7.7687500e+00  -1.2800551e-04
   7.7812500e+00  -1.1621349e-04
   7.7937500e+00  -1.0463056e-04
   7.8062500e+00  -9.3021745e-05
   7.8187500e+00  -8.0740994e-05
   7.8312500e+00  -6.7521011e-05
   7.8437500e+00  -5.3381831e-05
   7.8562500e+00  -3.8561694e-05
   7.8687500e+00  -2.3479434e-05
   7.8812500e+00  -8.1408408e-06
   7.8937500e+00   7.8061968e-06
   7.9062500e+00   2.4390205e-05
   7.9187500e+00   4.1702991e-05
   7.9312500e+00   5.9643762e-05
   7.9437500e+00   7.7796198e-05
   7.9562500e+00   9.5719956e-05
   7.9687500e+00   1.1282725e-04
   7.9812500e+00   1.2857754e-04
   7.9937500e+00   1.4269219e-04
   8.0062500e+00   1.5509607e-04
   8.0187500e+00   1.6571166e-04
   8.0312500e+00   1.7453101e-04
   8.0437500e+00   1.8138386e-04
   8.0562500e+00   1.8625319e-04
   8.0687500e+00   1.8953473e-04
   8.0812500e+00   1.9164969e-04
   8.0937500e+00   1.9282810e-04
   8.1062500e+00   1.9328099e-04
   8.1187500e+00   1.9285768e-04
   8.1312500e+00   1.9121289e-04
   8.1437500e+00   1.8861745e-04
   8.1562500e+00   1.8541203e-04
   8.1687500e+00   1.8151860e-04
   8.1812500e+00   1.7684179e-04
   8.1937500e+00   1.7139982e-04
   8.2062500e+00   1.6529849e-04
   8.2187500e+00   1.5866255e-04
   8.2312500e+00   1.5156534e-04
   8.2437500e+00   1.4398407e-04
   8.2562500e+00   1.3616353e-04
   8.2687500e+00   1.2834960e-04
   8.2812500e+00   1.2031765e-04
   8.2937500e+00   1.1183814e-04
   8.3062500e+00   1.0243483e-04
   8.3187500e+00   9.2056025e-05
   8.3312500e+00   8.1083115e-05
   8.3437500e+00   6.9782157e-05
   8.3562500e+00   5.8341718e-05
   8.3687500e+00   4.6688821e-05
   8.3812500e+00   3.5131020e-05
   8.3937500e+00   2.4095333e-05
   8.4062500e+00   1.3598792e-05
   8.4187500e+00   3.2255804e-06
   8.4312500e+00  -7.3246686e-06
   8.4437500e+00  -1.7680003e-05
   8.4562500e+00  -2.7658557e-05
   8.4687500e+00  -3.7488368e-05
   8.4812500e+00  -4.7110873e-05
   8.4937500e+00  -5.6376536e-05
   8.5062500e+00  -6.5142289e-05
   8.5187500e+00  -7.3190754e-05
   8.5312500e+00  -8.0592441e-05
   8.5437500e+00  -8.7125578e-05
   8.5562500e+00  -9.2753775e-05
   8.5687500e+00  -9.7865451e-05
   8.5812500e+00  -1.0241174e-04
   8.5937500e+00  -1.0630800e-04
   8.6062500e+00  -1.0938398e-04
   8.6187500e+00  -1.1145059e-04
   8.6312500e+00  -1.1223873e-04
   8.6437500e+00  -1.1178931e-04
   8.6562500e+00  -1.1051442e-04
   8.6687500e+00  -1.0869651e-04
   8.6812500e+00  -1.0659063e-04
   8.6937500e+00  -1.0440245e-04
   8.7062500e+00  -1.0203708e-04
   8.7187500e+00  -9.9336355e-05
   8.7312500e+00  -9.6615288e-05
   8.7437500e+00  -9.3949118e-05
   8.7562500e+00  -9.1169434e-05
   8.7687500e+00  -8.8183243e-05
   8.7812500e+00  -8.4805689e-05
   8.7937500e+00  -8.0876272e-05
   8.8062500e+00  -7.6120514e-05
   8.8187500e+00  -7.0557806e-05
   8.8312500e+00  -6.4705712e-05
   8.8437500e+00  -5.8872417e-05
   8.8562500e+00  -5.2957779e-05
   8.8687500e+00  -4.6941435e-05
   8.8812500e+00  -4.1007361e-05
   8.8937500e+00  -3.5158412e-05
   8.9062500e+00  -2.9134848e-05
   8.9187500e+00  -2.2764126e-05
   8.9312500e+00  -1.6155230e-05
   8.9437500e+00  -9.3687461e-06
   8.9562500e+00  -2.6151651e-06
   8.9687500e+00   3.6349850e-06
   8.9812500e+00   9.1212034e-06
   8.9937500e+00   1.3607811e-05
   9.0062500e+00   1.7012252e-05
   9.0187500e+00   1.9588407e-05
   9.0312500e+00   2.1283662e-05
   9.0437500e+00   2.1877033e-05
   9.0562500e+00   2.1770063e-05
   9.0687500e+00   2.1485308e-05
   9.0812500e+00   2.0937482e-05
   9.0937500e+00   2.0037132e-05
   9.1062500e+00   1.9079260e-05
   9.1187500e+00   1.8266638e-05
   9.1312500e+00   1.7480292e-05
   9.1437500e+00   1.6695266e-05
   9.1562500e+00   1.5833484e-05
   9.1687500e+00   1.4771181e-05
   9.1812500e+00   1.3745917e-05
   9.1937500e+00   1.2926677e-05
   9.2062500e+00   1.2198674e-05
   9.2187500e+00   1.1252983e-05
   9.2312500e+00   9.5334670e-06
   9.2437500e+00   6.5446260e-06
   9.2562500e+00   2.2329822e-06
   9.2687500e+00  -3.1882484e-06
   9.2812500e+00  -9.2613523e-06
   9.2937500e+00  -1.5677075e-05
   9.3062500e+00  -2.2035979e-05
   9.3187500e+00  -2.8293981e-05
   9.3312500e+00  -3.4574362e-05
   9.3437500e+00  -4.0353469e-05
   9.3562500e+00  -4.5200306e-05
   9.3687500e+00  -4.9091112e-05
   9.3812500e+00  -5.2163822e-05
   9.3937500e+00  -5.4424562e-05
   9.4062500e+00  -5.5809181e-05
   9.4187500e+00  -5.6413017e-05
   9.4312500e+00  -5.6595363e-05
   9.4437500e+00  -5.6706451e-05
   9.4562500e+00  -5.6870967e-05
   9.4687500e+00  -5.6787165e-05
   9.4812500e+00  -5.6297875e-05
   9.4937500e+00  -5.5277615e-05
   9.5062500e+00  -5.3637781e-05
   9.5187500e+00  -5.1556243e-05
   9.5312500e+00  -4.9042078e-05
   9.5437500e+00  -4.5931074e-05
   9.5562500e+00  -4.2285914e-05
   9.5687500e+00  -3.7963668e-05
   9.5812500e+00  -3.2614690e-05
   9.5937500e+00  -2.6234909e-05
   9.6062500e+00  -1.9140321e-05
   9.6187500e+00  -1.1509992e-05
   9.6312500e+00  -3.3558339e-06
   9.6437500e+00   4.9844097e-06
   9.6562500e+00   1.3000035e-05
   9.6687500e+00   2.0613499e-05
   9.6812500e+00   2.8154171e-05
   9.6937500e+00   3.5570213e-05
   9.7062500e+00   4.2889075e-05
   9.7187500e+00   5.0123683e-05
   9.7312500e+00   5.6729087e-05
   9.7437500e+00   6.2349105e-05
   9.7562500e+00   6.6906853e-05
   9.7687500e+00   7.0214777e-05
   9.7812500e+00   7.2219257e-05
   9.7937500e+00   7.2862586e-05
   9.8062500e+00   7.1900313e-05
   9.8187500e+00   6.9272440e-05
   9.8312500e+00   6.5079250e-05
   9.8437500e+00   5.9330517e-05
   9.8562500e+00   5.2272254e-05
   9.8687500e+00   4.4269813e-05
   9.8812500e+00   3.5406559e-05
   9.8937500e+00   2.6009140e-05
   9.9062500e+00   1.6635887e-05
   9.9187500e+00   7.5862703e-06
   9.9312500e+00  -9.4662449e-07
   9.9437500e+00  -8.9269276e-06
   9.9562500e+00  -1.6407474e-05
   9.9687500e+00  -2.3248274e-05
   9.9812500e+00  -2.9156017e-05
   9.9937500e+00  -3.4089946e-05
   1.0006250e+01  -3.8294632e-05
   1.0018750e+01  -4.1969481e-05
   1.0031250e+01  -4.5029383e-05
   1.0043750e+01  -4.7602249e-05
   1.0056250e+01  -5.0036503e-05
   1.0068750e+01  -5.2542306e-05
   1.0081250e+01  -5.5215660e-05
   1.0093750e+01  -5.7646289e-05
   1.0106250e+01  -5.9588426e-05
   1.0118750e+01  -6.1310823e-05
   1.0131250e+01  -6.3143561e-05
   1.0143750e+01  -6.4810210e-05
   1.0156250e+01  -6.5848408e-05
   1.0168750e+01  -6.5937041e-05
   1.0181250e+01  -6.4440324e-05
   1.0193750e+01  -6.1389674e-05
   1.0206250e+01  -5.7126173e-05
   1.0218750e+01  -5.1647832e-05
   1.0231250e+01  -4.5215753e-05
   1.0243750e+01  -3.8083615e-05
   1.0256250e+01  -3.0582016e-05
   1.0268750e+01  -2.3368361e-05
   1.0281250e+01  -1.6894766e-05
   1.0293750e+01  -1.1308383e-05
   1.0306250e+01  -6.8049127e-06
   1.0318750e+01  -3.5142618e-06
   1.0331250e+01  -1.2910487e-06
   1.0343750e+01  -1.8208912e-07
   1.0356250e+01   1.2073956e-07
   1.0368750e+01  -1.4233425e-07
   1.0381250e+01  -8.9659433e-07
   1.0393750e+01  -1.9146929e-06
   1.0406250e+01  -3.3430920e-06
   1.0418750e+01  -5.1187898e-06
   1.0431250e+01  -7.0736903e-06
   1.0443750e+01  -9.3188580e-06
   1.0456250e+01  -1.2211774e-05
   1.0468750e+01  -1.5854056e-05
   1.0481250e+01  -1.9893014e-05
   1.0493750e+01  -2.3905253e-05
   1.0506250e+01  -2.7821864e-05
   1.0518750e+01  -3.1950450e-05
   1.0531250e+01  -3.6327953e-05
   1.0543750e+01  -4.0732144e-05
   1.0556250e+01  -4.5123311e-05
   1.0568750e+01  -4.9490074e-05
   1.0581250e+01  -5.3753525e-05
   1.0593750e+01  -5.8042998e-05
   1.0606250e+01  -6.2305874e-05
   1.0618750e+01  -6.6147022e-05
   1.0631250e+01  -6.9359766e-05
   1.0643750e+01  -7.1869489e-05
   1.0656250e+01  -7.3730901e-05
   1.0668750e+01  -7.5215506e-05
   1.0681250e+01  -7.6340677e-05
   1.0693750e+01  -7.7119201e-05
   1.0706250e+01  -7.7265773e-05
   1.0718750e+01  -7.6561018e-05
   1.0731250e+01  -7.5249925e-05
   1.0743750e+01  -7.3435025e-05
   1.0756250e+01  -7.1162819e-05
   1.0768750e+01  -6.8312775e-05
   1.0781250e+01  -6.4764365e-05
   1.0793750e+01  -6.0495622e-05
   1.0806250e+01  -5.5580634e-05
   1.0818750e+01  -5.0299408e-05
   1.0831250e+01  -4.4838895e-05
   1.0843750e+01  -3.8913037e-05
   1.0856250e+01  -3.2284633e-05
   1.0868750e+01  -2.4892981e-05
   1.0881250e+01  -1.6985174e-05
   1.0893750e+01  -8.9763466e-06
   1.0906250e+01  -8.8555919e-07
   1.0918750e+01   7.2658489e-06
   1.0931250e+01   1.5208472e-05
   1.0943750e+01   2.2736593e-05
   1.0956250e+01   2.9793101e-05
   1.0968750e+01   3.6255964e-05
   1.0981250e+01   4.2330477e-05
   1.0993750e+01   4.8067680e-05
   1.1006250e+01   5.3213383e-05
   1.1018750e+01   5.7886047e-05
   1.1031250e+01   6.2356554e-05
   1.1043750e+01   6.6826831e-05
   1.1056250e+01   7.1432716e-05
   1.1068750e+01   7.6546254e-05
   1.1081250e+01   8.2562940e-05
   1.1093750e+01   8.9442815e-05
   1.1106250e+01   9.6903463e-05
   1.1118750e+01   1.0466443e-04
   1.1131250e+01   1.1224228e-04
   1.1143750e+01   1.1927630e-04
   1.1156250e+01   1.2592615e-04
   1.1168750e+01   1.3238523e-04
   1.1181250e+01   1.3825297e-04
   1.1193750e+01   1.4314825e-04
   1.1206250e+01   1.4680442e-04
   1.1218750e+01   1.4874465e-04
   1.1231250e+01   1.4877702e-04
   1.1243750e+01   1.4701638e-04
   1.1256250e+01   1.4385136e-04
   1.1268750e+01   1.3974222e-04
   1.1281250e+01   1.3510640e-04
   1.1293750e+01   1.3009543e-04
   1.1306250e+01   1.2479619e-04
   1.1318750e+01   1.1900605e-04
   1.1331250e+01   1.1249605e-04
   1.1343750e+01   1.0530404e-04
   1.1356250e+01   9.7408771e-05
   1.1368750e+01   8.8779648e-05
   1.1381250e+01   7.9303871e-05
   1.1393750e+01   6.9221127e-05
   1.1406250e+01   5.8888857e-05
   1.1418750e+01   4.8295877e-05
   1.1431250e+01   3.7399532e-05
   1.1443750e+01   2.6271705e-05
   1.1456250e+01   1.5266935e-05
   1.1468750e+01   4.4954569e-06
   1.1481250e+01  -5.8630461e-06
   1.1493750e+01  -1.5171387e-05
   1.1506250e+01  -2.3375578e-05
   1.1518750e+01  -3.0777794e-05
   1.1531250e+01  -3.7581513e-05
   1.1543750e+01  -4.3597766e-05
   1.1556250e+01  -4.8531092e-05
   1.1568750e+01  -5.2051180e-05
   1.1581250e+01  -5.4130375e-05
   1.1593750e+01  -5.4916582e-05
   1.1606250e+01  -5.4627948e-05
   1.1618750e+01  -5.3528499e-05
   1.1631250e+01  -5.1438441e-05
   1.1643750e+01  -4.8469451e-05
   1.1656250e+01  -4.5168511e-05
   1.1668750e+01  -4.1481326e-05
   1.1681250e+01  -3.7284356e-05
   1.1693750e+01  -3.3016300e-05
   1.1706250e+01  -2.8949159e-05
   1.1718750e+01  -2.5263163e-05
   1.1731250e+01  -2.2271613e-05
   1.1743750e+01  -2.0481274e-05
   1.1756250e+01  -2.0094643e-05
   1.1768750e+01  -2.0905210e-05
   1.1781250e+01  -2.2556464e-05
   1.1793750e+01  -2.4739067e-05
   1.1806250e+01  -2.7254709e-05
   1.1818750e+01  -2.9635973e-05
   1.1831250e+01  -3.1723471e-05
   1.1843750e+01  -3.3507591e-05
   1.1856250e+01  -3.4779760e-05
   1.1868750e+01  -3.5700910e-05
   1.1881250e+01  -3.6641081e-05
   1.1893750e+01  -3.7880690e-05
   1.1906250e+01  -3.9790855e-05
   1.1918750e+01  -4.2522499e-05
   1.1931250e+01  -4.5784079e-05
   1.1943750e+01  -4.9158318e-05
   1.1956250e+01  -5.2431119e-05
   1.1968750e+01  -5.5845061e-05
   1.1981250e+01  -5.8978531e-05
   1.1993750e+01  -6.1142050e-05
   1.2006250e+01  -6.2297032e-05
   1.2018750e+01  -6.2647184e-05
   1.2031250e+01  -6.2258705e-05
   1.2043750e+01  -6.0985247e-05
   1.2056250e+01  -5.8822259e-05
   1.2068750e+01  -5.6123734e-05
   1.2081250e+01  -5.3251909e-05
   1.2093750e+01  -5.0333348e-05
   1.2106250e+01  -4.7471441e-05
   1.2118750e+01  -4.4453774e-05
   1.2131250e+01  -4.1270440e-05
   1.2143750e+01  -3.7936918e-05
   1.2156250e+01  -3.4499690e-05
   1.2168750e+01  -3.1361808e-05
   1.2181250e+01  -2.8687125e-05
   1.2193750e+01  -2.6124699e-05
   1.2206250e+01  -2.3392636e-05
   1.2218750e+01  -2.0774655e-05
   1.2231250e+01  -1.8422900e-05
   1.2243750e+01  -1.6213603e-05
   1.2256250e+01  -1.4055447e-05
   1.2268750e+01  -1.2031822e-05
   1.2281250e+01  -1.0475397e-05
   1.2293750e+01  -9.6984942e-06
   1.2306250e+01  -9.7684604e-06
   1.2318750e+01  -1.0613270e-05
   1.2331250e+01  -1.2050505e-05
   1.2343750e+01  -1.4139711e-05
   1.2356250e+01  -1.6984737e-05
   1.2368750e+01  -2.0337257e-05
   1.2381250e+01  -2.4060195e-05
   1.2393750e+01  -2.8197113e-05
   1.2406250e+01  -3.2431356e-05
   1.2418750e+01  -3.6622447e-05
   1.2431250e+01  -4.0702053e-05
   1.2443750e+01  -4.4435515e-05
   1.2456250e+01  -4.7549954e-05
   1.2468750e+01  -4.9902613e-05
   1.2481250e+01  -5.1604635e-05
   1.2493750e+01  -5.2603910e-05
   1.2506250e+01  -5.2938880e-05
   1.2518750e+01  -5.2397337e-05
   1.2531250e+01  -5.0817855e-05
   1.2543750e+01  -4.8606572e-05
   1.2556250e+01  -4.5882946e-05
   1.2568750e+01  -4.2330581e-05
   1.2581250e+01  -3.7931915e-05
   1.2593750e+01  -3.2868810e-05
   1.2606250e+01  -2.7259956e-05
   1.2618750e+01  -2.1364566e-05
   1.2631250e+01  -1.5654805e-05
   1.2643750e+01  -1.0666476e-05
   1.2656250e+01  -6.6919584e-06
   1.2668750e+01  -3.9297232e-06
   1.2681250e+01  -2.3867800e-06
   1.2693750e+01  -1.8591779e-06
   1.2706250e+01  -2.1015542e-06
   1.2718750e+01  -2.5920563e-06
   1.2731250e+01  -2.9645717e-06
   1.2743750e+01  -3.0993642e-06
   1.2756250e+01  -2.9502161e-06
   1.2768750e+01  -2.6374492e-06
   1.2781250e+01  -2.0230893e-06
   1.2793750e+01  -9.2868344e-07
   1.2806250e+01   4.9313204e-07
   1.2818750e+01   2.3908462e-06
   1.2831250e+01   4.9805513e-06
   1.2843750e+01   8.4088656e-06
   1.2856250e+01   1.2511126e-05
   1.2868750e+01   1.6993938e-05
   1.2881250e+01   2.1916996e-05
   1.2893750e+01   2.7411010e-05
   1.2906250e+01   3.3584380e-05
   1.2918750e+01   4.0426961e-05
   1.2931250e+01   4.7541241e-05
   1.2943750e+01   5.4597968e-05
   1.2956250e+01   6.1470474e-05
   1.2968750e+01   6.7697443e-05
   1.2981250e+01   7.3122331e-05
   1.2993750e+01   7.8002304e-05
   1.3006250e+01   8.2401096e-05
   1.3018750e+01   8.6087446e-05
   1.3031250e+01   8.9119159e-05
   1.3043750e+01   9.1655732e-05
   1.3056250e+01   9.3614994e-05
   1.3068750e+01   9.5034182e-05
   1.3081250e+01   9.6169010e-05
   1.3093750e+01   9.7352869e-05
   1.3106250e+01   9.8410901e-05
   1.3118750e+01   9.9200207e-05
   1.3131250e+01   9.9970290e-05
   1.3143750e+01   1.0053420e-04
   1.3156250e+01   1.0073868e-04
   1.3168750e+01   1.0057272e-04
   1.3181250e+01   1.0016432e-04
   1.3193750e+01   9.9743998e-05
   1.3206250e+01   9.9347428e-05
   1.3218750e+01   9.9040675e-05
   1.3231250e+01   9.8393101e-05
   1.3243750e+01   9.7303181e-05
   1.3256250e+01   9.5889688e-05
   1.3268750e+01   9.3761432e-05
   1.3281250e+01   9.1034250e-05
   1.3293750e+01   8.7982448e-05
   1.3306250e+01   8.4680984e-05
   1.3318750e+01   8.1221374e-05
   1.3331250e+01   7.7734870e-05
   1.3343750e+01   7.4264726e-05
   1.3356250e+01   7.0824761e-05
   1.3368750e+01   6.7633377e-05
   1.3381250e+01   6.4689577e-05
   1.3393750e+01   6.1835587e-05
   1.3406250e+01   5.8999610e-05
   1.3418750e+01   5.5619342e-05
   1.3431250e+01   5.1152097e-05
   1.3443750e+01   4.5547528e-05
   1.3456250e+01   3.8923127e-05
   1.3468750e+01   3.1352779e-05
   1.3481250e+01   2.2641675e-05
   1.3493750e+01   1.2837182e-05
   1.3506250e+01   2.4943816e-06
   1.3518750e+01  -7.9995915e-06
   1.3531250e+01  -1.8674537e-05
   1.3543750e+01  -2.9777629e-05
   1.3556250e+01  -4.1458039e-05
   1.3568750e+01  -5.3694167e-05
   1.3581250e+01  -6.6546421e-05
   1.3593750e+01  -7.9907277e-05
   1.3606250e+01  -9.3216725e-05
   1.3618750e+01  -1.0576119e-04
   1.3631250e+01  -1.1726814e-04
   1.3643750e+01  -1.2770636e-04
   1.3656250e+01  -1.3700476e-04
   1.3668750e+01  -1.4515486e-04
   1.3681250e+01  -1.5231879e-04
   1.3693750e+01  -1.5863427e-04
   1.3706250e+01  -1.6405204e-04
   1.3718750e+01  -1.6833094e-04
   1.3731250e+01  -1.7112112e-04
   1.3743750e+01  -1.7223325e-04
   1.3756250e+01  -1.7169772e-04
   1.3768750e+01  -1.6971910e-04
   1.3781250e+01  -1.6642237e-04
   1.3793750e+01  -1.6179615e-04
   1.3806250e+01  -1.5605897e-04
   1.3818750e+01  -1.4904827e-04
   1.3831250e+01  -1.4047459e-04
   1.3843750e+01  -1.3061379e-04
   1.3856250e+01  -1.1990713e-04
   1.3868750e+01  -1.0910196e-04
   1.3881250e+01  -9.8479836e-05
   1.3893750e+01  -8.8022569e-05
   1.3906250e+01  -7.8172381e-05
   1.3918750e+01  -6.9312875e-05
   1.3931250e+01  -6.1360595e-05
   1.3943750e+01  -5.4029110e-05
   1.3956250e+01  -4.7297978e-05
   1.3968750e+01  -4.1162778e-05
   1.3981250e+01  -3.5275314e-05
   1.3993750e+01  -2.9639757e-05
   1.4006250e+01  -2.4494238e-05
   1.4018750e+01  -1.9563874e-05
   1.4031250e+01  -1.4820294e-05
   1.4043750e+01  -1.0596295e-05
   1.4056250e+01  -6.9560016e-06
   1.4068750e+01  -3.7772418e-06
   1.4081250e+01  -8.4297728e-07
   1.4093750e+01   2.1744006e-06
   1.4106250e+01   5.2226124e-06
   1.4118750e+01   8.1671661e-06
   1.4131250e+01   1.1075425e-05
   1.4143750e+01   1.4055652e-05
   1.4156250e+01   1.7278738e-05
   1.4168750e+01   2.0819990e-05
   1.4181250e+01   2.4424672e-05
   1.4193750e+01   2.7959108e-05
   1.4206250e+01   3.1421473e-05
   1.4218750e+01   3.4435816e-05
   1.4231250e+01   3.6495242e-05
   1.4243750e+01   3.7422074e-05
   1.4256250e+01   3.7103799e-05
   1.4268750e+01   3.5631721e-05
   1.4281250e+01   3.3872805e-05
   1.4293750e+01   3.2433462e-05
   1.4306250e+01   3.1248852e-05
   1.4318750e+01   3.0475286e-05
   1.4331250e+01   3.0498006e-05
   1.4343750e+01   3.1354216e-05
   1.4356250e+01   3.3102124e-05
   1.4368750e+01   3.5912302e-05
   1.4381250e+01   3.9645878e-05
   1.4393750e+01   4.4094508e-05
   1.4406250e+01   4.9048807e-05
   1.4418750e+01   5.4298072e-05
   1.4431250e+01   5.9753920e-05
   1.4443750e+01   6.5475003e-05
   1.4456250e+01   7.1392121e-05
   1.4468750e+01   7.7309788e-05
   1.4481250e+01   8.3516977e-05
   1.4493750e+01   9.0000983e-05
   1.4506250e+01   9.6100663e-05
   1.4518750e+01   1.0128515e-04
   1.4531250e+01   1.0529938e-04
   1.4543750e+01   1.0811308e-04
   1.4556250e+01   1.0947577e-04
   1.4568750e+01   1.0921928e-04
   1.4581250e+01   1.0742075e-04
   1.4593750e+01   1.0397511e-04
   1.4606250e+01   9.9116707e-05
   1.4618750e+01   9.3219719e-05
   1.4631250e+01   8.6441061e-05
   1.4643750e+01   7.9094987e-05
   1.4656250e+01   7.1717176e-05
   1.4668750e+01   6.4636154e-05
   1.4681250e+01   5.7935210e-05
   1.4693750e+01   5.1320418e-05
   1.4706250e+01   4.4039859e-05
   1.4718750e+01   3.6062648e-05
   1.4731250e+01   2.7859102e-05
   1.4743750e+01   1.9449612e-05
   1.4756250e+01   1.0566927e-05
   1.4768750e+01   1.3925701e-06
   1.4781250e+01  -7.5853363e-06
   1.4793750e+01  -1.6148830e-05
   1.4806250e+01  -2.4200477e-05
   1.4818750e+01  -3.1500203e-05
   1.4831250e+01  -3.8001026e-05
   1.4843750e+01  -4.3775354e-05
   1.4856250e+01  -4.8596314e-05
   1.4868750e+01  -5.2394248e-05
   1.4881250e+01  -5.5179703e-05
   1.4893750e+01  -5.7008008e-05
   1.4906250e+01  -5.8089841e-05
   1.4918750e+01  -5.8308087e-05
   1.4931250e+01  -5.7275261e-05
   1.4943750e+01  -5.5077527e-05
   1.4956250e+01  -5.2441431e-05
   1.4968750e+01  -4.9743521e-05
   1.4981250e+01  -4.6967837e-05
   1.4993750e+01  -4.3922712e-05
   1.5006250e+01  -4.0429033e-05
   1.5018750e+01  -3.6454388e-05
   1.5031250e+01  -3.1706653e-05
   1.5043750e+01  -2.5858930e-05
   1.5056250e+01  -1.9000112e-05
   1.5068750e+01  -1.1781785e-05
   1.5081250e+01  -4.6952106e-06
   1.5093750e+01   2.2374042e-06
   1.5106250e+01   9.2186387e-06
   1.5118750e+01   1.6416759e-05
   1.5131250e+01   2.3672801e-05
   1.5143750e+01   3.0963686e-05
   1.5156250e+01   3.8507195e-05
   1.5168750e+01   4.6029131e-05
   1.5181250e+01   5.3336503e-05
   1.5193750e+01   6.0300805e-05
   1.5206250e+01   6.6796694e-05
   1.5218750e+01   7.2736989e-05
   1.5231250e+01   7.7997823e-05
   1.5243750e+01   8.2553042e-05
   1.5256250e+01   8.6321729e-05
   1.5268750e+01   8.9138281e-05
   1.5281250e+01   9.0735041e-05
   1.5293750e+01   9.0992814e-05
   1.5306250e+01   8.9907413e-05
   1.5318750e+01   8.7730490e-05
   1.5331250e+01   8.4455173e-05
   1.5343750e+01   7.9757673e-05
   1.5356250e+01   7.3732422e-05
   1.5368750e+01   6.6610990e-05
   1.5381250e+01   5.8587411e-05
   1.5393750e+01   4.9582807e-05
   1.5406250e+01   3.9299341e-05
   1.5418750e+01   2.7741874e-05
   1.5431250e+01   1.5120781e-05
   1.5443750e+01   1.6390617e-06
   1.5456250e+01  -1.2750980e-05
   1.5468750e+01  -2.7935062e-05
   1.5481250e+01  -4.3619181e-05
   1.5493750e+01  -5.9709324e-05
   1.5506250e+01  -7.5917468e-05
   1.5518750e+01  -9.1946497e-05
   1.5531250e+01  -1.0770882e-04
   1.5543750e+01  -1.2292650e-04
   1.5556250e+01  -1.3722890e-04
   1.5568750e+01  -1.5043040e-04
   1.5581250e+01  -1.6241662e-04
   1.5593750e+01  -1.7317903e-04
   1.5606250e+01  -1.8279638e-04
   1.5618750e+01  -1.9089198e-04
   1.5631250e+01  -1.9686962e-04
   1.5643750e+01  -2.0048102e-04
   1.5656250e+01  -2.0173059e-04
   1.5668750e+01  -2.0067460e-04
   1.5681250e+01  -1.9749922e-04
   1.5693750e+01  -1.9253395e-04
   1.5706250e+01  -1.8618547e-04
   1.5718750e+01  -1.7868192e-04
   1.5731250e+01  -1.7018047e-04
   1.5743750e+01  -1.6074386e-04
   1.5756250e+01  -1.5022622e-04
   1.5768750e+01  -1.3870350e-04
   1.5781250e+01  -1.2613589e-04
   1.5793750e+01  -1.1273679e-04
   1.5806250e+01  -9.8873184e-05
   1.5818750e+01  -8.4640876e-05
   1.5831250e+01  -7.0148324e-05
   1.5843750e+01  -5.5557789e-05
   1.5856250e+01  -4.1292937e-05
   1.5868750e+01  -2.7325283e-05
   1.5881250e+01  -1.3381528e-05
   1.5893750e+01   3.7419170e-07
   1.5906250e+01   1.3928173e-05
   1.5918750e+01   2.7408754e-05
   1.5931250e+01   4.0422156e-05
   1.5943750e+01   5.2536039e-05
   1.5956250e+01   6.3910183e-05
   1.5968750e+01   7.4740385e-05
   1.5981250e+01   8.5018169e-05
   1.5993750e+01   9.4509283e-05
   1.6006250e+01   1.0322492e-04
   1.6018750e+01   1.1167993e-04
   1.6031250e+01   1.2002183e-04
   1.6043750e+01   1.2809969e-04
   1.6056250e+01   1.3585790e-04
   1.6068750e+01   1.4320628e-04
   1.6081250e+01   1.5004035e-04
   1.6093750e+01   1.5606203e-04
   1.6106250e+01   1.6103038e-04
   1.6118750e+01   1.6501180e-04
   1.6131250e+01   1.6814501e-04
   1.6143750e+01   1.7034737e-04
   1.6156250e+01   1.7135108e-04
   1.6168750e+01   1.7102083e-04
   1.6181250e+01   1.6924851e-04
   1.6193750e+01   1.6606227e-04
   1.6206250e+01   1.6158027e-04
   1.6218750e+01   1.5590797e-04
   1.6231250e+01   1.4928045e-04
   1.6243750e+01   1.4218673e-04
   1.6256250e+01   1.3494041e-04
   1.6268750e+01   1.2806574e-04
   1.6281250e+01   1.2202571e-04
   1.6293750e+01   1.1625166e-04
   1.6306250e+01   1.1006605e-04
   1.6318750e+01   1.0315209e-04
   1.6331250e+01   9.6050704e-05
   1.6343750e+01   8.9426003e-05
   1.6356250e+01   8.3284169e-05
   1.6368750e+01   7.7585995e-05
   1.6381250e+01   7.2145495e-05
   1.6393750e+01   6.6783496e-05
   1.6406250e+01   6.1360639e-05
   1.6418750e+01   5.5722312e-05
   1.6431250e+01   4.9789032e-05
   1.6443750e+01   4.3421790e-05
   1.6456250e+01   3.6669220e-05
   1.6468750e+01   2.9656173e-05
   1.6481250e+01   2.2557230e-05
   1.6493750e+01   1.5495683e-05
   1.6506250e+01   8.3301404e-06
   1.6518750e+01   1.0398642e-06
   1.6531250e+01  -6.5184924e-06
   1.6543750e+01  -1.4312646e-05
   1.6556250e+01  -2.2219218e-05
   1.6568750e+01  -3.0653611e-05
   1.6581250e+01  -3.9693607e-05
   1.6593750e+01  -4.8902412e-05
   1.6606250e+01  -5.8223308e-05
   1.6618750e+01  -6.7924744e-05
   1.6631250e+01  -7.7809756e-05
   1.6643750e+01  -8.7366719e-05
   1.6656250e+01  -9.6310740e-05
   1.6668750e+01  -1.0444695e-04
   1.6681250e+01  -1.1155262e-04
   1.6693750e+01  -1.1713144e-04
   1.6706250e+01  -1.2110311e-04
   1.6718750e+01  -1.2374659e-04
   1.6731250e+01  -1.2530705e-04
   1.6743750e+01  -1.2611296e-04
   1.6756250e+01  -1.2632127e-04
   1.6768750e+01  -1.2615489e-04
   1.6781250e+01  -1.2568870e-04
   1.6793750e+01  -1.2535424e-04
   1.6806250e+01  -1.2545703e-04
   1.6818750e+01  -1.2591301e-04
   1.6831250e+01  -1.2693844e-04
   1.6843750e+01  -1.2822768e-04
   1.6856250e+01  -1.2921859e-04
   1.6868750e+01  -1.2969661e-04
   1.6881250e+01  -1.2926597e-04
   1.6893750e+01  -1.2733090e-04
   1.6906250e+01  -1.2362338e-04
   1.6918750e+01  -1.1840519e-04
   1.6931250e+01  -1.1193397e-04
   1.6943750e+01  -1.0436987e-04
   1.6956250e+01  -9.6051203e-05
   1.6968750e+01  -8.7422547e-05
   1.6981250e+01  -7.8549102e-05
   1.6993750e+01  -6.9282030e-05
   1.7006250e+01  -5.9620823e-05
   1.7018750e+01  -4.9791657e-05
   1.7031250e+01  -4.0255482e-05
   1.7043750e+01  -3.1185645e-05
   1.7056250e+01  -2.3111038e-05
   1.7068750e+01  -1.6611425e-05
   1.7081250e+01  -1.1673613e-05
   1.7093750e+01  -7.8187446e-06
   1.7106250e+01  -4.5421364e-06
   1.7118750e+01  -1.6295419e-06
   1.7131250e+01   1.1197560e-06
   1.7143750e+01   3.9396936e-06
   1.7156250e+01   6.6493879e-06
   1.7168750e+01   9.1927589e-06
   1.7181250e+01   1.1759474e-05
   1.7193750e+01   1.4280393e-05
   1.7206250e+01   1.6742252e-05
   1.7218750e+01   1.9197977e-05
   1.7231250e+01   2.1688550e-05
   1.7243750e+01   2.4471043e-05
   1.7256250e+01   2.7742653e-05
   1.7268750e+01   3.1309687e-05
   1.7281250e+01   3.4852789e-05
   1.7293750e+01   3.8144051e-05
   1.7306250e+01   4.1136703e-05
   1.7318750e+01   4.3968901e-05
   1.7331250e+01   4.6763723e-05
   1.7343750e+01   4.9439145e-05
   1.7356250e+01   5.2158024e-05
   1.7368750e+01   5.5123093e-05
   1.7381250e+01   5.8198596e-05
   1.7393750e+01   6.1091973e-05
   1.7406250e+01   6.3736358e-05
   1.7418750e+01   6.6276898e-05
   1.7431250e+01   6.9065698e-05
   1.7443750e+01   7.2445106e-05
   1.7456250e+01   7.6547875e-05
   1.7468750e+01   8.1092671e-05
   1.7481250e+01   8.5510838e-05
   1.7493750e+01   8.9415889e-05
   1.7506250e+01   9.2511880e-05
   1.7518750e+01   9.4626361e-05
   1.7531250e+01   9.5854326e-05
   1.7543750e+01   9.6044688e-05
   1.7556250e+01   9.4948100e-05
   1.7568750e+01   9.2742962e-05
   1.7581250e+01   8.9797899e-05
   1.7593750e+01   8.6419286e-05
   1.7606250e+01   8.2921891e-05
   1.7618750e+01   7.9547149e-05
   1.7631250e+01   7.5883552e-05
   1.7643750e+01   7.1336349e-05
   1.7656250e+01   6.5624905e-05
   1.7668750e+01   5.8720429e-05
   1.7681250e+01   5.0854184e-05
   1.7693750e+01   4.2317774e-05
   1.7706250e+01   3.3408780e-05
   1.7718750e+01   2.3974185e-05
   1.7731250e+01   1.3755846e-05
   1.7743750e+01   3.2159430e-06
   1.7756250e+01  -7.0680609e-06
   1.7768750e+01  -1.7018604e-05
   1.7781250e+01  -2.6381806e-05
   1.7793750e+01  -3.4921505e-05
   1.7806250e+01  -4.2671943e-05
   1.7818750e+01  -4.9565418e-05
   1.7831250e+01  -5.5655339e-05
   1.7843750e+01  -6.0669245e-05
   1.7856250e+01  -6.4446977e-05
   1.7868750e+01  -6.7013316e-05
   1.7881250e+01  -6.8183173e-05
   1.7893750e+01  -6.8227618e-05
   1.7906250e+01  -6.7615629e-05
   1.7918750e+01  -6.6538148e-05
   1.7931250e+01  -6.4738945e-05
   1.7943750e+01  -6.2205397e-05
   1.7956250e+01  -5.9529009e-05
   1.7968750e+01  -5.7018133e-05
   1.7981250e+01  -5.4637376e-05
   1.7993750e+01  -5.2372025e-05
   1.8006250e+01  -5.0122391e-05
   1.8018750e+01  -4.7803092e-05
   1.8031250e+01  -4.5629577e-05
   1.8043750e+01  -4.3875543e-05
   1.8056250e+01  -4.2657455e-05
   1.8068750e+01  -4.2025291e-05
   1.8081250e+01  -4.2153153e-05
   1.8093750e+01  -4.3056138e-05
   1.8106250e+01  -4.4757775e-05
   1.8118750e+01  -4.7170964e-05
   1.8131250e+01  -5.0035195e-05
   1.8143750e+01  -5.3239290e-05
   1.8156250e+01  -5.6327582e-05
   1.8168750e+01  -5.8822040e-05
   1.8181250e+01  -6.0666400e-05
   1.8193750e+01  -6.2098739e-05
   1.8206250e+01  -6.2941668e-05
   1.8218750e+01  -6.2888440e-05
   1.8231250e+01  -6.2016284e-05
   1.8243750e+01  -6.0400310e-05
   1.8256250e+01  -5.8247206e-05
   1.8268750e+01  -5.5797822e-05
   1.8281250e+01  -5.3107900e-05
   1.8293750e+01  -5.0128629e-05
   1.8306250e+01  -4.6660822e-05
   1.8318750e+01  -4.2945829e-05
   1.8331250e+01  -3.9715982e-05
   1.8343750e+01  -3.7246181e-05
   1.8356250e+01  -3.5466299e-05
   1.8368750e+01  -3.4119671e-05
   1.8381250e+01  -3.2999190e-05
   1.8393750e+01  -3.1856703e-05
   1.8406250e+01  -3.0263040e-05
   1.8418750e+01  -2.8449385e-05
   1.8431250e+01  -2.6901210e-05
   1.8443750e+01  -2.5744919e-05
   1.8456250e+01  -2.5088760e-05
   1.8468750e+01  -2.4793852e-05
   1.8481250e+01  -2.4602760e-05
   1.8493750e+01  -2.4394800e-05
   1.8506250e+01  -2.4168408e-05
   1.8518750e+01  -2.3720166e-05
   1.8531250e+01  -2.2766355e-05
   1.8543750e+01  -2.1259253e-05
   1.8556250e+01  -1.9087647e-05
   1.8568750e+01  -1.6184853e-05
   1.8581250e+01  -1.2897788e-05
   1.8593750e+01  -9.4318155e-06
   1.8606250e+01  -5.5792654e-06
   1.8618750e+01  -1.3921405e-06
   1.8631250e+01   3.0740267e-06
   1.8643750e+01   8.1453557e-06
   1.8656250e+01   1.3863570e-05
   1.8668750e+01   1.9764295e-05
   1.8681250e+01   2.5577433e-05
   1.8693750e+01   3.1306253e-05
   1.8706250e+01   3.6975180e-05
   1.8718750e+01   4.2511478e-05
   1.8731250e+01   4.7842440e-05
   1.8743750e+01   5.2852549e-05
   1.8756250e+01   5.7462895e-05
   1.8768750e+01   6.1498495e-05
   1.8781250e+01   6.4994914e-05
   1.8793750e+01   6.8164264e-05
   1.8806250e+01   7.0811223e-05
   1.8818750e+01   7.2837538e-05
   1.8831250e+01   7.4526692e-05
   1.8843750e+01   7.5985207e-05
   1.8856250e+01   7.7106278e-05
   1.8868750e+01   7.8054861e-05
   1.8881250e+01   7.8982185e-05
   1.8893750e+01   7.9781633e-05
   1.8906250e+01   8.0414141e-05
   1.8918750e+01   8.0997582e-05
   1.8931250e+01   8.1554575e-05
   1.8943750e+01   8.2011937e-05
   1.8956250e+01   8.2188139e-05
   1.8968750e+01   8.2129400e-05
   1.8981250e+01   8.2093667e-05
   1.8993750e+01   8.2114039e-05
