  -1.5000000e+01   0.0000000e+00
  -1.4990000e+01   0.0000000e+00
  -1.4980000e+01   0.0000000e+00
  -1.4970000e+01   0.0000000e+00
  -1.4960000e+01   0.0000000e+00
  -1.4950000e+01   0.0000000e+00
  -1.4940000e+01   0.0000000e+00
  -1.4930000e+01   0.0000000e+00
  -1.4920000e+01   0.0000000e+00
  -1.4910000e+01   0.0000000e+00
  -1.4900000e+01   0.0000000e+00
  -1.4890000e+01   0.0000000e+00
  -1.4880000e+01   0.0000000e+00
  -1.4870000e+01   0.0000000e+00
  -1.4860000e+01   0.0000000e+00
  -1.4850000e+01   0.0000000e+00
  -1.4840000e+01   0.0000000e+00
  -1.4830000e+01   0.0000000e+00
  -1.4820000e+01   0.0000000e+00
  -1.4810000e+01   0.0000000e+00
  -1.4800000e+01   0.0000000e+00
  -1.4790000e+01   0.0000000e+00
  -1.4780000e+01   0.0000000e+00
  -1.4770000e+01   0.0000000e+00
  -1.4760000e+01   0.0000000e+00
  -1.4750000e+01   0.0000000e+00
  -1.4740000e+01   0.0000000e+00
  -1.4730000e+01   0.0000000e+00
  -1.4720000e+01   0.0000000e+00
  -1.4710000e+01   0.0000000e+00
  -1.4700000e+01   0.0000000e+00
  -1.4690000e+01   0.0000000e+00
  -1.4680000e+01   0.0000000e+00
  -1.4670000e+01   0.0000000e+00
  -1.4660000e+01   0.0000000e+00
  -1.4650000e+01   0.0000000e+00
  -1.4640000e+01   0.0000000e+00
  -1.4630000e+01   0.0000000e+00
  -1.4620000e+01   0.0000000e+00
  -1.4610000e+01   0.0000000e+00
  -1.4600000e+01   0.0000000e+00
  -1.4590000e+01   0.0000000e+00
  -1.4580000e+01   0.0000000e+00
  -1.4570000e+01   0.0000000e+00
  -1.4560000e+01   0.0000000e+00
  -1.4550000e+01   0.0000000e+00
  -1.4540000e+01   0.0000000e+00
  -1.4530000e+01   0.0000000e+00
  -1.4520000e+01   0.0000000e+00
  -1.4510000e+01   0.0000000e+00
  -1.4500000e+01   0.0000000e+00
  -1.4490000e+01   0.0000000e+00
  -1.4480000e+01   0.0000000e+00
  -1.4470000e+01   0.0000000e+00
  -1.4460000e+01   0.0000000e+00
  -1.4450000e+01   0.0000000e+00
  -1.4440000e+01   0.0000000e+00
  -1.4430000e+01   0.0000000e+00
  -1.4420000e+01   0.0000000e+00
  -1.4410000e+01   0.0000000e+00
  -1.4400000e+01   0.0000000e+00
  -1.4390000e+01   0.0000000e+00
  -1.4380000e+01   0.0000000e+00
  -1.4370000e+01   0.0000000e+00
  -1.4360000e+01   0.0000000e+00
  -1.4350000e+01   0.0000000e+00
  -1.4340000e+01   0.0000000e+00
  -1.4330000e+01   0.0000000e+00
  -1.4320000e+01   0.0000000e+00
  -1.4310000e+01   0.0000000e+00
  -1.4300000e+01   0.0000000e+00
  -1.4290000e+01   0.0000000e+00
  -1.4280000e+01   0.0000000e+00
  -1.4270000e+01   0.0000000e+00
  -1.4260000e+01   0.0000000e+00
  -1.4250000e+01   0.0000000e+00
  -1.4240000e+01   0.0000000e+00
  -1.4230000e+01   0.0000000e+00
  -1.4220000e+01   0.0000000e+00
  -1.4210000e+01   0.0000000e+00
  -1.4200000e+01   0.0000000e+00
  -1.4190000e+01   0.0000000e+00
  -1.4180000e+01   0.0000000e+00
  -1.4170000e+01   0.0000000e+00
  -1.4160000e+01   0.0000000e+00
  -1.4150000e+01   0.0000000e+00
  -1.4140000e+01   0.0000000e+00
  -1.4130000e+01   0.0000000e+00
  -1.4120000e+01   0.0000000e+00
  -1.4110000e+01   0.0000000e+00
  -1.4100000e+01   0.0000000e+00
  -1.4090000e+01   0.0000000e+00
  -1.4080000e+01   0.0000000e+00
  -1.4070000e+01   0.0000000e+00
  -1.4060000e+01   0.0000000e+00
  -1.4050000e+01   0.0000000e+00
  -1.4040000e+01   0.0000000e+00
  -1.4030000e+01   0.0000000e+00
  -1.4020000e+01   0.0000000e+00
  -1.4010000e+01   0.0000000e+00
  -1.4000000e+01   0.0000000e+00
  -1.3990000e+01   0.0000000e+00
  -1.3980000e+01   0.0000000e+00
  -1.3970000e+01   0.0000000e+00
  -1.3960000e+01   0.0000000e+00
  -1.3950000e+01   0.0000000e+00
  -1.3940000e+01   0.0000000e+00
  -1.3930000e+01   0.0000000e+00
  -1.3920000e+01   0.0000000e+00
  -1.3910000e+01   0.0000000e+00
  -1.3900000e+01   0.0000000e+00
  -1.3890000e+01   0.0000000e+00
  -1.3880000e+01   0.0000000e+00
  -1.3870000e+01   0.0000000e+00
  -1.3860000e+01   0.0000000e+00
  -1.3850000e+01   0.0000000e+00
  -1.3840000e+01   0.0000000e+00
  -1.3830000e+01   0.0000000e+00
  -1.3820000e+01   0.0000000e+00
  -1.3810000e+01   0.0000000e+00
  -1.3800000e+01   0.0000000e+00
  -1.3790000e+01   0.0000000e+00
  -1.3780000e+01   0.0000000e+00
  -1.3770000e+01   0.0000000e+00
  -1.3760000e+01   0.0000000e+00
  -1.3750000e+01   0.0000000e+00
  -1.3740000e+01   0.0000000e+00
  -1.3730000e+01   0.0000000e+00
  -1.3720000e+01   0.0000000e+00
  -1.3710000e+01   0.0000000e+00
  -1.3700000e+01   0.0000000e+00
  -1.3690000e+01   0.0000000e+00
  -1.3680000e+01   0.0000000e+00
  -1.3670000e+01   0.0000000e+00
  -1.3660000e+01   0.0000000e+00
  -1.3650000e+01   0.0000000e+00
  -1.3640000e+01   0.0000000e+00
  -1.3630000e+01   0.0000000e+00
  -1.3620000e+01   0.0000000e+00
  -1.3610000e+01   0.0000000e+00
  -1.3600000e+01   0.0000000e+00
  -1.3590000e+01   0.0000000e+00
  -1.3580000e+01   0.0000000e+00
  -1.3570000e+01   0.0000000e+00
  -1.3560000e+01   0.0000000e+00
  -1.3550000e+01   0.0000000e+00
  -1.3540000e+01   0.0000000e+00
  -1.3530000e+01   0.0000000e+00
  -1.3520000e+01   0.0000000e+00
  -1.3510000e+01   0.0000000e+00
  -1.3500000e+01   0.0000000e+00
  -1.3490000e+01   0.0000000e+00
  -1.3480000e+01   0.0000000e+00
  -1.3470000e+01   0.0000000e+00
  -1.3460000e+01   0.0000000e+00
  -1.3450000e+01   0.0000000e+00
  -1.3440000e+01   0.0000000e+00
  -1.3430000e+01   0.0000000e+00
  -1.3420000e+01   0.0000000e+00
  -1.3410000e+01   0.0000000e+00
  -1.3400000e+01   0.0000000e+00
  -1.3390000e+01   0.0000000e+00
  -1.3380000e+01   0.0000000e+00
  -1.3370000e+01   0.0000000e+00
  -1.3360000e+01   0.0000000e+00
  -1.3350000e+01   0.0000000e+00
  -1.3340000e+01   0.0000000e+00
  -1.3330000e+01   0.0000000e+00
  -1.3320000e+01   0.0000000e+00
  -1.3310000e+01   0.0000000e+00
  -1.3300000e+01   0.0000000e+00
  -1.3290000e+01   0.0000000e+00
  -1.3280000e+01   0.0000000e+00
  -1.3270000e+01   0.0000000e+00
  -1.3260000e+01   0.0000000e+00
  -1.3250000e+01   0.0000000e+00
  -1.3240000e+01   0.0000000e+00
  -1.3230000e+01   0.0000000e+00
  -1.3220000e+01   0.0000000e+00
  -1.3210000e+01   0.0000000e+00
  -1.3200000e+01   0.0000000e+00
  -1.3190000e+01   0.0000000e+00
  -1.3180000e+01   0.0000000e+00
  -1.3170000e+01   0.0000000e+00
  -1.3160000e+01   0.0000000e+00
  -1.3150000e+01   0.0000000e+00
  -1.3140000e+01   0.0000000e+00
  -1.3130000e+01   0.0000000e+00
  -1.3120000e+01   0.0000000e+00
  -1.3110000e+01   0.0000000e+00
  -1.3100000e+01   0.0000000e+00
  -1.3090000e+01   0.0000000e+00
  -1.3080000e+01   0.0000000e+00
  -1.3070000e+01   0.0000000e+00
  -1.3060000e+01   0.0000000e+00
  -1.3050000e+01   0.0000000e+00
  -1.3040000e+01   0.0000000e+00
  -1.3030000e+01   0.0000000e+00
  -1.3020000e+01   0.0000000e+00
  -1.3010000e+01   0.0000000e+00
  -1.3000000e+01   0.0000000e+00
  -1.2990000e+01   0.0000000e+00
  -1.2980000e+01   0.0000000e+00
  -1.2970000e+01   0.0000000e+00
  -1.2960000e+01   0.0000000e+00
  -1.2950000e+01   0.0000000e+00
  -1.2940000e+01   0.0000000e+00
  -1.2930000e+01   0.0000000e+00
  -1.2920000e+01   0.0000000e+00
  -1.2910000e+01   0.0000000e+00
  -1.2900000e+01   0.0000000e+00
  -1.2890000e+01   0.0000000e+00
  -1.2880000e+01   0.0000000e+00
  -1.2870000e+01   0.0000000e+00
  -1.2860000e+01   0.0000000e+00
  -1.2850000e+01   0.0000000e+00
  -1.2840000e+01   0.0000000e+00
  -1.2830000e+01   0.0000000e+00
  -1.2820000e+01   0.0000000e+00
  -1.2810000e+01   0.0000000e+00
  -1.2800000e+01   0.0000000e+00
  -1.2790000e+01   0.0000000e+00
  -1.2780000e+01   0.0000000e+00
  -1.2770000e+01   0.0000000e+00
  -1.2760000e+01   0.0000000e+00
  -1.2750000e+01   0.0000000e+00
  -1.2740000e+01   0.0000000e+00
  -1.2730000e+01   0.0000000e+00
  -1.2720000e+01   0.0000000e+00
  -1.2710000e+01   0.0000000e+00
  -1.2700000e+01   0.0000000e+00
  -1.2690000e+01   0.0000000e+00
  -1.2680000e+01   0.0000000e+00
  -1.2670000e+01   0.0000000e+00
  -1.2660000e+01   0.0000000e+00
  -1.2650000e+01   0.0000000e+00
  -1.2640000e+01   0.0000000e+00
  -1.2630000e+01   0.0000000e+00
  -1.2620000e+01   0.0000000e+00
  -1.2610000e+01   0.0000000e+00
  -1.2600000e+01   0.0000000e+00
  -1.2590000e+01   0.0000000e+00
  -1.2580000e+01   0.0000000e+00
  -1.2570000e+01   0.0000000e+00
  -1.2560000e+01   0.0000000e+00
  -1.2550000e+01   0.0000000e+00
  -1.2540000e+01   0.0000000e+00
  -1.2530000e+01   0.0000000e+00
  -1.2520000e+01   0.0000000e+00
  -1.2510000e+01   0.0000000e+00
  -1.2500000e+01   0.0000000e+00
  -1.2490000e+01   0.0000000e+00
  -1.2480000e+01   0.0000000e+00
  -1.2470000e+01   0.0000000e+00
  -1.2460000e+01   0.0000000e+00
  -1.2450000e+01   0.0000000e+00
  -1.2440000e+01   0.0000000e+00
  -1.2430000e+01   0.0000000e+00
  -1.2420000e+01   0.0000000e+00
  -1.2410000e+01   0.0000000e+00
  -1.2400000e+01   0.0000000e+00
  -1.2390000e+01   0.0000000e+00
  -1.2380000e+01   0.0000000e+00
  -1.2370000e+01   0.0000000e+00
  -1.2360000e+01   0.0000000e+00
  -1.2350000e+01   0.0000000e+00
  -1.2340000e+01   0.0000000e+00
  -1.2330000e+01   0.0000000e+00
  -1.2320000e+01   0.0000000e+00
  -1.2310000e+01   0.0000000e+00
  -1.2300000e+01   0.0000000e+00
  -1.2290000e+01   0.0000000e+00
  -1.2280000e+01   0.0000000e+00
  -1.2270000e+01   0.0000000e+00
  -1.2260000e+01   0.0000000e+00
  -1.2250000e+01   0.0000000e+00
  -1.2240000e+01   0.0000000e+00
  -1.2230000e+01   0.0000000e+00
  -1.2220000e+01   0.0000000e+00
  -1.2210000e+01   0.0000000e+00
  -1.2200000e+01   0.0000000e+00
  -1.2190000e+01   0.0000000e+00
  -1.2180000e+01   0.0000000e+00
  -1.2170000e+01   0.0000000e+00
  -1.2160000e+01   0.0000000e+00
  -1.2150000e+01   0.0000000e+00
  -1.2140000e+01   0.0000000e+00
  -1.2130000e+01   0.0000000e+00
  -1.2120000e+01   0.0000000e+00
  -1.2110000e+01   0.0000000e+00
  -1.2100000e+01   0.0000000e+00
  -1.2090000e+01   0.0000000e+00
  -1.2080000e+01   0.0000000e+00
  -1.2070000e+01   0.0000000e+00
  -1.2060000e+01   0.0000000e+00
  -1.2050000e+01   0.0000000e+00
  -1.2040000e+01   0.0000000e+00
  -1.2030000e+01   0.0000000e+00
  -1.2020000e+01   0.0000000e+00
  -1.2010000e+01   0.0000000e+00
  -1.2000000e+01   0.0000000e+00
  -1.1990000e+01   0.0000000e+00
  -1.1980000e+01   0.0000000e+00
  -1.1970000e+01   0.0000000e+00
  -1.1960000e+01   0.0000000e+00
  -1.1950000e+01   0.0000000e+00
  -1.1940000e+01   0.0000000e+00
  -1.1930000e+01   0.0000000e+00
  -1.1920000e+01   0.0000000e+00
  -1.1910000e+01   0.0000000e+00
  -1.1900000e+01   0.0000000e+00
  -1.1890000e+01   0.0000000e+00
  -1.1880000e+01   0.0000000e+00
  -1.1870000e+01   0.0000000e+00
  -1.1860000e+01   0.0000000e+00
  -1.1850000e+01   0.0000000e+00
  -1.1840000e+01   0.0000000e+00
  -1.1830000e+01   0.0000000e+00
  -1.1820000e+01   0.0000000e+00
  -1.1810000e+01   0.0000000e+00
  -1.1800000e+01   0.0000000e+00
  -1.1790000e+01   0.0000000e+00
  -1.1780000e+01   0.0000000e+00
  -1.1770000e+01   0.0000000e+00
  -1.1760000e+01   0.0000000e+00
  -1.1750000e+01   0.0000000e+00
  -1.1740000e+01   0.0000000e+00
  -1.1730000e+01   0.0000000e+00
  -1.1720000e+01   0.0000000e+00
  -1.1710000e+01   0.0000000e+00
  -1.1700000e+01   0.0000000e+00
  -1.1690000e+01   0.0000000e+00
  -1.1680000e+01   0.0000000e+00
  -1.1670000e+01   0.0000000e+00
  -1.1660000e+01   0.0000000e+00
  -1.1650000e+01   0.0000000e+00
  -1.1640000e+01   0.0000000e+00
  -1.1630000e+01   0.0000000e+00
  -1.1620000e+01   0.0000000e+00
  -1.1610000e+01   0.0000000e+00
  -1.1600000e+01   0.0000000e+00
  -1.1590000e+01   0.0000000e+00
  -1.1580000e+01   0.0000000e+00
  -1.1570000e+01   0.0000000e+00
  -1.1560000e+01   0.0000000e+00
  -1.1550000e+01   0.0000000e+00
  -1.1540000e+01   0.0000000e+00
  -1.1530000e+01   0.0000000e+00
  -1.1520000e+01   0.0000000e+00
  -1.1510000e+01   0.0000000e+00
  -1.1500000e+01   0.0000000e+00
  -1.1490000e+01   0.0000000e+00
  -1.1480000e+01   0.0000000e+00
  -1.1470000e+01   0.0000000e+00
  -1.1460000e+01   0.0000000e+00
  -1.1450000e+01   0.0000000e+00
  -1.1440000e+01   0.0000000e+00
  -1.1430000e+01   0.0000000e+00
  -1.1420000e+01   0.0000000e+00
  -1.1410000e+01   0.0000000e+00
  -1.1400000e+01   0.0000000e+00
  -1.1390000e+01   0.0000000e+00
  -1.1380000e+01   0.0000000e+00
  -1.1370000e+01   0.0000000e+00
  -1.1360000e+01   0.0000000e+00
  -1.1350000e+01   0.0000000e+00
  -1.1340000e+01   0.0000000e+00
  -1.1330000e+01   0.0000000e+00
  -1.1320000e+01   0.0000000e+00
  -1.1310000e+01   0.0000000e+00
  -1.1300000e+01   0.0000000e+00
  -1.1290000e+01   0.0000000e+00
  -1.1280000e+01   0.0000000e+00
  -1.1270000e+01   0.0000000e+00
  -1.1260000e+01   0.0000000e+00
  -1.1250000e+01   0.0000000e+00
  -1.1240000e+01   0.0000000e+00
  -1.1230000e+01   0.0000000e+00
  -1.1220000e+01   0.0000000e+00
  -1.1210000e+01   0.0000000e+00
  -1.1200000e+01   0.0000000e+00
  -1.1190000e+01   0.0000000e+00
  -1.1180000e+01   0.0000000e+00
  -1.1170000e+01   0.0000000e+00
  -1.1160000e+01   0.0000000e+00
  -1.1150000e+01   0.0000000e+00
  -1.1140000e+01   0.0000000e+00
  -1.1130000e+01   0.0000000e+00
  -1.1120000e+01   0.0000000e+00
  -1.1110000e+01   0.0000000e+00
  -1.1100000e+01   0.0000000e+00
  -1.1090000e+01   0.0000000e+00
  -1.1080000e+01   0.0000000e+00
  -1.1070000e+01   0.0000000e+00
  -1.1060000e+01   0.0000000e+00
  -1.1050000e+01   0.0000000e+00
  -1.1040000e+01   0.0000000e+00
  -1.1030000e+01   0.0000000e+00
  -1.1020000e+01   0.0000000e+00
  -1.1010000e+01   0.0000000e+00
  -1.1000000e+01   0.0000000e+00
  -1.0990000e+01   0.0000000e+00
  -1.0980000e+01   0.0000000e+00
  -1.0970000e+01   0.0000000e+00
  -1.0960000e+01   0.0000000e+00
  -1.0950000e+01   0.0000000e+00
  -1.0940000e+01   0.0000000e+00
  -1.0930000e+01   0.0000000e+00
  -1.0920000e+01   0.0000000e+00
  -1.0910000e+01   0.0000000e+00
  -1.0900000e+01   0.0000000e+00
  -1.0890000e+01   0.0000000e+00
  -1.0880000e+01   0.0000000e+00
  -1.0870000e+01   0.0000000e+00
  -1.0860000e+01   0.0000000e+00
  -1.0850000e+01   0.0000000e+00
  -1.0840000e+01   0.0000000e+00
  -1.0830000e+01   0.0000000e+00
  -1.0820000e+01   0.0000000e+00
  -1.0810000e+01   0.0000000e+00
  -1.0800000e+01   0.0000000e+00
  -1.0790000e+01   0.0000000e+00
  -1.0780000e+01   0.0000000e+00
  -1.0770000e+01   0.0000000e+00
  -1.0760000e+01   0.0000000e+00
  -1.0750000e+01   0.0000000e+00
  -1.0740000e+01   0.0000000e+00
  -1.0730000e+01   0.0000000e+00
  -1.0720000e+01   0.0000000e+00
  -1.0710000e+01   0.0000000e+00
  -1.0700000e+01   0.0000000e+00
  -1.0690000e+01   0.0000000e+00
  -1.0680000e+01   0.0000000e+00
  -1.0670000e+01   0.0000000e+00
  -1.0660000e+01   0.0000000e+00
  -1.0650000e+01   0.0000000e+00
  -1.0640000e+01   0.0000000e+00
  -1.0630000e+01   0.0000000e+00
  -1.0620000e+01   0.0000000e+00
  -1.0610000e+01   0.0000000e+00
  -1.0600000e+01   0.0000000e+00
  -1.0590000e+01   0.0000000e+00
  -1.0580000e+01   0.0000000e+00
  -1.0570000e+01   0.0000000e+00
  -1.0560000e+01   0.0000000e+00
  -1.0550000e+01   0.0000000e+00
  -1.0540000e+01  2.0407382e-319
  -1.0530000e+01  1.0693669e-313
  -1.0520000e+01  5.6053432e-308
  -1.0510000e+01  2.9381751e-302
  -1.0500000e+01  1.5401150e-296
  -1.0490000e+01  8.0728825e-291
  -1.0480000e+01  4.2315951e-285
  -1.0470000e+01  2.2180921e-279
  -1.0460000e+01  1.1626662e-273
  -1.0450000e+01  6.0943941e-268
  -1.0440000e+01  3.1945229e-262
  -1.0430000e+01  1.6744859e-256
  -1.0420000e+01  8.7772195e-251
  -1.0410000e+01  4.6007902e-245
  -1.0400000e+01  2.4116146e-239
  -1.0390000e+01  1.2641057e-233
  -1.0380000e+01  6.6261133e-228
  -1.0370000e+01  3.4732363e-222
  -1.0360000e+01  1.8205802e-216
  -1.0350000e+01  9.5430080e-211
  -1.0340000e+01  5.0021967e-205
  -1.0330000e+01  2.6220214e-199
  -1.0320000e+01  1.3743955e-193
  -1.0310000e+01  7.2042237e-188
  -1.0300000e+01  3.7762667e-182
  -1.0290000e+01  1.9794208e-176
  -1.0280000e+01  1.0375609e-170
  -1.0270000e+01  5.4386247e-165
  -1.0260000e+01  2.8507857e-159
  -1.0250000e+01  1.4943077e-153
  -1.0240000e+01  7.8327725e-148
  -1.0230000e+01  4.1057357e-142
  -1.0220000e+01  2.1521199e-136
  -1.0210000e+01  1.1280853e-130
  -1.0200000e+01  5.9131299e-125
  -1.0190000e+01  3.0995089e-119
  -1.0180000e+01  1.6246820e-113
  -1.0170000e+01  8.5161606e-108
  -1.0160000e+01  4.4639500e-102
  -1.0150000e+01   2.3398865e-96
  -1.0140000e+01   1.2265077e-90
  -1.0130000e+01   6.4290343e-85
  -1.0120000e+01   3.3699326e-79
  -1.0110000e+01   1.7664311e-73
  -1.0100000e+01   9.2591724e-68
  -1.0090000e+01   4.8534174e-62
  -1.0080000e+01   2.5440352e-56
  -1.0070000e+01   1.3335171e-50
  -1.0060000e+01   6.9899500e-45
  -1.0050000e+01   3.6639501e-39
  -1.0040000e+01   1.9205474e-33
  -1.0030000e+01   1.0067010e-27
  -1.0020000e+01   5.2768649e-22
  -1.0010000e+01   2.7659954e-16
  -1.0000000e+01   1.4498629e-10
  -9.9900000e+00   1.0795283e-04
  -9.9800000e+00   2.1523850e-04
  -9.9700000e+00   3.2153290e-04
  -9.9600000e+00   4.2651295e-04
  -9.9500000e+00   5.2985742e-04
  -9.9400000e+00   6.3124747e-04
  -9.9300000e+00   7.3036718e-04
  -9.9200000e+00   8.2690406e-04
  -9.9100000e+00   9.2054956e-04
  -9.9000000e+00   1.0109996e-03
  -9.8900000e+00   1.0979551e-03
  -9.8800000e+00   1.1811224e-03
  -9.8700000e+00   1.2602137e-03
  -9.8600000e+00   1.3349478e-03
  -9.8500000e+00   1.4050504e-03
  -9.8400000e+00   1.4702543e-03
  -9.8300000e+00   1.5303005e-03
  -9.8200000e+00   1.5849378e-03
  -9.8100000e+00   1.6339241e-03
  -9.8000000e+00   1.6770260e-03
  -9.7900000e+00   1.7140199e-03
  -9.7800000e+00   1.7446919e-03
  -9.7700000e+00   1.7688383e-03
  -9.7600000e+00   1.7862661e-03
  -9.7500000e+00   1.7967933e-03
  -9.7400000e+00   1.8002489e-03
  -9.7300000e+00   1.7964739e-03
  -9.7200000e+00   1.7853207e-03
  -9.7100000e+00   1.7666543e-03
  -9.7000000e+00   1.7403518e-03
  -9.6900000e+00   1.7063032e-03
  -9.6800000e+00   1.6644111e-03
  -9.6700000e+00   1.6145914e-03
  -9.6600000e+00   1.5567733e-03
  -9.6500000e+00   1.4908995e-03
  -9.6400000e+00   1.4169260e-03
  -9.6300000e+00   1.3348230e-03
  -9.6200000e+00   1.2445742e-03
  -9.6100000e+00   1.1461774e-03
  -9.6000000e+00   1.0396445e-03
  -9.5900000e+00   9.2500132e-04
  -9.5800000e+00   8.0228800e-04
  -9.5700000e+00   6.7155871e-04
  -9.5600000e+00   5.3288181e-04
  -9.5500000e+00   3.8633975e-04
  -9.5400000e+00   2.3202912e-04
  -9.5300000e+00   7.0060498e-05
  -9.5200000e+00  -9.9441584e-05
  -9.5100000e+00  -2.7633874e-04
  -9.5000000e+00  -4.6047886e-04
  -9.4900000e+00  -6.5169623e-04
  -9.4800000e+00  -8.4981171e-04
  -9.4700000e+00  -1.0546329e-03
  -9.4600000e+00  -1.2659543e-03
  -9.4500000e+00  -1.4835576e-03
  -9.4400000e+00  -1.7072118e-03
  -9.4300000e+00  -1.9366736e-03
  -9.4200000e+00  -2.1716875e-03
  -9.4100000e+00  -2.4119863e-03
  -9.4000000e+00  -2.6572910e-03
  -9.3900000e+00  -2.9073115e-03
  -9.3800000e+00  -3.1617471e-03
  -9.3700000e+00  -3.4202860e-03
  -9.3600000e+00  -3.6826067e-03
  -9.3500000e+00  -3.9483776e-03
  -9.3400000e+00  -4.2172578e-03
  -9.3300000e+00  -4.4888974e-03
  -9.3200000e+00  -4.7629377e-03
  -9.3100000e+00  -5.0390120e-03
  -9.3000000e+00  -5.3167460e-03
  -9.2900000e+00  -5.5957578e-03
  -9.2800000e+00  -5.8756590e-03
  -9.2700000e+00  -6.1560546e-03
  -9.2600000e+00  -6.4365438e-03
  -9.2500000e+00  -6.7167207e-03
  -9.2400000e+00  -6.9961741e-03
  -9.2300000e+00  -7.2744890e-03
  -9.2200000e+00  -7.5512460e-03
  -9.2100000e+00  -7.8260228e-03
  -9.2000000e+00  -8.0983942e-03
  -9.1900000e+00  -8.3679327e-03
  -9.1800000e+00  -8.6342094e-03
  -9.1700000e+00  -8.8967938e-03
  -9.1600000e+00  -9.1552553e-03
  -9.1500000e+00  -9.4091628e-03
  -9.1400000e+00  -9.6580862e-03
  -9.1300000e+00  -9.9015960e-03
  -9.1200000e+00  -1.0139265e-02
  -9.1100000e+00  -1.0370667e-02
  -9.1000000e+00  -1.0595380e-02
  -9.0900000e+00  -1.0812984e-02
  -9.0800000e+00  -1.1023064e-02
  -9.0700000e+00  -1.1225209e-02
  -9.0600000e+00  -1.1419013e-02
  -9.0500000e+00  -1.1604076e-02
  -9.0400000e+00  -1.1780002e-02
  -9.0300000e+00  -1.1946403e-02
  -9.0200000e+00  -1.2102901e-02
  -9.0100000e+00  -1.2249120e-02
  -9.0000000e+00  -1.2384696e-02
  -8.9900000e+00  -1.2509274e-02
  -8.9800000e+00  -1.2622505e-02
  -8.9700000e+00  -1.2724054e-02
  -8.9600000e+00  -1.2813592e-02
  -8.9500000e+00  -1.2890804e-02
  -8.9400000e+00  -1.2955383e-02
  -8.9300000e+00  -1.3007038e-02
  -8.9200000e+00  -1.3045485e-02
  -8.9100000e+00  -1.3070455e-02
  -8.9000000e+00  -1.3081693e-02
  -8.8900000e+00  -1.3078956e-02
  -8.8800000e+00  -1.3062013e-02
  -8.8700000e+00  -1.3030650e-02
  -8.8600000e+00  -1.2984666e-02
  -8.8500000e+00  -1.2923875e-02
  -8.8400000e+00  -1.2848106e-02
  -8.8300000e+00  -1.2757204e-02
  -8.8200000e+00  -1.2651028e-02
  -8.8100000e+00  -1.2529455e-02
  -8.8000000e+00  -1.2392378e-02
  -8.7900000e+00  -1.2239705e-02
  -8.7800000e+00  -1.2071363e-02
  -8.7700000e+00  -1.1887295e-02
  -8.7600000e+00  -1.1687459e-02
  -8.7500000e+00  -1.1471835e-02
  -8.7400000e+00  -1.1240417e-02
  -8.7300000e+00  -1.0993217e-02
  -8.7200000e+00  -1.0730266e-02
  -8.7100000e+00  -1.0451613e-02
  -8.7000000e+00  -1.0157323e-02
  -8.6900000e+00  -9.8474822e-03
  -8.6800000e+00  -9.5221918e-03
  -8.6700000e+00  -9.1815730e-03
  -8.6600000e+00  -8.8257645e-03
  -8.6500000e+00  -8.4549233e-03
  -8.6400000e+00  -8.0692245e-03
  -8.6300000e+00  -7.6688612e-03
  -8.6200000e+00  -7.2540446e-03
  -8.6100000e+00  -6.8250037e-03
  -8.6000000e+00  -6.3819851e-03
  -8.5900000e+00  -5.9252534e-03
  -8.5800000e+00  -5.4550904e-03
  -8.5700000e+00  -4.9717955e-03
  -8.5600000e+00  -4.4756849e-03
  -8.5500000e+00  -3.9670921e-03
  -8.5400000e+00  -3.4463669e-03
  -8.5300000e+00  -2.9138760e-03
  -8.5200000e+00  -2.3700021e-03
  -8.5100000e+00  -1.8151436e-03
  -8.5000000e+00  -1.2497148e-03
  -8.4900000e+00  -6.7414530e-04
  -8.4800000e+00  -8.8879484e-05
  -8.4700000e+00   5.0562354e-04
  -8.4600000e+00   1.1088904e-03
  -8.4500000e+00   1.7204341e-03
  -8.4400000e+00   2.3397537e-03
  -8.4300000e+00   2.9663358e-03
  -8.4200000e+00   3.5996540e-03
  -8.4100000e+00   4.2391699e-03
  -8.4000000e+00   4.8843333e-03
  -8.3900000e+00   5.5345830e-03
  -8.3800000e+00   6.1893467e-03
  -8.3700000e+00   6.8480423e-03
  -8.3600000e+00   7.5100778e-03
  -8.3500000e+00   8.1748518e-03
  -8.3400000e+00   8.8417546e-03
  -8.3300000e+00   9.5101682e-03
  -8.3200000e+00   1.0179467e-02
  -8.3100000e+00   1.0849019e-02
  -8.3000000e+00   1.1518185e-02
  -8.2900000e+00   1.2186321e-02
  -8.2800000e+00   1.2852776e-02
  -8.2700000e+00   1.3516896e-02
  -8.2600000e+00   1.4178023e-02
  -8.2500000e+00   1.4835496e-02
  -8.2400000e+00   1.5488649e-02
  -8.2300000e+00   1.6136816e-02
  -8.2200000e+00   1.6779328e-02
  -8.2100000e+00   1.7415519e-02
  -8.2000000e+00   1.8044717e-02
  -8.1900000e+00   1.8666254e-02
  -8.1800000e+00   1.9279463e-02
  -8.1700000e+00   1.9883679e-02
  -8.1600000e+00   2.0478237e-02
  -8.1500000e+00   2.1062478e-02
  -8.1400000e+00   2.1635744e-02
  -8.1300000e+00   2.2197384e-02
  -8.1200000e+00   2.2746751e-02
  -8.1100000e+00   2.3283202e-02
  -8.1000000e+00   2.3806103e-02
  -8.0900000e+00   2.4314825e-02
  -8.0800000e+00   2.4808747e-02
  -8.0700000e+00   2.5287258e-02
  -8.0600000e+00   2.5749752e-02
  -8.0500000e+00   2.6195637e-02
  -8.0400000e+00   2.6624327e-02
  -8.0300000e+00   2.7035249e-02
  -8.0200000e+00   2.7427842e-02
  -8.0100000e+00   2.7801554e-02
  -8.0000000e+00   2.8155847e-02
  -7.9900000e+00   2.8490197e-02
  -7.9800000e+00   2.8804093e-02
  -7.9700000e+00   2.9097037e-02
  -7.9600000e+00   2.9368547e-02
  -7.9500000e+00   2.9618156e-02
  -7.9400000e+00   2.9845411e-02
  -7.9300000e+00   3.0049879e-02
  -7.9200000e+00   3.0231139e-02
  -7.9100000e+00   3.0388792e-02
  -7.9000000e+00   3.0522453e-02
  -7.8900000e+00   3.0631757e-02
  -7.8800000e+00   3.0716356e-02
  -7.8700000e+00   3.0775924e-02
  -7.8600000e+00   3.0810152e-02
  -7.8500000e+00   3.0818750e-02
  -7.8400000e+00   3.0801451e-02
  -7.8300000e+00   3.0758006e-02
  -7.8200000e+00   3.0688189e-02
  -7.8100000e+00   3.0591793e-02
  -7.8000000e+00   3.0468634e-02
  -7.7900000e+00   3.0318550e-02
  -7.7800000e+00   3.0141399e-02
  -7.7700000e+00   2.9937065e-02
  -7.7600000e+00   2.9705450e-02
  -7.7500000e+00   2.9446482e-02
  -7.7400000e+00   2.9160111e-02
  -7.7300000e+00   2.8846310e-02
  -7.7200000e+00   2.8505076e-02
  -7.7100000e+00   2.8136429e-02
  -7.7000000e+00   2.7740411e-02
  -7.6900000e+00   2.7317090e-02
  -7.6800000e+00   2.6866557e-02
  -7.6700000e+00   2.6388925e-02
  -7.6600000e+00   2.5884334e-02
  -7.6500000e+00   2.5352945e-02
  -7.6400000e+00   2.4794944e-02
  -7.6300000e+00   2.4210541e-02
  -7.6200000e+00   2.3599968e-02
  -7.6100000e+00   2.2963483e-02
  -7.6000000e+00   2.2301367e-02
  -7.5900000e+00   2.1613923e-02
  -7.5800000e+00   2.0901479e-02
  -7.5700000e+00   2.0164385e-02
  -7.5600000e+00   1.9403014e-02
  -7.5500000e+00   1.8617763e-02
  -7.5400000e+00   1.7809050e-02
  -7.5300000e+00   1.6977318e-02
  -7.5200000e+00   1.6123028e-02
  -7.5100000e+00   1.5246667e-02
  -7.5000000e+00   1.4348741e-02
  -7.4900000e+00   1.3429778e-02
  -7.4800000e+00   1.2490327e-02
  -7.4700000e+00   1.1530957e-02
  -7.4600000e+00   1.0552259e-02
  -7.4500000e+00   9.5548416e-03
  -7.4400000e+00   8.5393341e-03
  -7.4300000e+00   7.5063846e-03
  -7.4200000e+00   6.4566597e-03
  -7.4100000e+00   5.3908442e-03
  -7.4000000e+00   4.3096406e-03
  -7.3900000e+00   3.2137686e-03
  -7.3800000e+00   2.1039646e-03
  -7.3700000e+00   9.8098132e-04
  -7.3600000e+00  -1.5441308e-04
  -7.3500000e+00  -1.3014352e-03
  -7.3400000e+00  -2.4592869e-03
  -7.3300000e+00  -3.6271563e-03
  -7.3200000e+00  -4.8042180e-03
  -7.3100000e+00  -5.9896337e-03
  -7.3000000e+00  -7.1825528e-03
  -7.2900000e+00  -8.3821132e-03
  -7.2800000e+00  -9.5874418e-03
  -7.2700000e+00  -1.0797655e-02
  -7.2600000e+00  -1.2011860e-02
  -7.2500000e+00  -1.3229154e-02
  -7.2400000e+00  -1.4448627e-02
  -7.2300000e+00  -1.5669361e-02
  -7.2200000e+00  -1.6890429e-02
  -7.2100000e+00  -1.8110901e-02
  -7.2000000e+00  -1.9329839e-02
  -7.1900000e+00  -2.0546301e-02
  -7.1800000e+00  -2.1759339e-02
  -7.1700000e+00  -2.2968006e-02
  -7.1600000e+00  -2.4171346e-02
  -7.1500000e+00  -2.5368406e-02
  -7.1400000e+00  -2.6558230e-02
  -7.1300000e+00  -2.7739860e-02
  -7.1200000e+00  -2.8912339e-02
  -7.1100000e+00  -3.0074713e-02
  -7.1000000e+00  -3.1226025e-02
  -7.0900000e+00  -3.2365326e-02
  -7.0800000e+00  -3.3491664e-02
  -7.0700000e+00  -3.4604096e-02
  -7.0600000e+00  -3.5701680e-02
  -7.0500000e+00  -3.6783481e-02
  -7.0400000e+00  -3.7848570e-02
  -7.0300000e+00  -3.8896023e-02
  -7.0200000e+00  -3.9924926e-02
  -7.0100000e+00  -4.0934370e-02
  -7.0000000e+00  -4.1923458e-02
  -6.9900000e+00  -4.2891300e-02
  -6.9800000e+00  -4.3837019e-02
  -6.9700000e+00  -4.4759745e-02
  -6.9600000e+00  -4.5658624e-02
  -6.9500000e+00  -4.6532811e-02
  -6.9400000e+00  -4.7381476e-02
  -6.9300000e+00  -4.8203802e-02
  -6.9200000e+00  -4.8998985e-02
  -6.9100000e+00  -4.9766238e-02
  -6.9000000e+00  -5.0504790e-02
  -6.8900000e+00  -5.1213883e-02
  -6.8800000e+00  -5.1892779e-02
  -6.8700000e+00  -5.2540756e-02
  -6.8600000e+00  -5.3157111e-02
  -6.8500000e+00  -5.3741158e-02
  -6.8400000e+00  -5.4292232e-02
  -6.8300000e+00  -5.4809687e-02
  -6.8200000e+00  -5.5292897e-02
  -6.8100000e+00  -5.5741257e-02
  -6.8000000e+00  -5.6154185e-02
  -6.7900000e+00  -5.6531117e-02
  -6.7800000e+00  -5.6871515e-02
  -6.7700000e+00  -5.7174862e-02
  -6.7600000e+00  -5.7440665e-02
  -6.7500000e+00  -5.7668455e-02
  -6.7400000e+00  -5.7857786e-02
  -6.7300000e+00  -5.8008237e-02
  -6.7200000e+00  -5.8119412e-02
  -6.7100000e+00  -5.8190940e-02
  -6.7000000e+00  -5.8222477e-02
  -6.6900000e+00  -5.8213703e-02
  -6.6800000e+00  -5.8164326e-02
  -6.6700000e+00  -5.8074079e-02
  -6.6600000e+00  -5.7942723e-02
  -6.6500000e+00  -5.7770047e-02
  -6.6400000e+00  -5.7555864e-02
  -6.6300000e+00  -5.7300019e-02
  -6.6200000e+00  -5.7002382e-02
  -6.6100000e+00  -5.6662851e-02
  -6.6000000e+00  -5.6281354e-02
  -6.5900000e+00  -5.5857846e-02
  -6.5800000e+00  -5.5392310e-02
  -6.5700000e+00  -5.4884760e-02
  -6.5600000e+00  -5.4335235e-02
  -6.5500000e+00  -5.3743805e-02
  -6.5400000e+00  -5.3110570e-02
  -6.5300000e+00  -5.2435656e-02
  -6.5200000e+00  -5.1719220e-02
  -6.5100000e+00  -5.0961446e-02
  -6.5000000e+00  -5.0162548e-02
  -6.4900000e+00  -4.9322769e-02
  -6.4800000e+00  -4.8442379e-02
  -6.4700000e+00  -4.7521679e-02
  -6.4600000e+00  -4.6560997e-02
  -6.4500000e+00  -4.5560690e-02
  -6.4400000e+00  -4.4521141e-02
  -6.4300000e+00  -4.3442765e-02
  -6.4200000e+00  -4.2326001e-02
  -6.4100000e+00  -4.1171318e-02
  -6.4000000e+00  -3.9979212e-02
  -6.3900000e+00  -3.8750205e-02
  -6.3800000e+00  -3.7484849e-02
  -6.3700000e+00  -3.6183718e-02
  -6.3600000e+00  -3.4847416e-02
  -6.3500000e+00  -3.3476572e-02
  -6.3400000e+00  -3.2071841e-02
  -6.3300000e+00  -3.0633902e-02
  -6.3200000e+00  -2.9163461e-02
  -6.3100000e+00  -2.7661247e-02
  -6.3000000e+00  -2.6128013e-02
  -6.2900000e+00  -2.4564538e-02
  -6.2800000e+00  -2.2971623e-02
  -6.2700000e+00  -2.1350091e-02
  -6.2600000e+00  -1.9700788e-02
  -6.2500000e+00  -1.8024583e-02
  -6.2400000e+00  -1.6322366e-02
  -6.2300000e+00  -1.4595047e-02
  -6.2200000e+00  -1.2843558e-02
  -6.2100000e+00  -1.1068849e-02
  -6.2000000e+00  -9.2718908e-03
  -6.1900000e+00  -7.4536730e-03
  -6.1800000e+00  -5.6152027e-03
  -6.1700000e+00  -3.7575052e-03
  -6.1600000e+00  -1.8816225e-03
  -6.1500000e+00   1.1386827e-05
  -6.1400000e+00   1.9204484e-03
  -6.1300000e+00   3.8444727e-03
  -6.1200000e+00   5.7823557e-03
  -6.1100000e+00   7.7329794e-03
  -6.1000000e+00   9.6952127e-03
  -6.0900000e+00   1.1667912e-02
  -6.0800000e+00   1.3649921e-02
  -6.0700000e+00   1.5640074e-02
  -6.0600000e+00   1.7637192e-02
  -6.0500000e+00   1.9640090e-02
  -6.0400000e+00   2.1647571e-02
  -6.0300000e+00   2.3658429e-02
  -6.0200000e+00   2.5671454e-02
  -6.0100000e+00   2.7685426e-02
  -6.0000000e+00   2.9699119e-02
  -5.9900000e+00   3.1711303e-02
  -5.9800000e+00   3.3720742e-02
  -5.9700000e+00   3.5726196e-02
  -5.9600000e+00   3.7726422e-02
  -5.9500000e+00   3.9720176e-02
  -5.9400000e+00   4.1706210e-02
  -5.9300000e+00   4.3683276e-02
  -5.9200000e+00   4.5650125e-02
  -5.9100000e+00   4.7605509e-02
  -5.9000000e+00   4.9548181e-02
  -5.8900000e+00   5.1476898e-02
  -5.8800000e+00   5.3390416e-02
  -5.8700000e+00   5.5287497e-02
  -5.8600000e+00   5.7166906e-02
  -5.8500000e+00   5.9027414e-02
  -5.8400000e+00   6.0867798e-02
  -5.8300000e+00   6.2686839e-02
  -5.8200000e+00   6.4483327e-02
  -5.8100000e+00   6.6256061e-02
  -5.8000000e+00   6.8003845e-02
  -5.7900000e+00   6.9725496e-02
  -5.7800000e+00   7.1419840e-02
  -5.7700000e+00   7.3085712e-02
  -5.7600000e+00   7.4721960e-02
  -5.7500000e+00   7.6327443e-02
  -5.7400000e+00   7.7901035e-02
  -5.7300000e+00   7.9441622e-02
  -5.7200000e+00   8.0948103e-02
  -5.7100000e+00   8.2419394e-02
  -5.7000000e+00   8.3854425e-02
  -5.6900000e+00   8.5252143e-02
  -5.6800000e+00   8.6611511e-02
  -5.6700000e+00   8.7931510e-02
  -5.6600000e+00   8.9211138e-02
  -5.6500000e+00   9.0449413e-02
  -5.6400000e+00   9.1645371e-02
  -5.6300000e+00   9.2798068e-02
  -5.6200000e+00   9.3906581e-02
  -5.6100000e+00   9.4970008e-02
  -5.6000000e+00   9.5987466e-02
  -5.5900000e+00   9.6958098e-02
  -5.5800000e+00   9.7881065e-02
  -5.5700000e+00   9.8755555e-02
  -5.5600000e+00   9.9580778e-02
  -5.5500000e+00   1.0035597e-01
  -5.5400000e+00   1.0108038e-01
  -5.5300000e+00   1.0175330e-01
  -5.5200000e+00   1.0237403e-01
  -5.5100000e+00   1.0294192e-01
  -5.5000000e+00   1.0345631e-01
  -5.4900000e+00   1.0391660e-01
  -5.4800000e+00   1.0432220e-01
  -5.4700000e+00   1.0467256e-01
  -5.4600000e+00   1.0496713e-01
  -5.4500000e+00   1.0520542e-01
  -5.4400000e+00   1.0538695e-01
  -5.4300000e+00   1.0551128e-01
  -5.4200000e+00   1.0557799e-01
  -5.4100000e+00   1.0558669e-01
  -5.4000000e+00   1.0553701e-01
  -5.3900000e+00   1.0542864e-01
  -5.3800000e+00   1.0526128e-01
  -5.3700000e+00   1.0503464e-01
  -5.3600000e+00   1.0474850e-01
  -5.3500000e+00   1.0440265e-01
  -5.3400000e+00   1.0399690e-01
  -5.3300000e+00   1.0353112e-01
  -5.3200000e+00   1.0300518e-01
  -5.3100000e+00   1.0241899e-01
  -5.3000000e+00   1.0177251e-01
  -5.2900000e+00   1.0106572e-01
  -5.2800000e+00   1.0029861e-01
  -5.2700000e+00   9.9471228e-02
  -5.2600000e+00   9.8583646e-02
  -5.2500000e+00   9.7635965e-02
  -5.2400000e+00   9.6628318e-02
  -5.2300000e+00   9.5560867e-02
  -5.2200000e+00   9.4433810e-02
  -5.2100000e+00   9.3247371e-02
  -5.2000000e+00   9.2001808e-02
  -5.1900000e+00   9.0697411e-02
  -5.1800000e+00   8.9334496e-02
  -5.1700000e+00   8.7913416e-02
  -5.1600000e+00   8.6434549e-02
  -5.1500000e+00   8.4898308e-02
  -5.1400000e+00   8.3305132e-02
  -5.1300000e+00   8.1655493e-02
  -5.1200000e+00   7.9949891e-02
  -5.1100000e+00   7.8188858e-02
  -5.1000000e+00   7.6372953e-02
  -5.0900000e+00   7.4502765e-02
  -5.0800000e+00   7.2578912e-02
  -5.0700000e+00   7.0602040e-02
  -5.0600000e+00   6.8572825e-02
  -5.0500000e+00   6.6491969e-02
  -5.0400000e+00   6.4360202e-02
  -5.0300000e+00   6.2178283e-02
  -5.0200000e+00   5.9946997e-02
  -5.0100000e+00   5.7667154e-02
  -5.0000000e+00   5.5339593e-02
  -4.9900000e+00   5.2965178e-02
  -4.9800000e+00   5.0544797e-02
  -4.9700000e+00   4.8079365e-02
  -4.9600000e+00   4.5569821e-02
  -4.9500000e+00   4.3017128e-02
  -4.9400000e+00   4.0422274e-02
  -4.9300000e+00   3.7786267e-02
  -4.9200000e+00   3.5110143e-02
  -4.9100000e+00   3.2394956e-02
  -4.9000000e+00   2.9641784e-02
  -4.8900000e+00   2.6851727e-02
  -4.8800000e+00   2.4025903e-02
  -4.8700000e+00   2.1165454e-02
  -4.8600000e+00   1.8271540e-02
  -4.8500000e+00   1.5345340e-02
  -4.8400000e+00   1.2388052e-02
  -4.8300000e+00   9.4008950e-03
  -4.8200000e+00   6.3851015e-03
  -4.8100000e+00   3.3419239e-03
  -4.8000000e+00   2.7263012e-04
  -4.7900000e+00  -2.8214954e-03
  -4.7800000e+00  -5.9391530e-03
  -4.7700000e+00  -9.0790281e-03
  -4.7600000e+00  -1.2239792e-02
  -4.7500000e+00  -1.5420102e-02
  -4.7400000e+00  -1.8618603e-02
  -4.7300000e+00  -2.1833927e-02
  -4.7200000e+00  -2.5064693e-02
  -4.7100000e+00  -2.8309512e-02
  -4.7000000e+00  -3.1566981e-02
  -4.6900000e+00  -3.4835689e-02
  -4.6800000e+00  -3.8114215e-02
  -4.6700000e+00  -4.1401129e-02
  -4.6600000e+00  -4.4694993e-02
  -4.6500000e+00  -4.7994363e-02
  -4.6400000e+00  -5.1297786e-02
  -4.6300000e+00  -5.4603804e-02
  -4.6200000e+00  -5.7910954e-02
  -4.6100000e+00  -6.1217767e-02
  -4.6000000e+00  -6.4522770e-02
  -4.5900000e+00  -6.7824487e-02
  -4.5800000e+00  -7.1121438e-02
  -4.5700000e+00  -7.4412142e-02
  -4.5600000e+00  -7.7695115e-02
  -4.5500000e+00  -8.0968872e-02
  -4.5400000e+00  -8.4231929e-02
  -4.5300000e+00  -8.7482801e-02
  -4.5200000e+00  -9.0720004e-02
  -4.5100000e+00  -9.3942056e-02
  -4.5000000e+00  -9.7147477e-02
  -4.4900000e+00  -1.0033479e-01
  -4.4800000e+00  -1.0350252e-01
  -4.4700000e+00  -1.0664919e-01
  -4.4600000e+00  -1.0977335e-01
  -4.4500000e+00  -1.1287352e-01
  -4.4400000e+00  -1.1594827e-01
  -4.4300000e+00  -1.1899613e-01
  -4.4200000e+00  -1.2201566e-01
  -4.4100000e+00  -1.2500544e-01
  -4.4000000e+00  -1.2796404e-01
  -4.3900000e+00  -1.3089003e-01
  -4.3800000e+00  -1.3378202e-01
  -4.3700000e+00  -1.3663861e-01
  -4.3600000e+00  -1.3945840e-01
  -4.3500000e+00  -1.4224003e-01
  -4.3400000e+00  -1.4498213e-01
  -4.3300000e+00  -1.4768334e-01
  -4.3200000e+00  -1.5034232e-01
  -4.3100000e+00  -1.5295776e-01
  -4.3000000e+00  -1.5552834e-01
  -4.2900000e+00  -1.5805275e-01
  -4.2800000e+00  -1.6052972e-01
  -4.2700000e+00  -1.6295797e-01
  -4.2600000e+00  -1.6533626e-01
  -4.2500000e+00  -1.6766334e-01
  -4.2400000e+00  -1.6993800e-01
  -4.2300000e+00  -1.7215903e-01
  -4.2200000e+00  -1.7432525e-01
  -4.2100000e+00  -1.7643548e-01
  -4.2000000e+00  -1.7848859e-01
  -4.1900000e+00  -1.8048344e-01
  -4.1800000e+00  -1.8241892e-01
  -4.1700000e+00  -1.8429393e-01
  -4.1600000e+00  -1.8610741e-01
  -4.1500000e+00  -1.8785831e-01
  -4.1400000e+00  -1.8954559e-01
  -4.1300000e+00  -1.9116824e-01
  -4.1200000e+00  -1.9272529e-01
  -4.1100000e+00  -1.9421576e-01
  -4.1000000e+00  -1.9563871e-01
  -4.0900000e+00  -1.9699322e-01
  -4.0800000e+00  -1.9827839e-01
  -4.0700000e+00  -1.9949335e-01
  -4.0600000e+00  -2.0063724e-01
  -4.0500000e+00  -2.0170924e-01
  -4.0400000e+00  -2.0270854e-01
  -4.0300000e+00  -2.0363437e-01
  -4.0200000e+00  -2.0448596e-01
  -4.0100000e+00  -2.0526260e-01
  -4.0000000e+00  -2.0596356e-01
  -3.9900000e+00  -2.0658818e-01
  -3.9800000e+00  -2.0713580e-01
  -3.9700000e+00  -2.0760578e-01
  -3.9600000e+00  -2.0799753e-01
  -3.9500000e+00  -2.0831046e-01
  -3.9400000e+00  -2.0854403e-01
  -3.9300000e+00  -2.0869770e-01
  -3.9200000e+00  -2.0877099e-01
  -3.9100000e+00  -2.0876340e-01
  -3.9000000e+00  -2.0867451e-01
  -3.8900000e+00  -2.0850388e-01
  -3.8800000e+00  -2.0825113e-01
  -3.8700000e+00  -2.0791588e-01
  -3.8600000e+00  -2.0749780e-01
  -3.8500000e+00  -2.0699658e-01
  -3.8400000e+00  -2.0641192e-01
  -3.8300000e+00  -2.0574358e-01
  -3.8200000e+00  -2.0499131e-01
  -3.8100000e+00  -2.0415491e-01
  -3.8000000e+00  -2.0323421e-01
  -3.7900000e+00  -2.0222904e-01
  -3.7800000e+00  -2.0113930e-01
  -3.7700000e+00  -1.9996487e-01
  -3.7600000e+00  -1.9870570e-01
  -3.7500000e+00  -1.9736172e-01
  -3.7400000e+00  -1.9593294e-01
  -3.7300000e+00  -1.9441936e-01
  -3.7200000e+00  -1.9282100e-01
  -3.7100000e+00  -1.9113795e-01
  -3.7000000e+00  -1.8937028e-01
  -3.6900000e+00  -1.8751811e-01
  -3.6800000e+00  -1.8558158e-01
  -3.6700000e+00  -1.8356086e-01
  -3.6600000e+00  -1.8145614e-01
  -3.6500000e+00  -1.7926764e-01
  -3.6400000e+00  -1.7699561e-01
  -3.6300000e+00  -1.7464032e-01
  -3.6200000e+00  -1.7220205e-01
  -3.6100000e+00  -1.6968113e-01
  -3.6000000e+00  -1.6707791e-01
  -3.5900000e+00  -1.6439275e-01
  -3.5800000e+00  -1.6162605e-01
  -3.5700000e+00  -1.5877823e-01
  -3.5600000e+00  -1.5584972e-01
  -3.5500000e+00  -1.5284100e-01
  -3.5400000e+00  -1.4975254e-01
  -3.5300000e+00  -1.4658488e-01
  -3.5200000e+00  -1.4333853e-01
  -3.5100000e+00  -1.4001406e-01
  -3.5000000e+00  -1.3661204e-01
  -3.4900000e+00  -1.3313309e-01
  -3.4800000e+00  -1.2957782e-01
  -3.4700000e+00  -1.2594688e-01
  -3.4600000e+00  -1.2224093e-01
  -3.4500000e+00  -1.1846067e-01
  -3.4400000e+00  -1.1460681e-01
  -3.4300000e+00  -1.1068006e-01
  -3.4200000e+00  -1.0668119e-01
  -3.4100000e+00  -1.0261095e-01
  -3.4000000e+00  -9.8470141e-02
  -3.3900000e+00  -9.4259565e-02
  -3.3800000e+00  -8.9980048e-02
  -3.3700000e+00  -8.5632434e-02
  -3.3600000e+00  -8.1217584e-02
  -3.3500000e+00  -7.6736377e-02
  -3.3400000e+00  -7.2189710e-02
  -3.3300000e+00  -6.7578496e-02
  -3.3200000e+00  -6.2903665e-02
  -3.3100000e+00  -5.8166162e-02
  -3.3000000e+00  -5.3366949e-02
  -3.2900000e+00  -4.8507003e-02
  -3.2800000e+00  -4.3587316e-02
  -3.2700000e+00  -3.8608894e-02
  -3.2600000e+00  -3.3572758e-02
  -3.2500000e+00  -2.8479942e-02
  -3.2400000e+00  -2.3331495e-02
  -3.2300000e+00  -1.8128476e-02
  -3.2200000e+00  -1.2871961e-02
  -3.2100000e+00  -7.5630328e-03
  -3.2000000e+00  -2.2027907e-03
  -3.1900000e+00   3.2076568e-03
  -3.1800000e+00   8.6671898e-03
  -3.1700000e+00   1.4174678e-02
  -3.1600000e+00   1.9728980e-02
  -3.1500000e+00   2.5328946e-02
  -3.1400000e+00   3.0973417e-02
  -3.1300000e+00   3.6661222e-02
  -3.1200000e+00   4.2391185e-02
  -3.1100000e+00   4.8162121e-02
  -3.1000000e+00   5.3972835e-02
  -3.0900000e+00   5.9822128e-02
  -3.0800000e+00   6.5708792e-02
  -3.0700000e+00   7.1631612e-02
  -3.0600000e+00   7.7589369e-02
  -3.0500000e+00   8.3580837e-02
  -3.0400000e+00   8.9604785e-02
  -3.0300000e+00   9.5659976e-02
  -3.0200000e+00   1.0174517e-01
  -3.0100000e+00   1.0785912e-01
  -3.0000000e+00   1.1400059e-01
  -2.9900000e+00   1.2016831e-01
  -2.9800000e+00   1.2636103e-01
  -2.9700000e+00   1.3257750e-01
  -2.9600000e+00   1.3881647e-01
  -2.9500000e+00   1.4507665e-01
  -2.9400000e+00   1.5135681e-01
  -2.9300000e+00   1.5765566e-01
  -2.9200000e+00   1.6397195e-01
  -2.9100000e+00   1.7030442e-01
  -2.9000000e+00   1.7665180e-01
  -2.8900000e+00   1.8301282e-01
  -2.8800000e+00   1.8938624e-01
  -2.8700000e+00   1.9577077e-01
  -2.8600000e+00   2.0216518e-01
  -2.8500000e+00   2.0856819e-01
  -2.8400000e+00   2.1497856e-01
  -2.8300000e+00   2.2139502e-01
  -2.8200000e+00   2.2781635e-01
  -2.8100000e+00   2.3424128e-01
  -2.8000000e+00   2.4066858e-01
  -2.7900000e+00   2.4709701e-01
  -2.7800000e+00   2.5352533e-01
  -2.7700000e+00   2.5995233e-01
  -2.7600000e+00   2.6637677e-01
  -2.7500000e+00   2.7279743e-01
  -2.7400000e+00   2.7921312e-01
  -2.7300000e+00   2.8562262e-01
  -2.7200000e+00   2.9202472e-01
  -2.7100000e+00   2.9841825e-01
  -2.7000000e+00   3.0480201e-01
  -2.6900000e+00   3.1117483e-01
  -2.6800000e+00   3.1753553e-01
  -2.6700000e+00   3.2388295e-01
  -2.6600000e+00   3.3021595e-01
  -2.6500000e+00   3.3653336e-01
  -2.6400000e+00   3.4283406e-01
  -2.6300000e+00   3.4911691e-01
  -2.6200000e+00   3.5538080e-01
  -2.6100000e+00   3.6162461e-01
  -2.6000000e+00   3.6784725e-01
  -2.5900000e+00   3.7404763e-01
  -2.5800000e+00   3.8022467e-01
  -2.5700000e+00   3.8637729e-01
  -2.5600000e+00   3.9250444e-01
  -2.5500000e+00   3.9860507e-01
  -2.5400000e+00   4.0467814e-01
  -2.5300000e+00   4.1072263e-01
  -2.5200000e+00   4.1673752e-01
  -2.5100000e+00   4.2272182e-01
  -2.5000000e+00   4.2867453e-01
  -2.4900000e+00   4.3459467e-01
  -2.4800000e+00   4.4048128e-01
  -2.4700000e+00   4.4633340e-01
  -2.4600000e+00   4.5215010e-01
  -2.4500000e+00   4.5793044e-01
  -2.4400000e+00   4.6367351e-01
  -2.4300000e+00   4.6937842e-01
  -2.4200000e+00   4.7504426e-01
  -2.4100000e+00   4.8067017e-01
  -2.4000000e+00   4.8625528e-01
  -2.3900000e+00   4.9179875e-01
  -2.3800000e+00   4.9729975e-01
  -2.3700000e+00   5.0275744e-01
  -2.3600000e+00   5.0817103e-01
  -2.3500000e+00   5.1353973e-01
  -2.3400000e+00   5.1886275e-01
  -2.3300000e+00   5.2413934e-01
  -2.3200000e+00   5.2936875e-01
  -2.3100000e+00   5.3455024e-01
  -2.3000000e+00   5.3968309e-01
  -2.2900000e+00   5.4476660e-01
  -2.2800000e+00   5.4980009e-01
  -2.2700000e+00   5.5478286e-01
  -2.2600000e+00   5.5971427e-01
  -2.2500000e+00   5.6459367e-01
  -2.2400000e+00   5.6942044e-01
  -2.2300000e+00   5.7419394e-01
  -2.2200000e+00   5.7891360e-01
  -2.2100000e+00   5.8357882e-01
  -2.2000000e+00   5.8818903e-01
  -2.1900000e+00   5.9274368e-01
  -2.1800000e+00   5.9724223e-01
  -2.1700000e+00   6.0168416e-01
  -2.1600000e+00   6.0606896e-01
  -2.1500000e+00   6.1039614e-01
  -2.1400000e+00   6.1466522e-01
  -2.1300000e+00   6.1887574e-01
  -2.1200000e+00   6.2302726e-01
  -2.1100000e+00   6.2711933e-01
  -2.1000000e+00   6.3115155e-01
  -2.0900000e+00   6.3512352e-01
  -2.0800000e+00   6.3903485e-01
  -2.0700000e+00   6.4288516e-01
  -2.0600000e+00   6.4667411e-01
  -2.0500000e+00   6.5040136e-01
  -2.0400000e+00   6.5406658e-01
  -2.0300000e+00   6.5766945e-01
  -2.0200000e+00   6.6120970e-01
  -2.0100000e+00   6.6468703e-01
  -2.0000000e+00   6.6810118e-01
  -1.9900000e+00   6.7145191e-01
  -1.9800000e+00   6.7473897e-01
  -1.9700000e+00   6.7796215e-01
  -1.9600000e+00   6.8112124e-01
  -1.9500000e+00   6.8421605e-01
  -1.9400000e+00   6.8724640e-01
  -1.9300000e+00   6.9021213e-01
  -1.9200000e+00   6.9311310e-01
  -1.9100000e+00   6.9594917e-01
  -1.9000000e+00   6.9872021e-01
  -1.8900000e+00   7.0142613e-01
  -1.8800000e+00   7.0406683e-01
  -1.8700000e+00   7.0664224e-01
  -1.8600000e+00   7.0915228e-01
  -1.8500000e+00   7.1159692e-01
  -1.8400000e+00   7.1397611e-01
  -1.8300000e+00   7.1628983e-01
  -1.8200000e+00   7.1853807e-01
  -1.8100000e+00   7.2072083e-01
  -1.8000000e+00   7.2283812e-01
  -1.7900000e+00   7.2488999e-01
  -1.7800000e+00   7.2687646e-01
  -1.7700000e+00   7.2879759e-01
  -1.7600000e+00   7.3065345e-01
  -1.7500000e+00   7.3244412e-01
  -1.7400000e+00   7.3416969e-01
  -1.7300000e+00   7.3583027e-01
  -1.7200000e+00   7.3742596e-01
  -1.7100000e+00   7.3895689e-01
  -1.7000000e+00   7.4042321e-01
  -1.6900000e+00   7.4182507e-01
  -1.6800000e+00   7.4316262e-01
  -1.6700000e+00   7.4443604e-01
  -1.6600000e+00   7.4564551e-01
  -1.6500000e+00   7.4679123e-01
  -1.6400000e+00   7.4787341e-01
  -1.6300000e+00   7.4889225e-01
  -1.6200000e+00   7.4984799e-01
  -1.6100000e+00   7.5074087e-01
  -1.6000000e+00   7.5157113e-01
  -1.5900000e+00   7.5233902e-01
  -1.5800000e+00   7.5304482e-01
  -1.5700000e+00   7.5368881e-01
  -1.5600000e+00   7.5427126e-01
  -1.5500000e+00   7.5479247e-01
  -1.5400000e+00   7.5525276e-01
  -1.5300000e+00   7.5565242e-01
  -1.5200000e+00   7.5599179e-01
  -1.5100000e+00   7.5627119e-01
  -1.5000000e+00   7.5649097e-01
  -1.4900000e+00   7.5665147e-01
  -1.4800000e+00   7.5675305e-01
  -1.4700000e+00   7.5679607e-01
  -1.4600000e+00   7.5678090e-01
  -1.4500000e+00   7.5670792e-01
  -1.4400000e+00   7.5657752e-01
  -1.4300000e+00   7.5639009e-01
  -1.4200000e+00   7.5614604e-01
  -1.4100000e+00   7.5584577e-01
  -1.4000000e+00   7.5548969e-01
  -1.3900000e+00   7.5507823e-01
  -1.3800000e+00   7.5461181e-01
  -1.3700000e+00   7.5409087e-01
  -1.3600000e+00   7.5351584e-01
  -1.3500000e+00   7.5288718e-01
  -1.3400000e+00   7.5220533e-01
  -1.3300000e+00   7.5147075e-01
  -1.3200000e+00   7.5068390e-01
  -1.3100000e+00   7.4984525e-01
  -1.3000000e+00   7.4895527e-01
  -1.2900000e+00   7.4801444e-01
  -1.2800000e+00   7.4702324e-01
  -1.2700000e+00   7.4598215e-01
  -1.2600000e+00   7.4489167e-01
  -1.2500000e+00   7.4375229e-01
  -1.2400000e+00   7.4256450e-01
  -1.2300000e+00   7.4132881e-01
  -1.2200000e+00   7.4004573e-01
  -1.2100000e+00   7.3871576e-01
  -1.2000000e+00   7.3733941e-01
  -1.1900000e+00   7.3591721e-01
  -1.1800000e+00   7.3444966e-01
  -1.1700000e+00   7.3293729e-01
  -1.1600000e+00   7.3138062e-01
  -1.1500000e+00   7.2978018e-01
  -1.1400000e+00   7.2813649e-01
  -1.1300000e+00   7.2645009e-01
  -1.1200000e+00   7.2472150e-01
  -1.1100000e+00   7.2295126e-01
  -1.1000000e+00   7.2113990e-01
  -1.0900000e+00   7.1928795e-01
  -1.0800000e+00   7.1739597e-01
  -1.0700000e+00   7.1546447e-01
  -1.0600000e+00   7.1349400e-01
  -1.0500000e+00   7.1148511e-01
  -1.0400000e+00   7.0943832e-01
  -1.0300000e+00   7.0735417e-01
  -1.0200000e+00   7.0523322e-01
  -1.0100000e+00   7.0307599e-01
  -1.0000000e+00   7.0088303e-01
  -9.9000000e-01   6.9865487e-01
  -9.8000000e-01   6.9639205e-01
  -9.7000000e-01   6.9409511e-01
  -9.6000000e-01   6.9176459e-01
  -9.5000000e-01   6.8940101e-01
  -9.4000000e-01   6.8700491e-01
  -9.3000000e-01   6.8457683e-01
  -9.2000000e-01   6.8211728e-01
  -9.1000000e-01   6.7962680e-01
  -9.0000000e-01   6.7710591e-01
  -8.9000000e-01   6.7455514e-01
  -8.8000000e-01   6.7197500e-01
  -8.7000000e-01   6.6936601e-01
  -8.6000000e-01   6.6672868e-01
  -8.5000000e-01   6.6406352e-01
  -8.4000000e-01   6.6137103e-01
  -8.3000000e-01   6.5865172e-01
  -8.2000000e-01   6.5590608e-01
  -8.1000000e-01   6.5313461e-01
  -8.0000000e-01   6.5033779e-01
  -7.9000000e-01   6.4751611e-01
  -7.8000000e-01   6.4467003e-01
  -7.7000000e-01   6.4180004e-01
  -7.6000000e-01   6.3890658e-01
  -7.5000000e-01   6.3599013e-01
  -7.4000000e-01   6.3305113e-01
  -7.3000000e-01   6.3009002e-01
  -7.2000000e-01   6.2710723e-01
  -7.1000000e-01   6.2410319e-01
  -7.0000000e-01   6.2107832e-01
  -6.9000000e-01   6.1803302e-01
  -6.8000000e-01   6.1496768e-01
  -6.7000000e-01   6.1188270e-01
  -6.6000000e-01   6.0877844e-01
  -6.5000000e-01   6.0565526e-01
  -6.4000000e-01   6.0251351e-01
  -6.3000000e-01   5.9935352e-01
  -6.2000000e-01   5.9617561e-01
  -6.1000000e-01   5.9298006e-01
  -6.0000000e-01   5.8976718e-01
  -5.9000000e-01   5.8653720e-01
  -5.8000000e-01   5.8329039e-01
  -5.7000000e-01   5.8002694e-01
  -5.6000000e-01   5.7674707e-01
  -5.5000000e-01   5.7345093e-01
  -5.4000000e-01   5.7013865e-01
  -5.3000000e-01   5.6681036e-01
  -5.2000000e-01   5.6346612e-01
  -5.1000000e-01   5.6010596e-01
  -5.0000000e-01   5.5672987e-01
  -4.9000000e-01   5.5333782e-01
  -4.8000000e-01   5.4992968e-01
  -4.7000000e-01   5.4650532e-01
  -4.6000000e-01   5.4306451e-01
  -4.5000000e-01   5.3960697e-01
  -4.4000000e-01   5.3613234e-01
  -4.3000000e-01   5.3264018e-01
  -4.2000000e-01   5.2912996e-01
  -4.1000000e-01   5.2560104e-01
  -4.0000000e-01   5.2205265e-01
  -3.9000000e-01   5.1848392e-01
  -3.8000000e-01   5.1489380e-01
  -3.7000000e-01   5.1128109e-01
  -3.6000000e-01   5.0764438e-01
  -3.5000000e-01   5.0398205e-01
  -3.4000000e-01   5.0029220e-01
  -3.3000000e-01   4.9657268e-01
  -3.2000000e-01   4.9282095e-01
  -3.1000000e-01   4.8903410e-01
  -3.0000000e-01   4.8520875e-01
  -2.9000000e-01   4.8134096e-01
  -2.8000000e-01   4.7742615e-01
  -2.7000000e-01   4.7345899e-01
  -2.6000000e-01   4.6943318e-01
  -2.5000000e-01   4.6534137e-01
  -2.4000000e-01   4.6117481e-01
  -2.3000000e-01   4.5692315e-01
  -2.2000000e-01   4.5257400e-01
  -2.1000000e-01   4.4811246e-01
  -2.0000000e-01   4.4352047e-01
  -1.9000000e-01   4.3877600e-01
  -1.8000000e-01   4.3385189e-01
  -1.7000000e-01   4.2871434e-01
  -1.6000000e-01   4.2332085e-01
  -1.5000000e-01   4.1761724e-01
  -1.4000000e-01   4.1153350e-01
  -1.3000000e-01   4.0497772e-01
  -1.2000000e-01   3.9782697e-01
  -1.1000000e-01   3.8991337e-01
  -1.0000000e-01   3.8100198e-01
  -9.0000000e-02   3.7075455e-01
  -8.0000000e-02   3.5866745e-01
  -7.0000000e-02   3.4396022e-01
  -6.0000000e-02   3.2536398e-01
  -5.0000000e-02   3.0069377e-01
  -4.0000000e-02   2.6592936e-01
  -3.0000000e-02   2.1319929e-01
  -2.0000000e-02   1.2775159e-01
  -1.0000000e-02   1.5877402e-02
   0.0000000e+00   3.1247336e-01
   1.0000000e-02   7.4060909e-01
   2.0000000e-02   7.0078213e-01
   3.0000000e-02   6.3434834e-01
   4.0000000e-02   5.8630549e-01
   5.0000000e-02   5.5179298e-01
   6.0000000e-02   5.2582869e-01
   7.0000000e-02   5.0539410e-01
   8.0000000e-02   4.8869510e-01
   9.0000000e-02   4.7462612e-01
   1.0000000e-01   4.6247628e-01
   1.1000000e-01   4.5177013e-01
   1.2000000e-01   4.4217851e-01
   1.3000000e-01   4.3346661e-01
   1.4000000e-01   4.2546255e-01
   1.5000000e-01   4.1803765e-01
   1.6000000e-01   4.1109364e-01
   1.7000000e-01   4.0455422e-01
   1.8000000e-01   3.9835920e-01
   1.9000000e-01   3.9246044e-01
   2.0000000e-01   3.8681899e-01
   2.1000000e-01   3.8140298e-01
   2.2000000e-01   3.7618608e-01
   2.3000000e-01   3.7114633e-01
   2.4000000e-01   3.6626525e-01
   2.5000000e-01   3.6152722e-01
   2.6000000e-01   3.5691889e-01
   2.7000000e-01   3.5242881e-01
   2.8000000e-01   3.4804710e-01
   2.9000000e-01   3.4376517e-01
   3.0000000e-01   3.3957554e-01
   3.1000000e-01   3.3547164e-01
   3.2000000e-01   3.3144768e-01
   3.3000000e-01   3.2749855e-01
   3.4000000e-01   3.2361972e-01
   3.5000000e-01   3.1980713e-01
   3.6000000e-01   3.1605718e-01
   3.7000000e-01   3.1236660e-01
   3.8000000e-01   3.0873249e-01
   3.9000000e-01   3.0515220e-01
   4.0000000e-01   3.0162336e-01
   4.1000000e-01   2.9814378e-01
   4.2000000e-01   2.9471150e-01
   4.3000000e-01   2.9132472e-01
   4.4000000e-01   2.8798180e-01
   4.5000000e-01   2.8468122e-01
   4.6000000e-01   2.8142160e-01
   4.7000000e-01   2.7820166e-01
   4.8000000e-01   2.7502022e-01
   4.9000000e-01   2.7187620e-01
   5.0000000e-01   2.6876858e-01
   5.1000000e-01   2.6569643e-01
   5.2000000e-01   2.6265887e-01
   5.3000000e-01   2.5965509e-01
   5.4000000e-01   2.5668434e-01
   5.5000000e-01   2.5374591e-01
   5.6000000e-01   2.5083912e-01
   5.7000000e-01   2.4796336e-01
   5.8000000e-01   2.4511804e-01
   5.9000000e-01   2.4230261e-01
   6.0000000e-01   2.3951654e-01
   6.1000000e-01   2.3675935e-01
   6.2000000e-01   2.3403056e-01
   6.3000000e-01   2.3132973e-01
   6.4000000e-01   2.2865645e-01
   6.5000000e-01   2.2601031e-01
   6.6000000e-01   2.2339094e-01
   6.7000000e-01   2.2079797e-01
   6.8000000e-01   2.1823105e-01
   6.9000000e-01   2.1568986e-01
   7.0000000e-01   2.1317407e-01
   7.1000000e-01   2.1068338e-01
   7.2000000e-01   2.0821750e-01
   7.3000000e-01   2.0577615e-01
   7.4000000e-01   2.0335904e-01
   7.5000000e-01   2.0096593e-01
   7.6000000e-01   1.9859655e-01
   7.7000000e-01   1.9625067e-01
   7.8000000e-01   1.9392803e-01
   7.9000000e-01   1.9162842e-01
   8.0000000e-01   1.8935161e-01
   8.1000000e-01   1.8709737e-01
   8.2000000e-01   1.8486551e-01
   8.3000000e-01   1.8265581e-01
   8.4000000e-01   1.8046806e-01
   8.5000000e-01   1.7830208e-01
   8.6000000e-01   1.7615767e-01
   8.7000000e-01   1.7403464e-01
   8.8000000e-01   1.7193281e-01
   8.9000000e-01   1.6985199e-01
   9.0000000e-01   1.6779202e-01
   9.1000000e-01   1.6575270e-01
   9.2000000e-01   1.6373388e-01
   9.3000000e-01   1.6173539e-01
   9.4000000e-01   1.5975705e-01
   9.5000000e-01   1.5779870e-01
   9.6000000e-01   1.5586019e-01
   9.7000000e-01   1.5394135e-01
   9.8000000e-01   1.5204203e-01
   9.9000000e-01   1.5016207e-01
   1.0000000e+00   1.4830132e-01
   1.0100000e+00   1.4645962e-01
   1.0200000e+00   1.4463683e-01
   1.0300000e+00   1.4283280e-01
   1.0400000e+00   1.4104739e-01
   1.0500000e+00   1.3928043e-01
   1.0600000e+00   1.3753180e-01
   1.0700000e+00   1.3580135e-01
   1.0800000e+00   1.3408894e-01
   1.0900000e+00   1.3239442e-01
   1.1000000e+00   1.3071766e-01
   1.1100000e+00   1.2905851e-01
   1.1200000e+00   1.2741685e-01
   1.1300000e+00   1.2579253e-01
   1.1400000e+00   1.2418542e-01
   1.1500000e+00   1.2259538e-01
   1.1600000e+00   1.2102228e-01
   1.1700000e+00   1.1946599e-01
   1.1800000e+00   1.1792636e-01
   1.1900000e+00   1.1640328e-01
   1.2000000e+00   1.1489661e-01
   1.2100000e+00   1.1340622e-01
   1.2200000e+00   1.1193198e-01
   1.2300000e+00   1.1047376e-01
   1.2400000e+00   1.0903143e-01
   1.2500000e+00   1.0760487e-01
   1.2600000e+00   1.0619395e-01
   1.2700000e+00   1.0479853e-01
   1.2800000e+00   1.0341850e-01
   1.2900000e+00   1.0205373e-01
   1.3000000e+00   1.0070409e-01
   1.3100000e+00   9.9369462e-02
   1.3200000e+00   9.8049720e-02
   1.3300000e+00   9.6744741e-02
   1.3400000e+00   9.5454401e-02
   1.3500000e+00   9.4178579e-02
   1.3600000e+00   9.2917152e-02
   1.3700000e+00   9.1670000e-02
   1.3800000e+00   9.0437002e-02
   1.3900000e+00   8.9218038e-02
   1.4000000e+00   8.8012987e-02
   1.4100000e+00   8.6821731e-02
   1.4200000e+00   8.5644152e-02
   1.4300000e+00   8.4480130e-02
   1.4400000e+00   8.3329548e-02
   1.4500000e+00   8.2192290e-02
   1.4600000e+00   8.1068238e-02
   1.4700000e+00   7.9957276e-02
   1.4800000e+00   7.8859289e-02
   1.4900000e+00   7.7774161e-02
   1.5000000e+00   7.6701778e-02
   1.5100000e+00   7.5642026e-02
   1.5200000e+00   7.4594792e-02
   1.5300000e+00   7.3559961e-02
   1.5400000e+00   7.2537421e-02
   1.5500000e+00   7.1527062e-02
   1.5600000e+00   7.0528770e-02
   1.5700000e+00   6.9542435e-02
   1.5800000e+00   6.8567946e-02
   1.5900000e+00   6.7605195e-02
   1.6000000e+00   6.6654070e-02
   1.6100000e+00   6.5714464e-02
   1.6200000e+00   6.4786267e-02
   1.6300000e+00   6.3869373e-02
   1.6400000e+00   6.2963674e-02
   1.6500000e+00   6.2069063e-02
   1.6600000e+00   6.1185435e-02
   1.6700000e+00   6.0312683e-02
   1.6800000e+00   5.9450702e-02
   1.6900000e+00   5.8599389e-02
   1.7000000e+00   5.7758639e-02
   1.7100000e+00   5.6928349e-02
   1.7200000e+00   5.6108416e-02
   1.7300000e+00   5.5298739e-02
   1.7400000e+00   5.4499214e-02
   1.7500000e+00   5.3709742e-02
   1.7600000e+00   5.2930223e-02
   1.7700000e+00   5.2160555e-02
   1.7800000e+00   5.1400640e-02
   1.7900000e+00   5.0650379e-02
   1.8000000e+00   4.9909675e-02
   1.8100000e+00   4.9178429e-02
   1.8200000e+00   4.8456545e-02
   1.8300000e+00   4.7743927e-02
   1.8400000e+00   4.7040478e-02
   1.8500000e+00   4.6346104e-02
   1.8600000e+00   4.5660711e-02
   1.8700000e+00   4.4984203e-02
   1.8800000e+00   4.4316490e-02
   1.8900000e+00   4.3657476e-02
   1.9000000e+00   4.3007071e-02
   1.9100000e+00   4.2365184e-02
   1.9200000e+00   4.1731722e-02
   1.9300000e+00   4.1106597e-02
   1.9400000e+00   4.0489719e-02
   1.9500000e+00   3.9880998e-02
   1.9600000e+00   3.9280346e-02
   1.9700000e+00   3.8687677e-02
   1.9800000e+00   3.8102902e-02
   1.9900000e+00   3.7525935e-02
   2.0000000e+00   3.6956691e-02
   2.0100000e+00   3.6395084e-02
   2.0200000e+00   3.5841030e-02
   2.0300000e+00   3.5294444e-02
   2.0400000e+00   3.4755244e-02
   2.0500000e+00   3.4223348e-02
   2.0600000e+00   3.3698671e-02
   2.0700000e+00   3.3181135e-02
   2.0800000e+00   3.2670657e-02
   2.0900000e+00   3.2167157e-02
   2.1000000e+00   3.1670557e-02
   2.1100000e+00   3.1180777e-02
   2.1200000e+00   3.0697738e-02
   2.1300000e+00   3.0221364e-02
   2.1400000e+00   2.9751578e-02
   2.1500000e+00   2.9288302e-02
   2.1600000e+00   2.8831461e-02
   2.1700000e+00   2.8380981e-02
   2.1800000e+00   2.7936786e-02
   2.1900000e+00   2.7498802e-02
   2.2000000e+00   2.7066958e-02
   2.2100000e+00   2.6641179e-02
   2.2200000e+00   2.6221394e-02
   2.2300000e+00   2.5807531e-02
   2.2400000e+00   2.5399520e-02
   2.2500000e+00   2.4997291e-02
   2.2600000e+00   2.4600774e-02
   2.2700000e+00   2.4209900e-02
   2.2800000e+00   2.3824601e-02
   2.2900000e+00   2.3444809e-02
   2.3000000e+00   2.3070457e-02
   2.3100000e+00   2.2701479e-02
   2.3200000e+00   2.2337809e-02
   2.3300000e+00   2.1979381e-02
   2.3400000e+00   2.1626131e-02
   2.3500000e+00   2.1277995e-02
   2.3600000e+00   2.0934910e-02
   2.3700000e+00   2.0596812e-02
   2.3800000e+00   2.0263639e-02
   2.3900000e+00   1.9935330e-02
   2.4000000e+00   1.9611823e-02
   2.4100000e+00   1.9293059e-02
   2.4200000e+00   1.8978976e-02
   2.4300000e+00   1.8669516e-02
   2.4400000e+00   1.8364621e-02
   2.4500000e+00   1.8064231e-02
   2.4600000e+00   1.7768289e-02
   2.4700000e+00   1.7476739e-02
   2.4800000e+00   1.7189523e-02
   2.4900000e+00   1.6906587e-02
   2.5000000e+00   1.6627873e-02
   2.5100000e+00   1.6353329e-02
   2.5200000e+00   1.6082899e-02
   2.5300000e+00   1.5816531e-02
   2.5400000e+00   1.5554170e-02
   2.5500000e+00   1.5295764e-02
   2.5600000e+00   1.5041262e-02
   2.5700000e+00   1.4790611e-02
   2.5800000e+00   1.4543761e-02
   2.5900000e+00   1.4300662e-02
   2.6000000e+00   1.4061263e-02
   2.6100000e+00   1.3825516e-02
   2.6200000e+00   1.3593371e-02
   2.6300000e+00   1.3364781e-02
   2.6400000e+00   1.3139696e-02
   2.6500000e+00   1.2918071e-02
   2.6600000e+00   1.2699859e-02
   2.6700000e+00   1.2485013e-02
   2.6800000e+00   1.2273487e-02
   2.6900000e+00   1.2065237e-02
   2.7000000e+00   1.1860217e-02
   2.7100000e+00   1.1658384e-02
   2.7200000e+00   1.1459694e-02
   2.7300000e+00   1.1264103e-02
   2.7400000e+00   1.1071569e-02
   2.7500000e+00   1.0882050e-02
   2.7600000e+00   1.0695503e-02
   2.7700000e+00   1.0511888e-02
   2.7800000e+00   1.0331163e-02
   2.7900000e+00   1.0153289e-02
   2.8000000e+00   9.9782250e-03
   2.8100000e+00   9.8059320e-03
   2.8200000e+00   9.6363710e-03
   2.8300000e+00   9.4695035e-03
   2.8400000e+00   9.3052914e-03
   2.8500000e+00   9.1436971e-03
   2.8600000e+00   8.9846834e-03
   2.8700000e+00   8.8282136e-03
   2.8800000e+00   8.6742513e-03
   2.8900000e+00   8.5227609e-03
   2.9000000e+00   8.3737067e-03
   2.9100000e+00   8.2270538e-03
   2.9200000e+00   8.0827676e-03
   2.9300000e+00   7.9408139e-03
   2.9400000e+00   7.8011590e-03
   2.9500000e+00   7.6637696e-03
   2.9600000e+00   7.5286128e-03
   2.9700000e+00   7.3956559e-03
   2.9800000e+00   7.2648669e-03
   2.9900000e+00   7.1362140e-03
   3.0000000e+00   7.0096660e-03
   3.0100000e+00   6.8851918e-03
   3.0200000e+00   6.7627610e-03
   3.0300000e+00   6.6423433e-03
   3.0400000e+00   6.5239090e-03
   3.0500000e+00   6.4074286e-03
   3.0600000e+00   6.2928731e-03
   3.0700000e+00   6.1802139e-03
   3.0800000e+00   6.0694226e-03
   3.0900000e+00   5.9604712e-03
   3.1000000e+00   5.8533323e-03
   3.1100000e+00   5.7479784e-03
   3.1200000e+00   5.6443829e-03
   3.1300000e+00   5.5425191e-03
   3.1400000e+00   5.4423609e-03
   3.1500000e+00   5.3438824e-03
   3.1600000e+00   5.2470581e-03
   3.1700000e+00   5.1518628e-03
   3.1800000e+00   5.0582718e-03
   3.1900000e+00   4.9662604e-03
   3.2000000e+00   4.8758045e-03
   3.2100000e+00   4.7868802e-03
   3.2200000e+00   4.6994641e-03
   3.2300000e+00   4.6135327e-03
   3.2400000e+00   4.5290633e-03
   3.2500000e+00   4.4460332e-03
   3.2600000e+00   4.3644201e-03
   3.2700000e+00   4.2842020e-03
   3.2800000e+00   4.2053571e-03
   3.2900000e+00   4.1278642e-03
   3.3000000e+00   4.0517020e-03
   3.3100000e+00   3.9768496e-03
   3.3200000e+00   3.9032867e-03
   3.3300000e+00   3.8309928e-03
   3.3400000e+00   3.7599481e-03
   3.3500000e+00   3.6901328e-03
   3.3600000e+00   3.6215274e-03
   3.3700000e+00   3.5541128e-03
   3.3800000e+00   3.4878702e-03
   3.3900000e+00   3.4227808e-03
   3.4000000e+00   3.3588263e-03
   3.4100000e+00   3.2959885e-03
   3.4200000e+00   3.2342498e-03
   3.4300000e+00   3.1735923e-03
   3.4400000e+00   3.1139987e-03
   3.4500000e+00   3.0554521e-03
   3.4600000e+00   2.9979354e-03
   3.4700000e+00   2.9414320e-03
   3.4800000e+00   2.8859256e-03
   3.4900000e+00   2.8314001e-03
   3.5000000e+00   2.7778394e-03
   3.5100000e+00   2.7252279e-03
   3.5200000e+00   2.6735502e-03
   3.5300000e+00   2.6227909e-03
   3.5400000e+00   2.5729352e-03
   3.5500000e+00   2.5239681e-03
   3.5600000e+00   2.4758751e-03
   3.5700000e+00   2.4286418e-03
   3.5800000e+00   2.3822541e-03
   3.5900000e+00   2.3366980e-03
   3.6000000e+00   2.2919598e-03
   3.6100000e+00   2.2480260e-03
   3.6200000e+00   2.2048831e-03
   3.6300000e+00   2.1625180e-03
   3.6400000e+00   2.1209179e-03
   3.6500000e+00   2.0800699e-03
   3.6600000e+00   2.0399616e-03
   3.6700000e+00   2.0005804e-03
   3.6800000e+00   1.9619142e-03
   3.6900000e+00   1.9239511e-03
   3.7000000e+00   1.8866792e-03
   3.7100000e+00   1.8500868e-03
   3.7200000e+00   1.8141625e-03
   3.7300000e+00   1.7788950e-03
   3.7400000e+00   1.7442732e-03
   3.7500000e+00   1.7102861e-03
   3.7600000e+00   1.6769230e-03
   3.7700000e+00   1.6441732e-03
   3.7800000e+00   1.6120262e-03
   3.7900000e+00   1.5804718e-03
   3.8000000e+00   1.5494999e-03
   3.8100000e+00   1.5191004e-03
   3.8200000e+00   1.4892636e-03
   3.8300000e+00   1.4599797e-03
   3.8400000e+00   1.4312393e-03
   3.8500000e+00   1.4030330e-03
   3.8600000e+00   1.3753516e-03
   3.8700000e+00   1.3481859e-03
   3.8800000e+00   1.3215271e-03
   3.8900000e+00   1.2953663e-03
   3.9000000e+00   1.2696949e-03
   3.9100000e+00   1.2445044e-03
   3.9200000e+00   1.2197864e-03
   3.9300000e+00   1.1955326e-03
   3.9400000e+00   1.1717349e-03
   3.9500000e+00   1.1483854e-03
   3.9600000e+00   1.1254761e-03
   3.9700000e+00   1.1029994e-03
   3.9800000e+00   1.0809475e-03
   3.9900000e+00   1.0593131e-03
   4.0000000e+00   1.0380888e-03
   4.0100000e+00   1.0172672e-03
   4.0200000e+00   9.9684131e-04
   4.0300000e+00   9.7680408e-04
   4.0400000e+00   9.5714859e-04
   4.0500000e+00   9.3786807e-04
   4.0600000e+00   9.1895582e-04
   4.0700000e+00   9.0040527e-04
   4.0800000e+00   8.8220997e-04
   4.0900000e+00   8.6436355e-04
   4.1000000e+00   8.4685976e-04
   4.1100000e+00   8.2969245e-04
   4.1200000e+00   8.1285557e-04
   4.1300000e+00   7.9634318e-04
   4.1400000e+00   7.8014941e-04
   4.1500000e+00   7.6426853e-04
   4.1600000e+00   7.4869486e-04
   4.1700000e+00   7.3342286e-04
   4.1800000e+00   7.1844704e-04
   4.1900000e+00   7.0376203e-04
   4.2000000e+00   6.8936255e-04
   4.2100000e+00   6.7524338e-04
   4.2200000e+00   6.6139942e-04
   4.2300000e+00   6.4782564e-04
   4.2400000e+00   6.3451710e-04
   4.2500000e+00   6.2146894e-04
   4.2600000e+00   6.0867639e-04
   4.2700000e+00   5.9613475e-04
   4.2800000e+00   5.8383941e-04
   4.2900000e+00   5.7178582e-04
   4.3000000e+00   5.5996954e-04
   4.3100000e+00   5.4838618e-04
   4.3200000e+00   5.3703143e-04
   4.3300000e+00   5.2590106e-04
   4.3400000e+00   5.1499091e-04
   4.3500000e+00   5.0429688e-04
   4.3600000e+00   4.9381497e-04
   4.3700000e+00   4.8354122e-04
   4.3800000e+00   4.7347175e-04
   4.3900000e+00   4.6360274e-04
   4.4000000e+00   4.5393046e-04
   4.4100000e+00   4.4445122e-04
   4.4200000e+00   4.3516140e-04
   4.4300000e+00   4.2605744e-04
   4.4400000e+00   4.1713586e-04
   4.4500000e+00   4.0839323e-04
   4.4600000e+00   3.9982617e-04
   4.4700000e+00   3.9143137e-04
   4.4800000e+00   3.8320558e-04
   4.4900000e+00   3.7514561e-04
   4.5000000e+00   3.6724831e-04
   4.5100000e+00   3.5951061e-04
   4.5200000e+00   3.5192947e-04
   4.5300000e+00   3.4450192e-04
   4.5400000e+00   3.3722503e-04
   4.5500000e+00   3.3009595e-04
   4.5600000e+00   3.2311184e-04
   4.5700000e+00   3.1626995e-04
   4.5800000e+00   3.0956755e-04
   4.5900000e+00   3.0300198e-04
   4.6000000e+00   2.9657062e-04
   4.6100000e+00   2.9027088e-04
   4.6200000e+00   2.8410025e-04
   4.6300000e+00   2.7805624e-04
   4.6400000e+00   2.7213641e-04
   4.6500000e+00   2.6633838e-04
   4.6600000e+00   2.6065980e-04
   4.6700000e+00   2.5509835e-04
   4.6800000e+00   2.4965178e-04
   4.6900000e+00   2.4431786e-04
   4.7000000e+00   2.3909441e-04
   4.7100000e+00   2.3397930e-04
   4.7200000e+00   2.2897041e-04
   4.7300000e+00   2.2406569e-04
   4.7400000e+00   2.1926311e-04
   4.7500000e+00   2.1456068e-04
   4.7600000e+00   2.0995645e-04
   4.7700000e+00   2.0544851e-04
   4.7800000e+00   2.0103497e-04
   4.7900000e+00   1.9671400e-04
   4.8000000e+00   1.9248379e-04
   4.8100000e+00   1.8834255e-04
   4.8200000e+00   1.8428855e-04
   4.8300000e+00   1.8032007e-04
   4.8400000e+00   1.7643545e-04
   4.8500000e+00   1.7263303e-04
   4.8600000e+00   1.6891120e-04
   4.8700000e+00   1.6526837e-04
   4.8800000e+00   1.6170300e-04
   4.8900000e+00   1.5821355e-04
   4.9000000e+00   1.5479853e-04
   4.9100000e+00   1.5145648e-04
   4.9200000e+00   1.4818595e-04
   4.9300000e+00   1.4498553e-04
   4.9400000e+00   1.4185385e-04
   4.9500000e+00   1.3878953e-04
   4.9600000e+00   1.3579126e-04
   4.9700000e+00   1.3285773e-04
   4.9800000e+00   1.2998765e-04
   4.9900000e+00   1.2717976e-04
   5.0000000e+00   1.2443286e-04
   5.0100000e+00   1.2190778e-04
   5.0200000e+00   1.1943394e-04
   5.0300000e+00   1.1701030e-04
   5.0400000e+00   1.1463584e-04
   5.0500000e+00   1.1230956e-04
   5.0600000e+00   1.1003050e-04
   5.0700000e+00   1.0779768e-04
   5.0800000e+00   1.0561017e-04
   5.0900000e+00   1.0346705e-04
   5.1000000e+00   1.0136742e-04
   5.1100000e+00   9.9310398e-05
   5.1200000e+00   9.7295119e-05
   5.1300000e+00   9.5320734e-05
   5.1400000e+00   9.3386416e-05
   5.1500000e+00   9.1491350e-05
   5.1600000e+00   8.9634740e-05
   5.1700000e+00   8.7815806e-05
   5.1800000e+00   8.6033782e-05
   5.1900000e+00   8.4287921e-05
   5.2000000e+00   8.2577488e-05
   5.2100000e+00   8.0901765e-05
   5.2200000e+00   7.9260046e-05
   5.2300000e+00   7.7651642e-05
   5.2400000e+00   7.6075877e-05
   5.2500000e+00   7.4532089e-05
   5.2600000e+00   7.3019628e-05
   5.2700000e+00   7.1537859e-05
   5.2800000e+00   7.0086160e-05
   5.2900000e+00   6.8663919e-05
   5.3000000e+00   6.7270539e-05
   5.3100000e+00   6.5905435e-05
   5.3200000e+00   6.4568032e-05
   5.3300000e+00   6.3257769e-05
   5.3400000e+00   6.1974095e-05
   5.3500000e+00   6.0716470e-05
   5.3600000e+00   5.9484365e-05
   5.3700000e+00   5.8277264e-05
   5.3800000e+00   5.7094657e-05
   5.3900000e+00   5.5936049e-05
   5.4000000e+00   5.4800953e-05
   5.4100000e+00   5.3688890e-05
   5.4200000e+00   5.2599395e-05
   5.4300000e+00   5.1532008e-05
   5.4400000e+00   5.0486281e-05
   5.4500000e+00   4.9461775e-05
   5.4600000e+00   4.8458059e-05
   5.4700000e+00   4.7474711e-05
   5.4800000e+00   4.6511318e-05
   5.4900000e+00   4.5567475e-05
   5.5000000e+00   4.4642784e-05
   5.5100000e+00   4.3736859e-05
   5.5200000e+00   4.2849317e-05
   5.5300000e+00   4.1979786e-05
   5.5400000e+00   4.1127900e-05
   5.5500000e+00   4.0293301e-05
   5.5600000e+00   3.9475638e-05
   5.5700000e+00   3.8674568e-05
   5.5800000e+00   3.7889753e-05
   5.5900000e+00   3.7120865e-05
   5.6000000e+00   3.6367580e-05
   5.6100000e+00   3.5629581e-05
   5.6200000e+00   3.4906558e-05
   5.6300000e+00   3.4198207e-05
   5.6400000e+00   3.3504230e-05
   5.6500000e+00   3.2824336e-05
   5.6600000e+00   3.2158239e-05
   5.6700000e+00   3.1505659e-05
   5.6800000e+00   3.0866322e-05
   5.6900000e+00   3.0239958e-05
   5.7000000e+00   2.9626305e-05
   5.7100000e+00   2.9025105e-05
   5.7200000e+00   2.8436105e-05
   5.7300000e+00   2.7859057e-05
   5.7400000e+00   2.7293719e-05
   5.7500000e+00   2.6739854e-05
   5.7600000e+00   2.6197228e-05
   5.7700000e+00   2.5665613e-05
   5.7800000e+00   2.5144786e-05
   5.7900000e+00   2.4634528e-05
   5.8000000e+00   2.4134625e-05
   5.8100000e+00   2.3644866e-05
   5.8200000e+00   2.3165046e-05
   5.8300000e+00   2.2694962e-05
   5.8400000e+00   2.2234418e-05
   5.8500000e+00   2.1783219e-05
   5.8600000e+00   2.1341177e-05
   5.8700000e+00   2.0908105e-05
   5.8800000e+00   2.0483821e-05
   5.8900000e+00   2.0068147e-05
   5.9000000e+00   1.9660908e-05
   5.9100000e+00   1.9261933e-05
   5.9200000e+00   1.8871055e-05
   5.9300000e+00   1.8488108e-05
   5.9400000e+00   1.8112933e-05
   5.9500000e+00   1.7745370e-05
   5.9600000e+00   1.7385267e-05
   5.9700000e+00   1.7032471e-05
   5.9800000e+00   1.6686835e-05
   5.9900000e+00   1.6348212e-05
   6.0000000e+00   1.6016461e-05
   6.0100000e+00   1.5691442e-05
   6.0200000e+00   1.5373019e-05
   6.0300000e+00   1.5061057e-05
   6.0400000e+00   1.4755426e-05
   6.0500000e+00   1.4455997e-05
   6.0600000e+00   1.4162644e-05
   6.0700000e+00   1.3875244e-05
   6.0800000e+00   1.3593676e-05
   6.0900000e+00   1.3317823e-05
   6.1000000e+00   1.3047566e-05
   6.1100000e+00   1.2782795e-05
   6.1200000e+00   1.2523396e-05
   6.1300000e+00   1.2269261e-05
   6.1400000e+00   1.2020283e-05
   6.1500000e+00   1.1776358e-05
   6.1600000e+00   1.1537382e-05
   6.1700000e+00   1.1303256e-05
   6.1800000e+00   1.1073881e-05
   6.1900000e+00   1.0849161e-05
   6.2000000e+00   1.0629001e-05
   6.2100000e+00   1.0413309e-05
   6.2200000e+00   1.0201993e-05
   6.2300000e+00   9.9949659e-06
   6.2400000e+00   9.7921399e-06
   6.2500000e+00   9.5934297e-06
   6.2600000e+00   9.3987520e-06
   6.2700000e+00   9.2080248e-06
   6.2800000e+00   9.0211680e-06
   6.2900000e+00   8.8381030e-06
   6.3000000e+00   8.6587529e-06
   6.3100000e+00   8.4830424e-06
   6.3200000e+00   8.3108975e-06
   6.3300000e+00   8.1422459e-06
   6.3400000e+00   7.9770167e-06
   6.3500000e+00   7.8151405e-06
   6.3600000e+00   7.6565492e-06
   6.3700000e+00   7.5011762e-06
   6.3800000e+00   7.3489562e-06
   6.3900000e+00   7.1998251e-06
   6.4000000e+00   7.0537203e-06
   6.4100000e+00   6.9105803e-06
   6.4200000e+00   6.7703451e-06
   6.4300000e+00   6.6329557e-06
   6.4400000e+00   6.4983543e-06
   6.4500000e+00   6.3664843e-06
   6.4600000e+00   6.2372903e-06
   6.4700000e+00   6.1107180e-06
   6.4800000e+00   5.9867143e-06
   6.4900000e+00   5.8652269e-06
   6.5000000e+00   5.7462049e-06
   6.5100000e+00   5.6295982e-06
   6.5200000e+00   5.5153577e-06
   6.5300000e+00   5.4034355e-06
   6.5400000e+00   5.2937845e-06
   6.5500000e+00   5.1863587e-06
   6.5600000e+00   5.0811128e-06
   6.5700000e+00   4.9780027e-06
   6.5800000e+00   4.8769849e-06
   6.5900000e+00   4.7780171e-06
   6.6000000e+00   4.6810577e-06
   6.6100000e+00   4.5860658e-06
   6.6200000e+00   4.4930016e-06
   6.6300000e+00   4.4018259e-06
   6.6400000e+00   4.3125004e-06
   6.6500000e+00   4.2249876e-06
   6.6600000e+00   4.1392507e-06
   6.6700000e+00   4.0552536e-06
   6.6800000e+00   3.9729611e-06
   6.6900000e+00   3.8923385e-06
   6.7000000e+00   3.8133520e-06
   6.7100000e+00   3.7359684e-06
   6.7200000e+00   3.6601551e-06
   6.7300000e+00   3.5858803e-06
   6.7400000e+00   3.5131127e-06
   6.7500000e+00   3.4418218e-06
   6.7600000e+00   3.3719775e-06
   6.7700000e+00   3.3035507e-06
   6.7800000e+00   3.2365124e-06
   6.7900000e+00   3.1708345e-06
   6.8000000e+00   3.1064894e-06
   6.8100000e+00   3.0434500e-06
   6.8200000e+00   2.9816899e-06
   6.8300000e+00   2.9211831e-06
   6.8400000e+00   2.8619042e-06
   6.8500000e+00   2.8038282e-06
   6.8600000e+00   2.7469307e-06
   6.8700000e+00   2.6911878e-06
   6.8800000e+00   2.6365762e-06
   6.8900000e+00   2.5830728e-06
   6.9000000e+00   2.5306551e-06
   6.9100000e+00   2.4793011e-06
   6.9200000e+00   2.4289892e-06
   6.9300000e+00   2.3796984e-06
   6.9400000e+00   2.3314077e-06
   6.9500000e+00   2.2840971e-06
   6.9600000e+00   2.2377465e-06
   6.9700000e+00   2.1923365e-06
   6.9800000e+00   2.1478480e-06
   6.9900000e+00   2.1042623e-06
   7.0000000e+00   2.0615611e-06
   7.0100000e+00   2.0197265e-06
   7.0200000e+00   1.9787408e-06
   7.0300000e+00   1.9385868e-06
   7.0400000e+00   1.8992477e-06
   7.0500000e+00   1.8607069e-06
   7.0600000e+00   1.8229481e-06
   7.0700000e+00   1.7859557e-06
   7.0800000e+00   1.7497139e-06
   7.0900000e+00   1.7142076e-06
   7.1000000e+00   1.6794218e-06
   7.1100000e+00   1.6453419e-06
   7.1200000e+00   1.6119537e-06
   7.1300000e+00   1.5792429e-06
   7.1400000e+00   1.5471960e-06
   7.1500000e+00   1.5157994e-06
   7.1600000e+00   1.4850400e-06
   7.1700000e+00   1.4549047e-06
   7.1800000e+00   1.4253810e-06
   7.1900000e+00   1.3964564e-06
   7.2000000e+00   1.3681188e-06
   7.2100000e+00   1.3403563e-06
   7.2200000e+00   1.3131572e-06
   7.2300000e+00   1.2865100e-06
   7.2400000e+00   1.2604036e-06
   7.2500000e+00   1.2348269e-06
   7.2600000e+00   1.2097693e-06
   7.2700000e+00   1.1852203e-06
   7.2800000e+00   1.1611693e-06
   7.2900000e+00   1.1376065e-06
   7.3000000e+00   1.1145219e-06
   7.3100000e+00   1.0919057e-06
   7.3200000e+00   1.0697484e-06
   7.3300000e+00   1.0480409e-06
   7.3400000e+00   1.0267738e-06
   7.3500000e+00   1.0059383e-06
   7.3600000e+00   9.8552569e-07
   7.3700000e+00   9.6552730e-07
   7.3800000e+00   9.4593475e-07
   7.3900000e+00   9.2673980e-07
   7.4000000e+00   9.0793440e-07
   7.4100000e+00   8.8951062e-07
   7.4200000e+00   8.7146074e-07
   7.4300000e+00   8.5377716e-07
   7.4400000e+00   8.3645244e-07
   7.4500000e+00   8.1947932e-07
   7.4600000e+00   8.0285065e-07
   7.4700000e+00   7.8655944e-07
   7.4800000e+00   7.7059885e-07
   7.4900000e+00   7.5496217e-07
   7.5000000e+00   7.3964282e-07
   7.5100000e+00   7.2463437e-07
   7.5200000e+00   7.0993050e-07
   7.5300000e+00   6.9552504e-07
   7.5400000e+00   6.8141194e-07
   7.5500000e+00   6.6758525e-07
   7.5600000e+00   6.5403917e-07
   7.5700000e+00   6.4076800e-07
   7.5800000e+00   6.2776617e-07
   7.5900000e+00   6.1502821e-07
   7.6000000e+00   6.0254877e-07
   7.6100000e+00   5.9032259e-07
   7.6200000e+00   5.7834455e-07
   7.6300000e+00   5.6660961e-07
   7.6400000e+00   5.5511283e-07
   7.6500000e+00   5.4384938e-07
   7.6600000e+00   5.3281453e-07
   7.6700000e+00   5.2200364e-07
   7.6800000e+00   5.1141216e-07
   7.6900000e+00   5.0103565e-07
   7.7000000e+00   4.9086974e-07
   7.7100000e+00   4.8091016e-07
   7.7200000e+00   4.7115272e-07
   7.7300000e+00   4.6159332e-07
   7.7400000e+00   4.5222794e-07
   7.7500000e+00   4.4305266e-07
   7.7600000e+00   4.3406360e-07
   7.7700000e+00   4.2525699e-07
   7.7800000e+00   4.1662913e-07
   7.7900000e+00   4.0817639e-07
   7.8000000e+00   3.9989523e-07
   7.8100000e+00   3.9178215e-07
   7.8200000e+00   3.8383375e-07
   7.8300000e+00   3.7604669e-07
   7.8400000e+00   3.6841770e-07
   7.8500000e+00   3.6094356e-07
   7.8600000e+00   3.5362114e-07
   7.8700000e+00   3.4644736e-07
   7.8800000e+00   3.3941921e-07
   7.8900000e+00   3.3253372e-07
   7.9000000e+00   3.2578801e-07
   7.9100000e+00   3.1917923e-07
   7.9200000e+00   3.1270462e-07
   7.9300000e+00   3.0636145e-07
   7.9400000e+00   3.0014705e-07
   7.9500000e+00   2.9405882e-07
   7.9600000e+00   2.8809418e-07
   7.9700000e+00   2.8225065e-07
   7.9800000e+00   2.7652575e-07
   7.9900000e+00   2.7091709e-07
   8.0000000e+00   2.6542230e-07
   8.0100000e+00   2.6003907e-07
   8.0200000e+00   2.5476516e-07
   8.0300000e+00   2.4959832e-07
   8.0400000e+00   2.4453640e-07
   8.0500000e+00   2.3957727e-07
   8.0600000e+00   2.3471885e-07
   8.0700000e+00   2.2995908e-07
   8.0800000e+00   2.2529597e-07
   8.0900000e+00   2.2072756e-07
   8.1000000e+00   2.1625193e-07
   8.1100000e+00   2.1186720e-07
   8.1200000e+00   2.0757152e-07
   8.1300000e+00   2.0336309e-07
   8.1400000e+00   1.9924015e-07
   8.1500000e+00   1.9520095e-07
   8.1600000e+00   1.9124380e-07
   8.1700000e+00   1.8736704e-07
   8.1800000e+00   1.8356903e-07
   8.1900000e+00   1.7984818e-07
   8.2000000e+00   1.7620293e-07
   8.2100000e+00   1.7263175e-07
   8.2200000e+00   1.6913313e-07
   8.2300000e+00   1.6570560e-07
   8.2400000e+00   1.6234772e-07
   8.2500000e+00   1.5905808e-07
   8.2600000e+00   1.5583530e-07
   8.2700000e+00   1.5267803e-07
   8.2800000e+00   1.4958492e-07
   8.2900000e+00   1.4655470e-07
   8.3000000e+00   1.4358608e-07
   8.3100000e+00   1.4067781e-07
   8.3200000e+00   1.3782867e-07
   8.3300000e+00   1.3503747e-07
   8.3400000e+00   1.3230303e-07
   8.3500000e+00   1.2962420e-07
   8.3600000e+00   1.2699985e-07
   8.3700000e+00   1.2442889e-07
   8.3800000e+00   1.2191023e-07
   8.3900000e+00   1.1944281e-07
   8.4000000e+00   1.1702560e-07
   8.4100000e+00   1.1465758e-07
   8.4200000e+00   1.1233775e-07
   8.4300000e+00   1.1006515e-07
   8.4400000e+00   1.0783881e-07
   8.4500000e+00   1.0565779e-07
   8.4600000e+00   1.0352119e-07
   8.4700000e+00   1.0142810e-07
   8.4800000e+00   9.9377645e-08
   8.4900000e+00   9.7368962e-08
   8.5000000e+00   9.5401207e-08
   8.5100000e+00   9.3473552e-08
   8.5200000e+00   9.1585188e-08
   8.5300000e+00   8.9735320e-08
   8.5400000e+00   8.7923171e-08
   8.5500000e+00   8.6147979e-08
   8.5600000e+00   8.4408999e-08
   8.5700000e+00   8.2705498e-08
   8.5800000e+00   8.1036762e-08
   8.5900000e+00   7.9402088e-08
   8.6000000e+00   7.7800790e-08
   8.6100000e+00   7.6232195e-08
   8.6200000e+00   7.4695642e-08
   8.6300000e+00   7.3190487e-08
   8.6400000e+00   7.1716096e-08
   8.6500000e+00   7.0271850e-08
   8.6600000e+00   6.8857143e-08
   8.6700000e+00   6.7471378e-08
   8.6800000e+00   6.6113974e-08
   8.6900000e+00   6.4784360e-08
   8.7000000e+00   6.3481977e-08
   8.7100000e+00   6.2206278e-08
   8.7200000e+00   6.0956726e-08
   8.7300000e+00   5.9732797e-08
   8.7400000e+00   5.8533976e-08
   8.7500000e+00   5.7359759e-08
   8.7600000e+00   5.6209652e-08
   8.7700000e+00   5.5083172e-08
   8.7800000e+00   5.3979846e-08
   8.7900000e+00   5.2899209e-08
   8.8000000e+00   5.1840808e-08
   8.8100000e+00   5.0804197e-08
   8.8200000e+00   4.9788942e-08
   8.8300000e+00   4.8794614e-08
   8.8400000e+00   4.7820797e-08
   8.8500000e+00   4.6867080e-08
   8.8600000e+00   4.5933064e-08
   8.8700000e+00   4.5018354e-08
   8.8800000e+00   4.4122568e-08
   8.8900000e+00   4.3245328e-08
   8.9000000e+00   4.2386266e-08
   8.9100000e+00   4.1545020e-08
   8.9200000e+00   4.0721237e-08
   8.9300000e+00   3.9914571e-08
   8.9400000e+00   3.9124682e-08
   8.9500000e+00   3.8351239e-08
   8.9600000e+00   3.7593916e-08
   8.9700000e+00   3.6852396e-08
   8.9800000e+00   3.6126365e-08
   8.9900000e+00   3.5415521e-08
   9.0000000e+00   3.4719562e-08
   9.0100000e+00   3.4038198e-08
   9.0200000e+00   3.3371141e-08
   9.0300000e+00   3.2718111e-08
   9.0400000e+00   3.2078834e-08
   9.0500000e+00   3.1453041e-08
   9.0600000e+00   3.0840469e-08
   9.0700000e+00   3.0240860e-08
   9.0800000e+00   2.9653962e-08
   9.0900000e+00   2.9079530e-08
   9.1000000e+00   2.8517320e-08
   9.1100000e+00   2.7967097e-08
   9.1200000e+00   2.7428630e-08
   9.1300000e+00   2.6901693e-08
   9.1400000e+00   2.6386063e-08
   9.1500000e+00   2.5881524e-08
   9.1600000e+00   2.5387864e-08
   9.1700000e+00   2.4904876e-08
   9.1800000e+00   2.4432356e-08
   9.1900000e+00   2.3970106e-08
   9.2000000e+00   2.3517932e-08
   9.2100000e+00   2.3075643e-08
   9.2200000e+00   2.2643053e-08
   9.2300000e+00   2.2219981e-08
   9.2400000e+00   2.1806250e-08
   9.2500000e+00   2.1401684e-08
   9.2600000e+00   2.1006114e-08
   9.2700000e+00   2.0619374e-08
   9.2800000e+00   2.0241301e-08
   9.2900000e+00   1.9871736e-08
   9.3000000e+00   1.9510524e-08
   9.3100000e+00   1.9157514e-08
   9.3200000e+00   1.8812555e-08
   9.3300000e+00   1.8475505e-08
   9.3400000e+00   1.8146220e-08
   9.3500000e+00   1.7824563e-08
   9.3600000e+00   1.7510398e-08
   9.3700000e+00   1.7203594e-08
   9.3800000e+00   1.6904021e-08
   9.3900000e+00   1.6611553e-08
   9.4000000e+00   1.6326068e-08
   9.4100000e+00   1.6047446e-08
   9.4200000e+00   1.5775568e-08
   9.4300000e+00   1.5510322e-08
   9.4400000e+00   1.5251595e-08
   9.4500000e+00   1.4999280e-08
   9.4600000e+00   1.4753269e-08
   9.4700000e+00   1.4513459e-08
   9.4800000e+00   1.4279750e-08
   9.4900000e+00   1.4052044e-08
   9.5000000e+00   1.3830243e-08
   9.5100000e+00   1.3614257e-08
   9.5200000e+00   1.3403993e-08
   9.5300000e+00   1.3199363e-08
   9.5400000e+00   1.3000282e-08
   9.5500000e+00   1.2806664e-08
   9.5600000e+00   1.2618431e-08
   9.5700000e+00   1.2435501e-08
   9.5800000e+00   1.2257798e-08
   9.5900000e+00   1.2085248e-08
   9.6000000e+00   1.1917777e-08
   9.6100000e+00   1.1755317e-08
   9.6200000e+00   1.1597797e-08
   9.6300000e+00   1.1445152e-08
   9.6400000e+00   1.1297319e-08
   9.6500000e+00   1.1154234e-08
   9.6600000e+00   1.1015837e-08
   9.6700000e+00   1.0882071e-08
   9.6800000e+00   1.0752879e-08
   9.6900000e+00   1.0628207e-08
   9.7000000e+00   1.0508003e-08
   9.7100000e+00   1.0392215e-08
   9.7200000e+00   1.0280796e-08
   9.7300000e+00   1.0173698e-08
   9.7400000e+00   1.0070876e-08
   9.7500000e+00   9.9722881e-09
   9.7600000e+00   9.8778916e-09
   9.7700000e+00   9.7876472e-09
   9.7800000e+00   9.7015169e-09
   9.7900000e+00   9.6194645e-09
   9.8000000e+00   9.5414556e-09
   9.8100000e+00   9.4674573e-09
   9.8200000e+00   9.3974387e-09
   9.8300000e+00   9.3313701e-09
   9.8400000e+00   9.2692239e-09
   9.8500000e+00   9.2109739e-09
   9.8600000e+00   9.1565957e-09
   9.8700000e+00   9.1060664e-09
   9.8800000e+00   9.0593647e-09
   9.8900000e+00   9.0164710e-09
   9.9000000e+00   8.9773674e-09
   9.9100000e+00   8.9420373e-09
   9.9200000e+00   8.9104659e-09
   9.9300000e+00   8.8826399e-09
   9.9400000e+00   8.8585477e-09
   9.9500000e+00   8.8381790e-09
   9.9600000e+00   8.8215255e-09
   9.9700000e+00   8.8085799e-09
   9.9800000e+00   8.7993370e-09
   9.9900000e+00   8.7937928e-09
   1.0000000e+01   8.7919450e-09
