  -1.5000000e+01   8.4090702e-01
  -1.4990000e+01   8.4131164e-01
  -1.4980000e+01   8.4087505e-01
  -1.4970000e+01   8.3959768e-01
  -1.4960000e+01   8.3748081e-01
  -1.4950000e+01   8.3452656e-01
  -1.4940000e+01   8.3073789e-01
  -1.4930000e+01   8.2611857e-01
  -1.4920000e+01   8.2067323e-01
  -1.4910000e+01   8.1440732e-01
  -1.4900000e+01   8.0732709e-01
  -1.4890000e+01   7.9943964e-01
  -1.4880000e+01   7.9075284e-01
  -1.4870000e+01   7.8127538e-01
  -1.4860000e+01   7.7101673e-01
  -1.4850000e+01   7.5998716e-01
  -1.4840000e+01   7.4819770e-01
  -1.4830000e+01   7.3566012e-01
  -1.4820000e+01   7.2238698e-01
  -1.4810000e+01   7.0839153e-01
  -1.4800000e+01   6.9368777e-01
  -1.4790000e+01   6.7829041e-01
  -1.4780000e+01   6.6221483e-01
  -1.4770000e+01   6.4547713e-01
  -1.4760000e+01   6.2809402e-01
  -1.4750000e+01   6.1008289e-01
  -1.4740000e+01   5.9146175e-01
  -1.4730000e+01   5.7224922e-01
  -1.4720000e+01   5.5246450e-01
  -1.4710000e+01   5.3212739e-01
  -1.4700000e+01   5.1125822e-01
  -1.4690000e+01   4.8987784e-01
  -1.4680000e+01   4.6800765e-01
  -1.4670000e+01   4.4566951e-01
  -1.4660000e+01   4.2288575e-01
  -1.4650000e+01   3.9967915e-01
  -1.4640000e+01   3.7607292e-01
  -1.4630000e+01   3.5209066e-01
  -1.4620000e+01   3.2775636e-01
  -1.4610000e+01   3.0309434e-01
  -1.4600000e+01   2.7812926e-01
  -1.4590000e+01   2.5288608e-01
  -1.4580000e+01   2.2739005e-01
  -1.4570000e+01   2.0166665e-01
  -1.4560000e+01   1.7574161e-01
  -1.4550000e+01   1.4964086e-01
  -1.4540000e+01   1.2339047e-01
  -1.4530000e+01   9.7016718e-02
  -1.4520000e+01   7.0545956e-02
  -1.4510000e+01   4.4004657e-02
  -1.4500000e+01   1.7419360e-02
  -1.4490000e+01  -9.1833553e-03
  -1.4480000e+01  -3.5776888e-02
  -1.4470000e+01  -6.2334647e-02
  -1.4460000e+01  -8.8830078e-02
  -1.4450000e+01  -1.1523669e-01
  -1.4440000e+01  -1.4152808e-01
  -1.4430000e+01  -1.6767795e-01
  -1.4420000e+01  -1.9366017e-01
  -1.4410000e+01  -2.1944875e-01
  -1.4400000e+01  -2.4501791e-01
  -1.4390000e+01  -2.7034208e-01
  -1.4380000e+01  -2.9539594e-01
  -1.4370000e+01  -3.2015443e-01
  -1.4360000e+01  -3.4459281e-01
  -1.4350000e+01  -3.6868664e-01
  -1.4340000e+01  -3.9241182e-01
  -1.4330000e+01  -4.1574464e-01
  -1.4320000e+01  -4.3866176e-01
  -1.4310000e+01  -4.6114027e-01
  -1.4300000e+01  -4.8315770e-01
  -1.4290000e+01  -5.0469202e-01
  -1.4280000e+01  -5.2572172e-01
  -1.4270000e+01  -5.4622575e-01
  -1.4260000e+01  -5.6618362e-01
  -1.4250000e+01  -5.8557537e-01
  -1.4240000e+01  -6.0438162e-01
  -1.4230000e+01  -6.2258356e-01
  -1.4220000e+01  -6.4016298e-01
  -1.4210000e+01  -6.5710232e-01
  -1.4200000e+01  -6.7338464e-01
  -1.4190000e+01  -6.8899365e-01
  -1.4180000e+01  -7.0391375e-01
  -1.4170000e+01  -7.1813001e-01
  -1.4160000e+01  -7.3162823e-01
  -1.4150000e+01  -7.4439491e-01
  -1.4140000e+01  -7.5641728e-01
  -1.4130000e+01  -7.6768333e-01
  -1.4120000e+01  -7.7818178e-01
  -1.4110000e+01  -7.8790214e-01
  -1.4100000e+01  -7.9683469e-01
  -1.4090000e+01  -8.0497050e-01
  -1.4080000e+01  -8.1230144e-01
  -1.4070000e+01  -8.1882017e-01
  -1.4060000e+01  -8.2452018e-01
  -1.4050000e+01  -8.2939576e-01
  -1.4040000e+01  -8.3344205e-01
  -1.4030000e+01  -8.3665499e-01
  -1.4020000e+01  -8.3903138e-01
  -1.4010000e+01  -8.4056883e-01
  -1.4000000e+01  -8.4126582e-01
  -1.3990000e+01  -8.4112163e-01
  -1.3980000e+01  -8.4013643e-01
  -1.3970000e+01  -8.3831119e-01
  -1.3960000e+01  -8.3564774e-01
  -1.3950000e+01  -8.3214874e-01
  -1.3940000e+01  -8.2781768e-01
  -1.3930000e+01  -8.2265891e-01
  -1.3920000e+01  -8.1667758e-01
  -1.3910000e+01  -8.0987967e-01
  -1.3900000e+01  -8.0227197e-01
  -1.3890000e+01  -7.9386209e-01
  -1.3880000e+01  -7.8465845e-01
  -1.3870000e+01  -7.7467024e-01
  -1.3860000e+01  -7.6390745e-01
  -1.3850000e+01  -7.5238085e-01
  -1.3840000e+01  -7.4010195e-01
  -1.3830000e+01  -7.2708304e-01
  -1.3820000e+01  -7.1333714e-01
  -1.3810000e+01  -6.9887798e-01
  -1.3800000e+01  -6.8372002e-01
  -1.3790000e+01  -6.6787843e-01
  -1.3780000e+01  -6.5136903e-01
  -1.3770000e+01  -6.3420835e-01
  -1.3760000e+01  -6.1641353e-01
  -1.3750000e+01  -5.9800237e-01
  -1.3740000e+01  -5.7899328e-01
  -1.3730000e+01  -5.5940527e-01
  -1.3720000e+01  -5.3925791e-01
  -1.3710000e+01  -5.1857136e-01
  -1.3700000e+01  -4.9736631e-01
  -1.3690000e+01  -4.7566394e-01
  -1.3680000e+01  -4.5348597e-01
  -1.3670000e+01  -4.3085457e-01
  -1.3660000e+01  -4.0779236e-01
  -1.3650000e+01  -3.8432241e-01
  -1.3640000e+01  -3.6046818e-01
  -1.3630000e+01  -3.3625353e-01
  -1.3620000e+01  -3.1170266e-01
  -1.3610000e+01  -2.8684013e-01
  -1.3600000e+01  -2.6169079e-01
  -1.3590000e+01  -2.3627979e-01
  -1.3580000e+01  -2.1063254e-01
  -1.3570000e+01  -1.8477469e-01
  -1.3560000e+01  -1.5873208e-01
  -1.3550000e+01  -1.3253075e-01
  -1.3540000e+01  -1.0619692e-01
  -1.3530000e+01  -7.9756897e-02
  -1.3520000e+01  -5.3237130e-02
  -1.3510000e+01  -2.6664131e-02
  -1.3500000e+01  -6.4472208e-05
  -1.3490000e+01   2.6535251e-02
  -1.3480000e+01   5.3108442e-02
  -1.3470000e+01   7.9628530e-02
  -1.3460000e+01   1.0606900e-01
  -1.3450000e+01   1.3240341e-01
  -1.3440000e+01   1.5860543e-01
  -1.3430000e+01   1.8464887e-01
  -1.3420000e+01   2.1050768e-01
  -1.3410000e+01   2.3615601e-01
  -1.3400000e+01   2.6156820e-01
  -1.3390000e+01   2.8671887e-01
  -1.3380000e+01   3.1158284e-01
  -1.3370000e+01   3.3613527e-01
  -1.3360000e+01   3.6035160e-01
  -1.3350000e+01   3.8420763e-01
  -1.3340000e+01   4.0767949e-01
  -1.3330000e+01   4.3074372e-01
  -1.3320000e+01   4.5337725e-01
  -1.3310000e+01   4.7555746e-01
  -1.3300000e+01   4.9726218e-01
  -1.3290000e+01   5.1846968e-01
  -1.3280000e+01   5.3915878e-01
  -1.3270000e+01   5.5930878e-01
  -1.3260000e+01   5.7889954e-01
  -1.3250000e+01   5.9791147e-01
  -1.3240000e+01   6.1632556e-01
  -1.3230000e+01   6.3412340e-01
  -1.3220000e+01   6.5128718e-01
  -1.3210000e+01   6.6779976e-01
  -1.3200000e+01   6.8364461e-01
  -1.3190000e+01   6.9880591e-01
  -1.3180000e+01   7.1326847e-01
  -1.3170000e+01   7.2701786e-01
  -1.3160000e+01   7.4004031e-01
  -1.3150000e+01   7.5232280e-01
  -1.3140000e+01   7.6385307e-01
  -1.3130000e+01   7.7461957e-01
  -1.3120000e+01   7.8461154e-01
  -1.3110000e+01   7.9381900e-01
  -1.3100000e+01   8.0223273e-01
  -1.3090000e+01   8.0984432e-01
  -1.3080000e+01   8.1664616e-01
  -1.3070000e+01   8.2263145e-01
  -1.3060000e+01   8.2779421e-01
  -1.3050000e+01   8.3212927e-01
  -1.3040000e+01   8.3563230e-01
  -1.3030000e+01   8.3829980e-01
  -1.3020000e+01   8.4012910e-01
  -1.3010000e+01   8.4111836e-01
  -1.3000000e+01   8.4126661e-01
  -1.2990000e+01   8.4057369e-01
  -1.2980000e+01   8.3904030e-01
  -1.2970000e+01   8.3666796e-01
  -1.2960000e+01   8.3345906e-01
  -1.2950000e+01   8.2941679e-01
  -1.2940000e+01   8.2454521e-01
  -1.2930000e+01   8.1884918e-01
  -1.2920000e+01   8.1233440e-01
  -1.2910000e+01   8.0500738e-01
  -1.2900000e+01   7.9687544e-01
  -1.2890000e+01   7.8794673e-01
  -1.2880000e+01   7.7823016e-01
  -1.2870000e+01   7.6773545e-01
  -1.2860000e+01   7.5647310e-01
  -1.2850000e+01   7.4445437e-01
  -1.2840000e+01   7.3169127e-01
  -1.2830000e+01   7.1819656e-01
  -1.2820000e+01   7.0398375e-01
  -1.2810000e+01   6.8906703e-01
  -1.2800000e+01   6.7346133e-01
  -1.2790000e+01   6.5718224e-01
  -1.2780000e+01   6.4024606e-01
  -1.2770000e+01   6.2266970e-01
  -1.2760000e+01   6.0447074e-01
  -1.2750000e+01   5.8566739e-01
  -1.2740000e+01   5.6627844e-01
  -1.2730000e+01   5.4632328e-01
  -1.2720000e+01   5.2582186e-01
  -1.2710000e+01   5.0479468e-01
  -1.2700000e+01   4.8326276e-01
  -1.2690000e+01   4.6124764e-01
  -1.2680000e+01   4.3877133e-01
  -1.2670000e+01   4.1585630e-01
  -1.2660000e+01   3.9252546e-01
  -1.2650000e+01   3.6880214e-01
  -1.2640000e+01   3.4471006e-01
  -1.2630000e+01   3.2027332e-01
  -1.2620000e+01   2.9551634e-01
  -1.2610000e+01   2.7046387e-01
  -1.2600000e+01   2.4514098e-01
  -1.2590000e+01   2.1957298e-01
  -1.2580000e+01   1.9378543e-01
  -1.2570000e+01   1.6780411e-01
  -1.2560000e+01   1.4165501e-01
  -1.2550000e+01   1.1536428e-01
  -1.2540000e+01   8.8958192e-02
  -1.2530000e+01   6.2463159e-02
  -1.2520000e+01   3.5905670e-02
  -1.2510000e+01   9.3122804e-03
  -1.2500000e+01  -1.7290420e-02
  -1.2490000e+01  -4.3875832e-02
  -1.2480000e+01  -7.0417373e-02
  -1.2470000e+01  -9.6888505e-02
  -1.2460000e+01  -1.2326276e-01
  -1.2450000e+01  -1.4951377e-01
  -1.2440000e+01  -1.7561527e-01
  -1.2430000e+01  -2.0154119e-01
  -1.2420000e+01  -2.2726559e-01
  -1.2410000e+01  -2.5276274e-01
  -1.2400000e+01  -2.7800717e-01
  -1.2390000e+01  -3.0297362e-01
  -1.2380000e+01  -3.2763713e-01
  -1.2370000e+01  -3.5197304e-01
  -1.2360000e+01  -3.7595703e-01
  -1.2350000e+01  -3.9956509e-01
  -1.2340000e+01  -4.2277364e-01
  -1.2330000e+01  -4.4555947e-01
  -1.2320000e+01  -4.6789979e-01
  -1.2310000e+01  -4.8977227e-01
  -1.2300000e+01  -5.1115503e-01
  -1.2290000e+01  -5.3202669e-01
  -1.2280000e+01  -5.5236639e-01
  -1.2270000e+01  -5.7215379e-01
  -1.2260000e+01  -5.9136911e-01
  -1.2250000e+01  -6.0999312e-01
  -1.2240000e+01  -6.2800721e-01
  -1.2230000e+01  -6.4539337e-01
  -1.2220000e+01  -6.6213421e-01
  -1.2210000e+01  -6.7821300e-01
  -1.2200000e+01  -6.9361365e-01
  -1.2190000e+01  -7.0832077e-01
  -1.2180000e+01  -7.2231966e-01
  -1.2170000e+01  -7.3559631e-01
  -1.2160000e+01  -7.4813745e-01
  -1.2150000e+01  -7.5993054e-01
  -1.2140000e+01  -7.7096379e-01
  -1.2130000e+01  -7.8122617e-01
  -1.2120000e+01  -7.9070741e-01
  -1.2110000e+01  -7.9939804e-01
  -1.2100000e+01  -8.0728937e-01
  -1.2090000e+01  -8.1437350e-01
  -1.2080000e+01  -8.2064335e-01
  -1.2070000e+01  -8.2609266e-01
  -1.2060000e+01  -8.3071597e-01
  -1.2050000e+01  -8.3450867e-01
  -1.2040000e+01  -8.3746695e-01
  -1.2030000e+01  -8.3958787e-01
  -1.2020000e+01  -8.4086930e-01
  -1.2010000e+01  -8.4130996e-01
  -1.2000000e+01  -8.4090941e-01
  -1.1990000e+01  -8.3966804e-01
  -1.1980000e+01  -8.3758711e-01
  -1.1970000e+01  -8.3466869e-01
  -1.1960000e+01  -8.3091571e-01
  -1.1950000e+01  -8.2633190e-01
  -1.1940000e+01  -8.2092186e-01
  -1.1930000e+01  -8.1469099e-01
  -1.1920000e+01  -8.0764553e-01
  -1.1910000e+01  -7.9979252e-01
  -1.1900000e+01  -7.9113982e-01
  -1.1890000e+01  -7.8169606e-01
  -1.1880000e+01  -7.7147071e-01
  -1.1870000e+01  -7.6047397e-01
  -1.1860000e+01  -7.4871685e-01
  -1.1850000e+01  -7.3621110e-01
  -1.1840000e+01  -7.2296923e-01
  -1.1830000e+01  -7.0900447e-01
  -1.1820000e+01  -6.9433079e-01
  -1.1810000e+01  -6.7896287e-01
  -1.1800000e+01  -6.6291606e-01
  -1.1790000e+01  -6.4620641e-01
  -1.1780000e+01  -6.2885064e-01
  -1.1770000e+01  -6.1086609e-01
  -1.1760000e+01  -5.9227074e-01
  -1.1750000e+01  -5.7308320e-01
  -1.1740000e+01  -5.5332264e-01
  -1.1730000e+01  -5.3300882e-01
  -1.1720000e+01  -5.1216206e-01
  -1.1710000e+01  -4.9080319e-01
  -1.1700000e+01  -4.6895358e-01
  -1.1690000e+01  -4.4663508e-01
  -1.1680000e+01  -4.2386999e-01
  -1.1670000e+01  -4.0068108e-01
  -1.1660000e+01  -3.7709153e-01
  -1.1650000e+01  -3.5312495e-01
  -1.1640000e+01  -3.2880527e-01
  -1.1630000e+01  -3.0415684e-01
  -1.1620000e+01  -2.7920428e-01
  -1.1610000e+01  -2.5397255e-01
  -1.1600000e+01  -2.2848688e-01
  -1.1590000e+01  -2.0277274e-01
  -1.1580000e+01  -1.7685586e-01
  -1.1570000e+01  -1.5076215e-01
  -1.1560000e+01  -1.2451769e-01
  -1.1550000e+01  -9.8148730e-02
  -1.1540000e+01  -7.1681632e-02
  -1.1530000e+01  -4.5142861e-02
  -1.1520000e+01  -1.8558952e-02
  -1.1510000e+01   8.0435121e-03
  -1.1500000e+01   3.4637934e-02
  -1.1490000e+01   6.1197721e-02
  -1.1480000e+01   8.7696318e-02
  -1.1470000e+01   1.1410723e-01
  -1.1460000e+01   1.4040405e-01
  -1.1450000e+01   1.6656047e-01
  -1.1440000e+01   1.9255036e-01
  -1.1430000e+01   2.1834772e-01
  -1.1420000e+01   2.4392676e-01
  -1.1410000e+01   2.6926190e-01
  -1.1400000e+01   2.9432781e-01
  -1.1390000e+01   3.1909942e-01
  -1.1380000e+01   3.4355198e-01
  -1.1370000e+01   3.6766102e-01
  -1.1360000e+01   3.9140244e-01
  -1.1350000e+01   4.1475251e-01
  -1.1340000e+01   4.3768787e-01
  -1.1330000e+01   4.6018560e-01
  -1.1320000e+01   4.8222320e-01
  -1.1310000e+01   5.0377863e-01
  -1.1300000e+01   5.2483034e-01
  -1.1290000e+01   5.4535728e-01
  -1.1280000e+01   5.6533893e-01
  -1.1270000e+01   5.8475530e-01
  -1.1260000e+01   6.0358699e-01
  -1.1250000e+01   6.2181517e-01
  -1.1240000e+01   6.3942160e-01
  -1.1230000e+01   6.5638869e-01
  -1.1220000e+01   6.7269946e-01
  -1.1210000e+01   6.8833762e-01
  -1.1200000e+01   7.0328752e-01
  -1.1190000e+01   7.1753421e-01
  -1.1180000e+01   7.3106345e-01
  -1.1170000e+01   7.4386172e-01
  -1.1160000e+01   7.5591621e-01
  -1.1150000e+01   7.6721488e-01
  -1.1140000e+01   7.7774642e-01
  -1.1130000e+01   7.8750031e-01
  -1.1120000e+01   7.9646679e-01
  -1.1110000e+01   8.0463689e-01
  -1.1100000e+01   8.1200246e-01
  -1.1090000e+01   8.1855612e-01
  -1.1080000e+01   8.2429132e-01
  -1.1070000e+01   8.2920232e-01
  -1.1060000e+01   8.3328422e-01
  -1.1050000e+01   8.3653294e-01
  -1.1040000e+01   8.3894522e-01
  -1.1030000e+01   8.4051866e-01
  -1.1020000e+01   8.4125167e-01
  -1.1010000e+01   8.4114353e-01
  -1.1000000e+01   8.4019435e-01
  -1.0990000e+01   8.3840508e-01
  -1.0980000e+01   8.3577750e-01
  -1.0970000e+01   8.3231424e-01
  -1.0960000e+01   8.2801876e-01
  -1.0950000e+01   8.2289536e-01
  -1.0940000e+01   8.1694917e-01
  -1.0930000e+01   8.1018612e-01
  -1.0920000e+01   8.0261298e-01
  -1.0910000e+01   7.9423733e-01
  -1.0900000e+01   7.8506753e-01
  -1.0890000e+01   7.7511276e-01
  -1.0880000e+01   7.6438296e-01
  -1.0870000e+01   7.5288887e-01
  -1.0860000e+01   7.4064199e-01
  -1.0850000e+01   7.2765455e-01
  -1.0840000e+01   7.1393954e-01
  -1.0830000e+01   6.9951067e-01
  -1.0820000e+01   6.8438238e-01
  -1.0810000e+01   6.6856979e-01
  -1.0800000e+01   6.5208870e-01
  -1.0790000e+01   6.3495561e-01
  -1.0780000e+01   6.1718763e-01
  -1.0770000e+01   5.9880254e-01
  -1.0760000e+01   5.7981872e-01
  -1.0750000e+01   5.6025515e-01
  -1.0740000e+01   5.4013138e-01
  -1.0730000e+01   5.1946756e-01
  -1.0720000e+01   4.9828432e-01
  -1.0710000e+01   4.7660286e-01
  -1.0700000e+01   4.5444486e-01
  -1.0690000e+01   4.3183246e-01
  -1.0680000e+01   4.0878828e-01
  -1.0670000e+01   3.8533537e-01
  -1.0660000e+01   3.6149716e-01
  -1.0650000e+01   3.3729750e-01
  -1.0640000e+01   3.1276058e-01
  -1.0630000e+01   2.8791094e-01
  -1.0620000e+01   2.6277342e-01
  -1.0610000e+01   2.3737316e-01
  -1.0600000e+01   2.1173556e-01
  -1.0590000e+01   1.8588624e-01
  -1.0580000e+01   1.5985106e-01
  -1.0570000e+01   1.3365605e-01
  -1.0560000e+01   1.0732740e-01
  -1.0550000e+01   8.0891434e-02
  -1.0540000e+01   5.4374587e-02
  -1.0530000e+01   2.7803372e-02
  -1.0520000e+01   1.2043572e-03
  -1.0510000e+01  -2.5395861e-02
  -1.0500000e+01  -5.1970687e-02
  -1.0490000e+01  -7.8493548e-02
  -1.0480000e+01  -1.0493792e-01
  -1.0470000e+01  -1.3127737e-01
  -1.0460000e+01  -1.5748556e-01
  -1.0450000e+01  -1.8353628e-01
  -1.0440000e+01  -2.0940349e-01
  -1.0430000e+01  -2.3506132e-01
  -1.0420000e+01  -2.6048411e-01
  -1.0410000e+01  -2.8564645e-01
  -1.0400000e+01  -3.1052318e-01
  -1.0390000e+01  -3.3508942e-01
  -1.0380000e+01  -3.5932061e-01
  -1.0370000e+01  -3.8319252e-01
  -1.0360000e+01  -4.0668128e-01
  -1.0350000e+01  -4.2976341e-01
  -1.0340000e+01  -4.5241583e-01
  -1.0330000e+01  -4.7461588e-01
  -1.0320000e+01  -4.9634138e-01
  -1.0310000e+01  -5.1757059e-01
  -1.0300000e+01  -5.3828229e-01
  -1.0290000e+01  -5.5845578e-01
  -1.0280000e+01  -5.7807087e-01
  -1.0270000e+01  -5.9710796e-01
  -1.0260000e+01  -6.1554802e-01
  -1.0250000e+01  -6.3337259e-01
  -1.0240000e+01  -6.5056387e-01
  -1.0230000e+01  -6.6710467e-01
  -1.0220000e+01  -6.8297843e-01
  -1.0210000e+01  -6.9816930e-01
  -1.0200000e+01  -7.1266208e-01
  -1.0190000e+01  -7.2644229e-01
  -1.0180000e+01  -7.3949613e-01
  -1.0170000e+01  -7.5181057e-01
  -1.0160000e+01  -7.6337329e-01
  -1.0150000e+01  -7.7417272e-01
  -1.0140000e+01  -7.8419808e-01
  -1.0130000e+01  -7.9343932e-01
  -1.0120000e+01  -8.0188722e-01
  -1.0110000e+01  -8.0953333e-01
  -1.0100000e+01  -8.1637000e-01
  -1.0090000e+01  -8.2239040e-01
  -1.0080000e+01  -8.2758850e-01
  -1.0070000e+01  -8.3195912e-01
  -1.0060000e+01  -8.3549787e-01
  -1.0050000e+01  -8.3820122e-01
  -1.0040000e+01  -8.4006648e-01
  -1.0030000e+01  -8.4109176e-01
  -1.0020000e+01  -8.4127605e-01
  -1.0010000e+01  -8.4061917e-01
  -1.0000000e+01  -8.3912176e-01
  -9.9900000e+00  -8.3678547e-01
  -9.9800000e+00  -8.3361334e-01
  -9.9700000e+00  -8.2960935e-01
  -9.9600000e+00  -8.2477834e-01
  -9.9500000e+00  -8.1912595e-01
  -9.9400000e+00  -8.1265862e-01
  -9.9300000e+00  -8.0538361e-01
  -9.9200000e+00  -7.9730894e-01
  -9.9100000e+00  -7.8844343e-01
  -9.9000000e+00  -7.7879667e-01
  -9.8900000e+00  -7.6837899e-01
  -9.8800000e+00  -7.5720148e-01
  -9.8700000e+00  -7.4527593e-01
  -9.8600000e+00  -7.3261489e-01
  -9.8500000e+00  -7.1923157e-01
  -9.8400000e+00  -7.0513990e-01
  -9.8300000e+00  -6.9035445e-01
  -9.8200000e+00  -6.7489046e-01
  -9.8100000e+00  -6.5876381e-01
  -9.8000000e+00  -6.4199099e-01
  -9.7900000e+00  -6.2458909e-01
  -9.7800000e+00  -6.0657579e-01
  -9.7700000e+00  -5.8796934e-01
  -9.7600000e+00  -5.6878851e-01
  -9.7500000e+00  -5.4905261e-01
  -9.7400000e+00  -5.2878145e-01
  -9.7300000e+00  -5.0799532e-01
  -9.7200000e+00  -4.8671497e-01
  -9.7100000e+00  -4.6496159e-01
  -9.7000000e+00  -4.4275680e-01
  -9.6900000e+00  -4.2012258e-01
  -9.6800000e+00  -3.9708131e-01
  -9.6700000e+00  -3.7365572e-01
  -9.6600000e+00  -3.4986885e-01
  -9.6500000e+00  -3.2574405e-01
  -9.6400000e+00  -3.0130495e-01
  -9.6300000e+00  -2.7657542e-01
  -9.6200000e+00  -2.5157959e-01
  -9.6100000e+00  -2.2634177e-01
  -9.6000000e+00  -2.0088646e-01
  -9.5900000e+00  -1.7523833e-01
  -9.5800000e+00  -1.4942216e-01
  -9.5700000e+00  -1.2346287e-01
  -9.5600000e+00  -9.7385431e-02
  -9.5500000e+00  -7.1214905e-02
  -9.5400000e+00  -4.4976375e-02
  -9.5300000e+00  -1.8694941e-02
  -9.5200000e+00   7.6043113e-03
  -9.5100000e+00   3.3896329e-02
  -9.5000000e+00   6.0156121e-02
  -9.4900000e+00   8.6358778e-02
  -9.4800000e+00   1.1247950e-01
  -9.4700000e+00   1.3849361e-01
  -9.4600000e+00   1.6437660e-01
  -9.4500000e+00   1.9010411e-01
  -9.4400000e+00   2.1565201e-01
  -9.4300000e+00   2.4099638e-01
  -9.4200000e+00   2.6611354e-01
  -9.4100000e+00   2.9098006e-01
  -9.4000000e+00   3.1557283e-01
  -9.3900000e+00   3.3986901e-01
  -9.3800000e+00   3.6384613e-01
  -9.3700000e+00   3.8748203e-01
  -9.3600000e+00   4.1075493e-01
  -9.3500000e+00   4.3364344e-01
  -9.3400000e+00   4.5612658e-01
  -9.3300000e+00   4.7818379e-01
  -9.3200000e+00   4.9979496e-01
  -9.3100000e+00   5.2094041e-01
  -9.3000000e+00   5.4160097e-01
  -9.2900000e+00   5.6175796e-01
  -9.2800000e+00   5.8139319e-01
  -9.2700000e+00   6.0048901e-01
  -9.2600000e+00   6.1902831e-01
  -9.2500000e+00   6.3699452e-01
  -9.2400000e+00   6.5437165e-01
  -9.2300000e+00   6.7114428e-01
  -9.2200000e+00   6.8729760e-01
  -9.2100000e+00   7.0281739e-01
  -9.2000000e+00   7.1769004e-01
  -9.1900000e+00   7.3190258e-01
  -9.1800000e+00   7.4544268e-01
  -9.1700000e+00   7.5829864e-01
  -9.1600000e+00   7.7045942e-01
  -9.1500000e+00   7.8191465e-01
  -9.1400000e+00   7.9265462e-01
  -9.1300000e+00   8.0267030e-01
  -9.1200000e+00   8.1195335e-01
  -9.1100000e+00   8.2049610e-01
  -9.1000000e+00   8.2829160e-01
  -9.0900000e+00   8.3533357e-01
  -9.0800000e+00   8.4161645e-01
  -9.0700000e+00   8.4713536e-01
  -9.0600000e+00   8.5188615e-01
  -9.0500000e+00   8.5586538e-01
  -9.0400000e+00   8.5907028e-01
  -9.0300000e+00   8.6149883e-01
  -9.0200000e+00   8.6314969e-01
  -9.0100000e+00   8.6402225e-01
  -9.0000000e+00   8.6411658e-01
  -8.9900000e+00   8.6343346e-01
  -8.9800000e+00   8.6197437e-01
  -8.9700000e+00   8.5974150e-01
  -8.9600000e+00   8.5673771e-01
  -8.9500000e+00   8.5296656e-01
  -8.9400000e+00   8.4843227e-01
  -8.9300000e+00   8.4313975e-01
  -8.9200000e+00   8.3709459e-01
  -8.9100000e+00   8.3030302e-01
  -8.9000000e+00   8.2277193e-01
  -8.8900000e+00   8.1450885e-01
  -8.8800000e+00   8.0552196e-01
  -8.8700000e+00   7.9582004e-01
  -8.8600000e+00   7.8541252e-01
  -8.8500000e+00   7.7430940e-01
  -8.8400000e+00   7.6252130e-01
  -8.8300000e+00   7.5005940e-01
  -8.8200000e+00   7.3693549e-01
  -8.8100000e+00   7.2316188e-01
  -8.8000000e+00   7.0875144e-01
  -8.7900000e+00   6.9371757e-01
  -8.7800000e+00   6.7807420e-01
  -8.7700000e+00   6.6183574e-01
  -8.7600000e+00   6.4501712e-01
  -8.7500000e+00   6.2763373e-01
  -8.7400000e+00   6.0970142e-01
  -8.7300000e+00   5.9123648e-01
  -8.7200000e+00   5.7225564e-01
  -8.7100000e+00   5.5277604e-01
  -8.7000000e+00   5.3281522e-01
  -8.6900000e+00   5.1239107e-01
  -8.6800000e+00   4.9152188e-01
  -8.6700000e+00   4.7022628e-01
  -8.6600000e+00   4.4852320e-01
  -8.6500000e+00   4.2643190e-01
  -8.6400000e+00   4.0397194e-01
  -8.6300000e+00   3.8116313e-01
  -8.6200000e+00   3.5802557e-01
  -8.6100000e+00   3.3457955e-01
  -8.6000000e+00   3.1084563e-01
  -8.5900000e+00   2.8684453e-01
  -8.5800000e+00   2.6259717e-01
  -8.5700000e+00   2.3812464e-01
  -8.5600000e+00   2.1344815e-01
  -8.5500000e+00   1.8858906e-01
  -8.5400000e+00   1.6356882e-01
  -8.5300000e+00   1.3840898e-01
  -8.5200000e+00   1.1313115e-01
  -8.5100000e+00   8.7756989e-02
  -8.5000000e+00   6.2308192e-02
  -8.4900000e+00   3.6806464e-02
  -8.4800000e+00   1.1273504e-02
  -8.4700000e+00  -1.4269014e-02
  -8.4600000e+00  -3.9799457e-02
  -8.4500000e+00  -6.5296258e-02
  -8.4400000e+00  -9.0737927e-02
  -8.4300000e+00  -1.1610307e-01
  -8.4200000e+00  -1.4137042e-01
  -8.4100000e+00  -1.6651882e-01
  -8.4000000e+00  -1.9152729e-01
  -8.3900000e+00  -2.1637500e-01
  -8.3800000e+00  -2.4104132e-01
  -8.3700000e+00  -2.6550580e-01
  -8.3600000e+00  -2.8974824e-01
  -8.3500000e+00  -3.1374864e-01
  -8.3400000e+00  -3.3748728e-01
  -8.3300000e+00  -3.6094468e-01
  -8.3200000e+00  -3.8410167e-01
  -8.3100000e+00  -4.0693936e-01
  -8.3000000e+00  -4.2943917e-01
  -8.2900000e+00  -4.5158286e-01
  -8.2800000e+00  -4.7335251e-01
  -8.2700000e+00  -4.9473057e-01
  -8.2600000e+00  -5.1569986e-01
  -8.2500000e+00  -5.3624357e-01
  -8.2400000e+00  -5.5634528e-01
  -8.2300000e+00  -5.7598899e-01
  -8.2200000e+00  -5.9515911e-01
  -8.2100000e+00  -6.1384047e-01
  -8.2000000e+00  -6.3201835e-01
  -8.1900000e+00  -6.4967848e-01
  -8.1800000e+00  -6.6680705e-01
  -8.1700000e+00  -6.8339071e-01
  -8.1600000e+00  -6.9941660e-01
  -8.1500000e+00  -7.1487236e-01
  -8.1400000e+00  -7.2974609e-01
  -8.1300000e+00  -7.4402643e-01
  -8.1200000e+00  -7.5770251e-01
  -8.1100000e+00  -7.7076400e-01
  -8.1000000e+00  -7.8320107e-01
  -8.0900000e+00  -7.9500443e-01
  -8.0800000e+00  -8.0616536e-01
  -8.0700000e+00  -8.1667562e-01
  -8.0600000e+00  -8.2652758e-01
  -8.0500000e+00  -8.3571411e-01
  -8.0400000e+00  -8.4422867e-01
  -8.0300000e+00  -8.5206527e-01
  -8.0200000e+00  -8.5921846e-01
  -8.0100000e+00  -8.6568339e-01
  -8.0000000e+00  -8.7145574e-01
  -7.9900000e+00  -8.7653178e-01
  -7.9800000e+00  -8.8090834e-01
  -7.9700000e+00  -8.8458281e-01
  -7.9600000e+00  -8.8755316e-01
  -7.9500000e+00  -8.8981792e-01
  -7.9400000e+00  -8.9137619e-01
  -7.9300000e+00  -8.9222763e-01
  -7.9200000e+00  -8.9237247e-01
  -7.9100000e+00  -8.9181149e-01
  -7.9000000e+00  -8.9054605e-01
  -7.8900000e+00  -8.8857803e-01
  -7.8800000e+00  -8.8590990e-01
  -7.8700000e+00  -8.8254464e-01
  -7.8600000e+00  -8.7848580e-01
  -7.8500000e+00  -8.7373745e-01
  -7.8400000e+00  -8.6830421e-01
  -7.8300000e+00  -8.6219121e-01
  -7.8200000e+00  -8.5540411e-01
  -7.8100000e+00  -8.4794909e-01
  -7.8000000e+00  -8.3983281e-01
  -7.7900000e+00  -8.3106245e-01
  -7.7800000e+00  -8.2164570e-01
  -7.7700000e+00  -8.1159070e-01
  -7.7600000e+00  -8.0090608e-01
  -7.7500000e+00  -7.8960095e-01
  -7.7400000e+00  -7.7768486e-01
  -7.7300000e+00  -7.6516782e-01
  -7.7200000e+00  -7.5206027e-01
  -7.7100000e+00  -7.3837309e-01
  -7.7000000e+00  -7.2411758e-01
  -7.6900000e+00  -7.0930545e-01
  -7.6800000e+00  -6.9394878e-01
  -7.6700000e+00  -6.7806009e-01
  -7.6600000e+00  -6.6165223e-01
  -7.6500000e+00  -6.4473844e-01
  -7.6400000e+00  -6.2733231e-01
  -7.6300000e+00  -6.0944775e-01
  -7.6200000e+00  -5.9109904e-01
  -7.6100000e+00  -5.7230073e-01
  -7.6000000e+00  -5.5306771e-01
  -7.5900000e+00  -5.3341514e-01
  -7.5800000e+00  -5.1335848e-01
  -7.5700000e+00  -4.9291344e-01
  -7.5600000e+00  -4.7209598e-01
  -7.5500000e+00  -4.5092232e-01
  -7.5400000e+00  -4.2940888e-01
  -7.5300000e+00  -4.0757231e-01
  -7.5200000e+00  -3.8542946e-01
  -7.5100000e+00  -3.6299735e-01
  -7.5000000e+00  -3.4029319e-01
  -7.4900000e+00  -3.1733434e-01
  -7.4800000e+00  -2.9413830e-01
  -7.4700000e+00  -2.7072271e-01
  -7.4600000e+00  -2.4710532e-01
  -7.4500000e+00  -2.2330399e-01
  -7.4400000e+00  -1.9933665e-01
  -7.4300000e+00  -1.7522134e-01
  -7.4200000e+00  -1.5097612e-01
  -7.4100000e+00  -1.2661912e-01
  -7.4000000e+00  -1.0216852e-01
  -7.3900000e+00  -7.7642473e-02
  -7.3800000e+00  -5.3059182e-02
  -7.3700000e+00  -2.8436822e-02
  -7.3600000e+00  -3.7935492e-03
  -7.3500000e+00   2.0852513e-02
  -7.3400000e+00   4.5483289e-02
  -7.3300000e+00   7.0080766e-02
  -7.3200000e+00   9.4627004e-02
  -7.3100000e+00   1.1910415e-01
  -7.3000000e+00   1.4349446e-01
  -7.2900000e+00   1.6778028e-01
  -7.2800000e+00   1.9194411e-01
  -7.2700000e+00   2.1596857e-01
  -7.2600000e+00   2.3983644e-01
  -7.2500000e+00   2.6353065e-01
  -7.2400000e+00   2.8703431e-01
  -7.2300000e+00   3.1033072e-01
  -7.2200000e+00   3.3340338e-01
  -7.2100000e+00   3.5623598e-01
  -7.2000000e+00   3.7881246e-01
  -7.1900000e+00   4.0111695e-01
  -7.1800000e+00   4.2313386e-01
  -7.1700000e+00   4.4484783e-01
  -7.1600000e+00   4.6624376e-01
  -7.1500000e+00   4.8730684e-01
  -7.1400000e+00   5.0802251e-01
  -7.1300000e+00   5.2837654e-01
  -7.1200000e+00   5.4835496e-01
  -7.1100000e+00   5.6794414e-01
  -7.1000000e+00   5.8713074e-01
  -7.0900000e+00   6.0590176e-01
  -7.0800000e+00   6.2424453e-01
  -7.0700000e+00   6.4214672e-01
  -7.0600000e+00   6.5959636e-01
  -7.0500000e+00   6.7658181e-01
  -7.0400000e+00   6.9309180e-01
  -7.0300000e+00   7.0911545e-01
  -7.0200000e+00   7.2464223e-01
  -7.0100000e+00   7.3966200e-01
  -7.0000000e+00   7.5416500e-01
  -6.9900000e+00   7.6814187e-01
  -6.9800000e+00   7.8158364e-01
  -6.9700000e+00   7.9448173e-01
  -6.9600000e+00   8.0682800e-01
  -6.9500000e+00   8.1861468e-01
  -6.9400000e+00   8.2983443e-01
  -6.9300000e+00   8.4048034e-01
  -6.9200000e+00   8.5054589e-01
  -6.9100000e+00   8.6002499e-01
  -6.9000000e+00   8.6891200e-01
  -6.8900000e+00   8.7720168e-01
  -6.8800000e+00   8.8488922e-01
  -6.8700000e+00   8.9197025e-01
  -6.8600000e+00   8.9844082e-01
  -6.8500000e+00   9.0429743e-01
  -6.8400000e+00   9.0953699e-01
  -6.8300000e+00   9.1415686e-01
  -6.8200000e+00   9.1815481e-01
  -6.8100000e+00   9.2152907e-01
  -6.8000000e+00   9.2427829e-01
  -6.7900000e+00   9.2640154e-01
  -6.7800000e+00   9.2789833e-01
  -6.7700000e+00   9.2876859e-01
  -6.7600000e+00   9.2901269e-01
  -6.7500000e+00   9.2863142e-01
  -6.7400000e+00   9.2762596e-01
  -6.7300000e+00   9.2599795e-01
  -6.7200000e+00   9.2374943e-01
  -6.7100000e+00   9.2088285e-01
  -6.7000000e+00   9.1740106e-01
  -6.6900000e+00   9.1330733e-01
  -6.6800000e+00   9.0860532e-01
  -6.6700000e+00   9.0329909e-01
  -6.6600000e+00   8.9739309e-01
  -6.6500000e+00   8.9089216e-01
  -6.6400000e+00   8.8380153e-01
  -6.6300000e+00   8.7612679e-01
  -6.6200000e+00   8.6787390e-01
  -6.6100000e+00   8.5904921e-01
  -6.6000000e+00   8.4965940e-01
  -6.5900000e+00   8.3971151e-01
  -6.5800000e+00   8.2921295e-01
  -6.5700000e+00   8.1817145e-01
  -6.5600000e+00   8.0659506e-01
  -6.5500000e+00   7.9449219e-01
  -6.5400000e+00   7.8187155e-01
  -6.5300000e+00   7.6874217e-01
  -6.5200000e+00   7.5511336e-01
  -6.5100000e+00   7.4099477e-01
  -6.5000000e+00   7.2639631e-01
  -6.4900000e+00   7.1132816e-01
  -6.4800000e+00   6.9580082e-01
  -6.4700000e+00   6.7982500e-01
  -6.4600000e+00   6.6341172e-01
  -6.4500000e+00   6.4657219e-01
  -6.4400000e+00   6.2931792e-01
  -6.4300000e+00   6.1166061e-01
  -6.4200000e+00   5.9361220e-01
  -6.4100000e+00   5.7518483e-01
  -6.4000000e+00   5.5639086e-01
  -6.3900000e+00   5.3724284e-01
  -6.3800000e+00   5.1775351e-01
  -6.3700000e+00   4.9793577e-01
  -6.3600000e+00   4.7780270e-01
  -6.3500000e+00   4.5736756e-01
  -6.3400000e+00   4.3664372e-01
  -6.3300000e+00   4.1564471e-01
  -6.3200000e+00   3.9438420e-01
  -6.3100000e+00   3.7287596e-01
  -6.3000000e+00   3.5113389e-01
  -6.2900000e+00   3.2917198e-01
  -6.2800000e+00   3.0700432e-01
  -6.2700000e+00   2.8464509e-01
  -6.2600000e+00   2.6210852e-01
  -6.2500000e+00   2.3940892e-01
  -6.2400000e+00   2.1656066e-01
  -6.2300000e+00   1.9357816e-01
  -6.2200000e+00   1.7047585e-01
  -6.2100000e+00   1.4726820e-01
  -6.2000000e+00   1.2396972e-01
  -6.1900000e+00   1.0059489e-01
  -6.1800000e+00   7.7158214e-02
  -6.1700000e+00   5.3674181e-02
  -6.1600000e+00   3.0157257e-02
  -6.1500000e+00   6.6218832e-03
  -6.1400000e+00  -1.6917538e-02
  -6.1300000e+00  -4.0446650e-02
  -6.1200000e+00  -6.3951150e-02
  -6.1100000e+00  -8.7416800e-02
  -6.1000000e+00  -1.1082943e-01
  -6.0900000e+00  -1.3417496e-01
  -6.0800000e+00  -1.5743939e-01
  -6.0700000e+00  -1.8060881e-01
  -6.0600000e+00  -2.0366944e-01
  -6.0500000e+00  -2.2660759e-01
  -6.0400000e+00  -2.4940970e-01
  -6.0300000e+00  -2.7206234e-01
  -6.0200000e+00  -2.9455221e-01
  -6.0100000e+00  -3.1686616e-01
  -6.0000000e+00  -3.3899119e-01
  -5.9900000e+00  -3.6091445e-01
  -5.9800000e+00  -3.8262328e-01
  -5.9700000e+00  -4.0410517e-01
  -5.9600000e+00  -4.2534779e-01
  -5.9500000e+00  -4.4633900e-01
  -5.9400000e+00  -4.6706686e-01
  -5.9300000e+00  -4.8751962e-01
  -5.9200000e+00  -5.0768574e-01
  -5.9100000e+00  -5.2755388e-01
  -5.9000000e+00  -5.4711293e-01
  -5.8900000e+00  -5.6635199e-01
  -5.8800000e+00  -5.8526039e-01
  -5.8700000e+00  -6.0382771e-01
  -5.8600000e+00  -6.2204374e-01
  -5.8500000e+00  -6.3989853e-01
  -5.8400000e+00  -6.5738237e-01
  -5.8300000e+00  -6.7448581e-01
  -5.8200000e+00  -6.9119964e-01
  -5.8100000e+00  -7.0751493e-01
  -5.8000000e+00  -7.2342301e-01
  -5.7900000e+00  -7.3891545e-01
  -5.7800000e+00  -7.5398414e-01
  -5.7700000e+00  -7.6862120e-01
  -5.7600000e+00  -7.8281905e-01
  -5.7500000e+00  -7.9657040e-01
  -5.7400000e+00  -8.0986821e-01
  -5.7300000e+00  -8.2270577e-01
  -5.7200000e+00  -8.3507662e-01
  -5.7100000e+00  -8.4697462e-01
  -5.7000000e+00  -8.5839391e-01
  -5.6900000e+00  -8.6932891e-01
  -5.6800000e+00  -8.7977437e-01
  -5.6700000e+00  -8.8972530e-01
  -5.6600000e+00  -8.9917706e-01
  -5.6500000e+00  -9.0812525e-01
  -5.6400000e+00  -9.1656582e-01
  -5.6300000e+00  -9.2449499e-01
  -5.6200000e+00  -9.3190931e-01
  -5.6100000e+00  -9.3880560e-01
  -5.6000000e+00  -9.4518102e-01
  -5.5900000e+00  -9.5103300e-01
  -5.5800000e+00  -9.5635930e-01
  -5.5700000e+00  -9.6115796e-01
  -5.5600000e+00  -9.6542734e-01
  -5.5500000e+00  -9.6916608e-01
  -5.5400000e+00  -9.7237314e-01
  -5.5300000e+00  -9.7504777e-01
  -5.5200000e+00  -9.7718952e-01
  -5.5100000e+00  -9.7879824e-01
  -5.5000000e+00  -9.7987407e-01
  -5.4900000e+00  -9.8041744e-01
  -5.4800000e+00  -9.8042908e-01
  -5.4700000e+00  -9.7990999e-01
  -5.4600000e+00  -9.7886150e-01
  -5.4500000e+00  -9.7728517e-01
  -5.4400000e+00  -9.7518287e-01
  -5.4300000e+00  -9.7255676e-01
  -5.4200000e+00  -9.6940927e-01
  -5.4100000e+00  -9.6574307e-01
  -5.4000000e+00  -9.6156116e-01
  -5.3900000e+00  -9.5686675e-01
  -5.3800000e+00  -9.5166336e-01
  -5.3700000e+00  -9.4595474e-01
  -5.3600000e+00  -9.3974490e-01
  -5.3500000e+00  -9.3303813e-01
  -5.3400000e+00  -9.2583895e-01
  -5.3300000e+00  -9.1815211e-01
  -5.3200000e+00  -9.0998262e-01
  -5.3100000e+00  -9.0133574e-01
  -5.3000000e+00  -8.9221694e-01
  -5.2900000e+00  -8.8263192e-01
  -5.2800000e+00  -8.7258662e-01
  -5.2700000e+00  -8.6208719e-01
  -5.2600000e+00  -8.5114000e-01
  -5.2500000e+00  -8.3975161e-01
  -5.2400000e+00  -8.2792882e-01
  -5.2300000e+00  -8.1567860e-01
  -5.2200000e+00  -8.0300814e-01
  -5.2100000e+00  -7.8992480e-01
  -5.2000000e+00  -7.7643614e-01
  -5.1900000e+00  -7.6254988e-01
  -5.1800000e+00  -7.4827395e-01
  -5.1700000e+00  -7.3361642e-01
  -5.1600000e+00  -7.1858554e-01
  -5.1500000e+00  -7.0318970e-01
  -5.1400000e+00  -6.8743746e-01
  -5.1300000e+00  -6.7133754e-01
  -5.1200000e+00  -6.5489877e-01
  -5.1100000e+00  -6.3813015e-01
  -5.1000000e+00  -6.2104078e-01
  -5.0900000e+00  -6.0363991e-01
  -5.0800000e+00  -5.8593690e-01
  -5.0700000e+00  -5.6794123e-01
  -5.0600000e+00  -5.4966249e-01
  -5.0500000e+00  -5.3111035e-01
  -5.0400000e+00  -5.1229461e-01
  -5.0300000e+00  -4.9322515e-01
  -5.0200000e+00  -4.7391192e-01
  -5.0100000e+00  -4.5436498e-01
  -5.0000000e+00  -4.3459443e-01
  -4.9900000e+00  -4.1461048e-01
  -4.9800000e+00  -3.9442335e-01
  -4.9700000e+00  -3.7404338e-01
  -4.9600000e+00  -3.5348090e-01
  -4.9500000e+00  -3.3274634e-01
  -4.9400000e+00  -3.1185012e-01
  -4.9300000e+00  -2.9080274e-01
  -4.9200000e+00  -2.6961471e-01
  -4.9100000e+00  -2.4829655e-01
  -4.9000000e+00  -2.2685881e-01
  -4.8900000e+00  -2.0531206e-01
  -4.8800000e+00  -1.8366687e-01
  -4.8700000e+00  -1.6193381e-01
  -4.8600000e+00  -1.4012346e-01
  -4.8500000e+00  -1.1824636e-01
  -4.8400000e+00  -9.6313058e-02
  -4.8300000e+00  -7.4334089e-02
  -4.8200000e+00  -5.2319947e-02
  -4.8100000e+00  -3.0281105e-02
  -4.8000000e+00  -8.2279971e-03
  -4.7900000e+00   1.3828981e-02
  -4.7800000e+00   3.5879479e-02
  -4.7700000e+00   5.7913196e-02
  -4.7600000e+00   7.9919885e-02
  -4.7500000e+00   1.0188936e-01
  -4.7400000e+00   1.2381150e-01
  -4.7300000e+00   1.4567624e-01
  -4.7200000e+00   1.6747362e-01
  -4.7100000e+00   1.8919371e-01
  -4.7000000e+00   2.1082671e-01
  -4.6900000e+00   2.3236288e-01
  -4.6800000e+00   2.5379256e-01
  -4.6700000e+00   2.7510622e-01
  -4.6600000e+00   2.9629440e-01
  -4.6500000e+00   3.1734774e-01
  -4.6400000e+00   3.3825701e-01
  -4.6300000e+00   3.5901308e-01
  -4.6200000e+00   3.7960692e-01
  -4.6100000e+00   4.0002963e-01
  -4.6000000e+00   4.2027243e-01
  -4.5900000e+00   4.4032667e-01
  -4.5800000e+00   4.6018382e-01
  -4.5700000e+00   4.7983548e-01
  -4.5600000e+00   4.9927339e-01
  -4.5500000e+00   5.1848942e-01
  -4.5400000e+00   5.3747558e-01
  -4.5300000e+00   5.5622404e-01
  -4.5200000e+00   5.7472708e-01
  -4.5100000e+00   5.9297718e-01
  -4.5000000e+00   6.1096692e-01
  -4.4900000e+00   6.2868906e-01
  -4.4800000e+00   6.4613651e-01
  -4.4700000e+00   6.6330234e-01
  -4.4600000e+00   6.8017978e-01
  -4.4500000e+00   6.9676222e-01
  -4.4400000e+00   7.1304321e-01
  -4.4300000e+00   7.2901647e-01
  -4.4200000e+00   7.4467590e-01
  -4.4100000e+00   7.6001555e-01
  -4.4000000e+00   7.7502965e-01
  -4.3900000e+00   7.8971259e-01
  -4.3800000e+00   8.0405896e-01
  -4.3700000e+00   8.1806351e-01
  -4.3600000e+00   8.3172115e-01
  -4.3500000e+00   8.4502699e-01
  -4.3400000e+00   8.5797632e-01
  -4.3300000e+00   8.7056459e-01
  -4.3200000e+00   8.8278744e-01
  -4.3100000e+00   8.9464070e-01
  -4.3000000e+00   9.0612036e-01
  -4.2900000e+00   9.1722260e-01
  -4.2800000e+00   9.2794380e-01
  -4.2700000e+00   9.3828050e-01
  -4.2600000e+00   9.4822943e-01
  -4.2500000e+00   9.5778750e-01
  -4.2400000e+00   9.6695181e-01
  -4.2300000e+00   9.7571962e-01
  -4.2200000e+00   9.8408842e-01
  -4.2100000e+00   9.9205583e-01
  -4.2000000e+00   9.9961967e-01
  -4.1900000e+00   1.0067780e+00
  -4.1800000e+00   1.0135289e+00
  -4.1700000e+00   1.0198708e+00
  -4.1600000e+00   1.0258023e+00
  -4.1500000e+00   1.0313220e+00
  -4.1400000e+00   1.0364289e+00
  -4.1300000e+00   1.0411221e+00
  -4.1200000e+00   1.0454007e+00
  -4.1100000e+00   1.0492644e+00
  -4.1000000e+00   1.0527125e+00
  -4.0900000e+00   1.0557450e+00
  -4.0800000e+00   1.0583618e+00
  -4.0700000e+00   1.0605630e+00
  -4.0600000e+00   1.0623488e+00
  -4.0500000e+00   1.0637199e+00
  -4.0400000e+00   1.0646766e+00
  -4.0300000e+00   1.0652200e+00
  -4.0200000e+00   1.0653509e+00
  -4.0100000e+00   1.0650704e+00
  -4.0000000e+00   1.0643798e+00
  -3.9900000e+00   1.0632805e+00
  -3.9800000e+00   1.0617742e+00
  -3.9700000e+00   1.0598625e+00
  -3.9600000e+00   1.0575474e+00
  -3.9500000e+00   1.0548308e+00
  -3.9400000e+00   1.0517150e+00
  -3.9300000e+00   1.0482023e+00
  -3.9200000e+00   1.0442952e+00
  -3.9100000e+00   1.0399962e+00
  -3.9000000e+00   1.0353083e+00
  -3.8900000e+00   1.0302341e+00
  -3.8800000e+00   1.0247768e+00
  -3.8700000e+00   1.0189396e+00
  -3.8600000e+00   1.0127256e+00
  -3.8500000e+00   1.0061384e+00
  -3.8400000e+00   9.9918143e-01
  -3.8300000e+00   9.9185837e-01
  -3.8200000e+00   9.8417300e-01
  -3.8100000e+00   9.7612922e-01
  -3.8000000e+00   9.6773102e-01
  -3.7900000e+00   9.5898254e-01
  -3.7800000e+00   9.4988800e-01
  -3.7700000e+00   9.4045172e-01
  -3.7600000e+00   9.3067815e-01
  -3.7500000e+00   9.2057182e-01
  -3.7400000e+00   9.1013736e-01
  -3.7300000e+00   8.9937951e-01
  -3.7200000e+00   8.8830309e-01
  -3.7100000e+00   8.7691299e-01
  -3.7000000e+00   8.6521423e-01
  -3.6900000e+00   8.5321187e-01
  -3.6800000e+00   8.4091109e-01
  -3.6700000e+00   8.2831711e-01
  -3.6600000e+00   8.1543525e-01
  -3.6500000e+00   8.0227090e-01
  -3.6400000e+00   7.8882952e-01
  -3.6300000e+00   7.7511661e-01
  -3.6200000e+00   7.6113778e-01
  -3.6100000e+00   7.4689867e-01
  -3.6000000e+00   7.3240497e-01
  -3.5900000e+00   7.1766246e-01
  -3.5800000e+00   7.0267693e-01
  -3.5700000e+00   6.8745426e-01
  -3.5600000e+00   6.7200036e-01
  -3.5500000e+00   6.5632116e-01
  -3.5400000e+00   6.4042268e-01
  -3.5300000e+00   6.2431093e-01
  -3.5200000e+00   6.0799199e-01
  -3.5100000e+00   5.9147195e-01
  -3.5000000e+00   5.7475695e-01
  -3.4900000e+00   5.5785315e-01
  -3.4800000e+00   5.4076671e-01
  -3.4700000e+00   5.2350386e-01
  -3.4600000e+00   5.0607081e-01
  -3.4500000e+00   4.8847380e-01
  -3.4400000e+00   4.7071908e-01
  -3.4300000e+00   4.5281293e-01
  -3.4200000e+00   4.3476160e-01
  -3.4100000e+00   4.1657140e-01
  -3.4000000e+00   3.9824858e-01
  -3.3900000e+00   3.7979945e-01
  -3.3800000e+00   3.6123028e-01
  -3.3700000e+00   3.4254736e-01
  -3.3600000e+00   3.2375695e-01
  -3.3500000e+00   3.0486533e-01
  -3.3400000e+00   2.8587874e-01
  -3.3300000e+00   2.6680342e-01
  -3.3200000e+00   2.4764561e-01
  -3.3100000e+00   2.2841150e-01
  -3.3000000e+00   2.0910729e-01
  -3.2900000e+00   1.8973913e-01
  -3.2800000e+00   1.7031317e-01
  -3.2700000e+00   1.5083552e-01
  -3.2600000e+00   1.3131226e-01
  -3.2500000e+00   1.1174946e-01
  -3.2400000e+00   9.2153116e-02
  -3.2300000e+00   7.2529230e-02
  -3.2200000e+00   5.2883746e-02
  -3.2100000e+00   3.3222575e-02
  -3.2000000e+00   1.3551585e-02
  -3.1900000e+00  -6.1233959e-03
  -3.1800000e+00  -2.5796586e-02
  -3.1700000e+00  -4.5462247e-02
  -3.1600000e+00  -6.5114693e-02
  -3.1500000e+00  -8.4748282e-02
  -3.1400000e+00  -1.0435743e-01
  -3.1300000e+00  -1.2393659e-01
  -3.1200000e+00  -1.4348030e-01
  -3.1100000e+00  -1.6298312e-01
  -3.1000000e+00  -1.8243968e-01
  -3.0900000e+00  -2.0184468e-01
  -3.0800000e+00  -2.2119287e-01
  -3.0700000e+00  -2.4047906e-01
  -3.0600000e+00  -2.5969813e-01
  -3.0500000e+00  -2.7884500e-01
  -3.0400000e+00  -2.9791470e-01
  -3.0300000e+00  -3.1690229e-01
  -3.0200000e+00  -3.3580290e-01
  -3.0100000e+00  -3.5461176e-01
  -3.0000000e+00  -3.7332413e-01
  -2.9900000e+00  -3.9193536e-01
  -2.9800000e+00  -4.1044087e-01
  -2.9700000e+00  -4.2883616e-01
  -2.9600000e+00  -4.4711680e-01
  -2.9500000e+00  -4.6527842e-01
  -2.9400000e+00  -4.8331674e-01
  -2.9300000e+00  -5.0122756e-01
  -2.9200000e+00  -5.1900675e-01
  -2.9100000e+00  -5.3665026e-01
  -2.9000000e+00  -5.5415410e-01
  -2.8900000e+00  -5.7151440e-01
  -2.8800000e+00  -5.8872732e-01
  -2.8700000e+00  -6.0578915e-01
  -2.8600000e+00  -6.2269622e-01
  -2.8500000e+00  -6.3944496e-01
  -2.8400000e+00  -6.5603189e-01
  -2.8300000e+00  -6.7245358e-01
  -2.8200000e+00  -6.8870672e-01
  -2.8100000e+00  -7.0478807e-01
  -2.8000000e+00  -7.2069445e-01
  -2.7900000e+00  -7.3642279e-01
  -2.7800000e+00  -7.5197010e-01
  -2.7700000e+00  -7.6733347e-01
  -2.7600000e+00  -7.8251006e-01
  -2.7500000e+00  -7.9749714e-01
  -2.7400000e+00  -8.1229205e-01
  -2.7300000e+00  -8.2689220e-01
  -2.7200000e+00  -8.4129511e-01
  -2.7100000e+00  -8.5549837e-01
  -2.7000000e+00  -8.6949966e-01
  -2.6900000e+00  -8.8329673e-01
  -2.6800000e+00  -8.9688743e-01
  -2.6700000e+00  -9.1026968e-01
  -2.6600000e+00  -9.2344151e-01
  -2.6500000e+00  -9.3640098e-01
  -2.6400000e+00  -9.4914630e-01
  -2.6300000e+00  -9.6167570e-01
  -2.6200000e+00  -9.7398754e-01
  -2.6100000e+00  -9.8608024e-01
  -2.6000000e+00  -9.9795229e-01
  -2.5900000e+00  -1.0096023e+00
  -2.5800000e+00  -1.0210289e+00
  -2.5700000e+00  -1.0322309e+00
  -2.5600000e+00  -1.0432070e+00
  -2.5500000e+00  -1.0539563e+00
  -2.5400000e+00  -1.0644776e+00
  -2.5300000e+00  -1.0747700e+00
  -2.5200000e+00  -1.0848327e+00
  -2.5100000e+00  -1.0946649e+00
  -2.5000000e+00  -1.1042659e+00
  -2.4900000e+00  -1.1136351e+00
  -2.4800000e+00  -1.1227718e+00
  -2.4700000e+00  -1.1316757e+00
  -2.4600000e+00  -1.1403463e+00
  -2.4500000e+00  -1.1487833e+00
  -2.4400000e+00  -1.1569863e+00
  -2.4300000e+00  -1.1649553e+00
  -2.4200000e+00  -1.1726901e+00
  -2.4100000e+00  -1.1801907e+00
  -2.4000000e+00  -1.1874571e+00
  -2.3900000e+00  -1.1944893e+00
  -2.3800000e+00  -1.2012876e+00
  -2.3700000e+00  -1.2078521e+00
  -2.3600000e+00  -1.2141831e+00
  -2.3500000e+00  -1.2202810e+00
  -2.3400000e+00  -1.2261463e+00
  -2.3300000e+00  -1.2317794e+00
  -2.3200000e+00  -1.2371807e+00
  -2.3100000e+00  -1.2423511e+00
  -2.3000000e+00  -1.2472910e+00
  -2.2900000e+00  -1.2520013e+00
  -2.2800000e+00  -1.2564828e+00
  -2.2700000e+00  -1.2607361e+00
  -2.2600000e+00  -1.2647624e+00
  -2.2500000e+00  -1.2685625e+00
  -2.2400000e+00  -1.2721374e+00
  -2.2300000e+00  -1.2754882e+00
  -2.2200000e+00  -1.2786160e+00
  -2.2100000e+00  -1.2815220e+00
  -2.2000000e+00  -1.2842075e+00
  -2.1900000e+00  -1.2866735e+00
  -2.1800000e+00  -1.2889216e+00
  -2.1700000e+00  -1.2909530e+00
  -2.1600000e+00  -1.2927692e+00
  -2.1500000e+00  -1.2943716e+00
  -2.1400000e+00  -1.2957617e+00
  -2.1300000e+00  -1.2969411e+00
  -2.1200000e+00  -1.2979114e+00
  -2.1100000e+00  -1.2986741e+00
  -2.1000000e+00  -1.2992310e+00
  -2.0900000e+00  -1.2995837e+00
  -2.0800000e+00  -1.2997341e+00
  -2.0700000e+00  -1.2996839e+00
  -2.0600000e+00  -1.2994349e+00
  -2.0500000e+00  -1.2989889e+00
  -2.0400000e+00  -1.2983479e+00
  -2.0300000e+00  -1.2975139e+00
  -2.0200000e+00  -1.2964886e+00
  -2.0100000e+00  -1.2952742e+00
  -2.0000000e+00  -1.2938726e+00
  -1.9900000e+00  -1.2922859e+00
  -1.9800000e+00  -1.2905162e+00
  -1.9700000e+00  -1.2885656e+00
  -1.9600000e+00  -1.2864361e+00
  -1.9500000e+00  -1.2841300e+00
  -1.9400000e+00  -1.2816495e+00
  -1.9300000e+00  -1.2789966e+00
  -1.9200000e+00  -1.2761737e+00
  -1.9100000e+00  -1.2731829e+00
  -1.9000000e+00  -1.2700266e+00
  -1.8900000e+00  -1.2667070e+00
  -1.8800000e+00  -1.2632265e+00
  -1.8700000e+00  -1.2595872e+00
  -1.8600000e+00  -1.2557917e+00
  -1.8500000e+00  -1.2518421e+00
  -1.8400000e+00  -1.2477409e+00
  -1.8300000e+00  -1.2434905e+00
  -1.8200000e+00  -1.2390932e+00
  -1.8100000e+00  -1.2345515e+00
  -1.8000000e+00  -1.2298676e+00
  -1.7900000e+00  -1.2250442e+00
  -1.7800000e+00  -1.2200835e+00
  -1.7700000e+00  -1.2149880e+00
  -1.7600000e+00  -1.2097602e+00
  -1.7500000e+00  -1.2044026e+00
  -1.7400000e+00  -1.1989174e+00
  -1.7300000e+00  -1.1933073e+00
  -1.7200000e+00  -1.1875747e+00
  -1.7100000e+00  -1.1817221e+00
  -1.7000000e+00  -1.1757518e+00
  -1.6900000e+00  -1.1696664e+00
  -1.6800000e+00  -1.1634684e+00
  -1.6700000e+00  -1.1571602e+00
  -1.6600000e+00  -1.1507443e+00
  -1.6500000e+00  -1.1442232e+00
  -1.6400000e+00  -1.1375993e+00
  -1.6300000e+00  -1.1308750e+00
  -1.6200000e+00  -1.1240529e+00
  -1.6100000e+00  -1.1171354e+00
  -1.6000000e+00  -1.1101248e+00
  -1.5900000e+00  -1.1030238e+00
  -1.5800000e+00  -1.0958347e+00
  -1.5700000e+00  -1.0885599e+00
  -1.5600000e+00  -1.0812018e+00
  -1.5500000e+00  -1.0737629e+00
  -1.5400000e+00  -1.0662456e+00
  -1.5300000e+00  -1.0586522e+00
  -1.5200000e+00  -1.0509852e+00
  -1.5100000e+00  -1.0432468e+00
  -1.5000000e+00  -1.0354395e+00
  -1.4900000e+00  -1.0275657e+00
  -1.4800000e+00  -1.0196275e+00
  -1.4700000e+00  -1.0116274e+00
  -1.4600000e+00  -1.0035677e+00
  -1.4500000e+00  -9.9545061e-01
  -1.4400000e+00  -9.8727848e-01
  -1.4300000e+00  -9.7905354e-01
  -1.4200000e+00  -9.7077804e-01
  -1.4100000e+00  -9.6245422e-01
  -1.4000000e+00  -9.5408429e-01
  -1.3900000e+00  -9.4567045e-01
  -1.3800000e+00  -9.3721487e-01
  -1.3700000e+00  -9.2871973e-01
  -1.3600000e+00  -9.2018716e-01
  -1.3500000e+00  -9.1161929e-01
  -1.3400000e+00  -9.0301823e-01
  -1.3300000e+00  -8.9438607e-01
  -1.3200000e+00  -8.8572487e-01
  -1.3100000e+00  -8.7703669e-01
  -1.3000000e+00  -8.6832354e-01
  -1.2900000e+00  -8.5958745e-01
  -1.2800000e+00  -8.5083039e-01
  -1.2700000e+00  -8.4205433e-01
  -1.2600000e+00  -8.3326122e-01
  -1.2500000e+00  -8.2445298e-01
  -1.2400000e+00  -8.1563150e-01
  -1.2300000e+00  -8.0679867e-01
  -1.2200000e+00  -7.9795635e-01
  -1.2100000e+00  -7.8910637e-01
  -1.2000000e+00  -7.8025053e-01
  -1.1900000e+00  -7.7139063e-01
  -1.1800000e+00  -7.6252843e-01
  -1.1700000e+00  -7.5366567e-01
  -1.1600000e+00  -7.4480408e-01
  -1.1500000e+00  -7.3594533e-01
  -1.1400000e+00  -7.2709111e-01
  -1.1300000e+00  -7.1824307e-01
  -1.1200000e+00  -7.0940281e-01
  -1.1100000e+00  -7.0057194e-01
  -1.1000000e+00  -6.9175204e-01
  -1.0900000e+00  -6.8294465e-01
  -1.0800000e+00  -6.7415130e-01
  -1.0700000e+00  -6.6537349e-01
  -1.0600000e+00  -6.5661269e-01
  -1.0500000e+00  -6.4787035e-01
  -1.0400000e+00  -6.3914790e-01
  -1.0300000e+00  -6.3044675e-01
  -1.0200000e+00  -6.2176826e-01
  -1.0100000e+00  -6.1311379e-01
  -1.0000000e+00  -6.0448466e-01
  -9.9000000e-01  -5.9588219e-01
  -9.8000000e-01  -5.8730763e-01
  -9.7000000e-01  -5.7876225e-01
  -9.6000000e-01  -5.7024728e-01
  -9.5000000e-01  -5.6176391e-01
  -9.4000000e-01  -5.5331332e-01
  -9.3000000e-01  -5.4489666e-01
  -9.2000000e-01  -5.3651507e-01
  -9.1000000e-01  -5.2816964e-01
  -9.0000000e-01  -5.1986146e-01
  -8.9000000e-01  -5.1159158e-01
  -8.8000000e-01  -5.0336102e-01
  -8.7000000e-01  -4.9517079e-01
  -8.6000000e-01  -4.8702188e-01
  -8.5000000e-01  -4.7891524e-01
  -8.4000000e-01  -4.7085181e-01
  -8.3000000e-01  -4.6283248e-01
  -8.2000000e-01  -4.5485815e-01
  -8.1000000e-01  -4.4692967e-01
  -8.0000000e-01  -4.3904789e-01
  -7.9000000e-01  -4.3121361e-01
  -7.8000000e-01  -4.2342762e-01
  -7.7000000e-01  -4.1569070e-01
  -7.6000000e-01  -4.0800359e-01
  -7.5000000e-01  -4.0036700e-01
  -7.4000000e-01  -3.9278163e-01
  -7.3000000e-01  -3.8524816e-01
  -7.2000000e-01  -3.7776724e-01
  -7.1000000e-01  -3.7033950e-01
  -7.0000000e-01  -3.6296555e-01
  -6.9000000e-01  -3.5564596e-01
  -6.8000000e-01  -3.4838131e-01
  -6.7000000e-01  -3.4117214e-01
  -6.6000000e-01  -3.3401896e-01
  -6.5000000e-01  -3.2692227e-01
  -6.4000000e-01  -3.1988256e-01
  -6.3000000e-01  -3.1290027e-01
  -6.2000000e-01  -3.0597584e-01
  -6.1000000e-01  -2.9910969e-01
  -6.0000000e-01  -2.9230221e-01
  -5.9000000e-01  -2.8555376e-01
  -5.8000000e-01  -2.7886472e-01
  -5.7000000e-01  -2.7223540e-01
  -5.6000000e-01  -2.6566612e-01
  -5.5000000e-01  -2.5915718e-01
  -5.4000000e-01  -2.5270884e-01
  -5.3000000e-01  -2.4632137e-01
  -5.2000000e-01  -2.3999500e-01
  -5.1000000e-01  -2.3372994e-01
  -5.0000000e-01  -2.2752640e-01
  -4.9000000e-01  -2.2138454e-01
  -4.8000000e-01  -2.1530454e-01
  -4.7000000e-01  -2.0928654e-01
  -4.6000000e-01  -2.0333065e-01
  -4.5000000e-01  -1.9743699e-01
  -4.4000000e-01  -1.9160565e-01
  -4.3000000e-01  -1.8583669e-01
  -4.2000000e-01  -1.8013016e-01
  -4.1000000e-01  -1.7448611e-01
  -4.0000000e-01  -1.6890455e-01
  -3.9000000e-01  -1.6338549e-01
  -3.8000000e-01  -1.5792890e-01
  -3.7000000e-01  -1.5253475e-01
  -3.6000000e-01  -1.4720299e-01
  -3.5000000e-01  -1.4193356e-01
  -3.4000000e-01  -1.3672637e-01
  -3.3000000e-01  -1.3158131e-01
  -3.2000000e-01  -1.2649827e-01
  -3.1000000e-01  -1.2147710e-01
  -3.0000000e-01  -1.1651766e-01
  -2.9000000e-01  -1.1161977e-01
  -2.8000000e-01  -1.0678324e-01
  -2.7000000e-01  -1.0200786e-01
  -2.6000000e-01  -9.7293394e-02
  -2.5000000e-01  -9.2639598e-02
  -2.4000000e-01  -8.8046201e-02
  -2.3000000e-01  -8.3512910e-02
  -2.2000000e-01  -7.9039410e-02
  -2.1000000e-01  -7.4625361e-02
  -2.0000000e-01  -7.0270397e-02
  -1.9000000e-01  -6.5974123e-02
  -1.8000000e-01  -6.1736113e-02
  -1.7000000e-01  -5.7555906e-02
  -1.6000000e-01  -5.3433001e-02
  -1.5000000e-01  -4.9366852e-02
  -1.4000000e-01  -4.5356862e-02
  -1.3000000e-01  -4.1402372e-02
  -1.2000000e-01  -3.7502646e-02
  -1.1000000e-01  -3.3656860e-02
  -1.0000000e-01  -2.9864074e-02
  -9.0000000e-02  -2.6123201e-02
  -8.0000000e-02  -2.2432956e-02
  -7.0000000e-02  -1.8791788e-02
  -6.0000000e-02  -1.5197757e-02
  -5.0000000e-02  -1.1648341e-02
  -4.0000000e-02  -8.1400706e-03
  -3.0000000e-02  -4.6677854e-03
  -2.0000000e-02  -1.2228110e-03
  -1.0000000e-02   2.2130899e-03
   0.0000000e+00   5.7157445e-03
   1.0000000e-02   9.2121506e-03
   2.0000000e-02   1.2528411e-02
   3.0000000e-02   1.5732120e-02
   4.0000000e-02   1.8842235e-02
   5.0000000e-02   2.1868263e-02
   6.0000000e-02   2.4816116e-02
   7.0000000e-02   2.7689927e-02
   8.0000000e-02   3.0492817e-02
   9.0000000e-02   3.3227278e-02
   1.0000000e-01   3.5895373e-02
   1.1000000e-01   3.8498872e-02
   1.2000000e-01   4.1039325e-02
   1.3000000e-01   4.3518120e-02
   1.4000000e-01   4.5936519e-02
   1.5000000e-01   4.8295682e-02
   1.6000000e-01   5.0596691e-02
   1.7000000e-01   5.2840562e-02
   1.8000000e-01   5.5028258e-02
   1.9000000e-01   5.7160696e-02
   2.0000000e-01   5.9238753e-02
   2.1000000e-01   6.1263277e-02
   2.2000000e-01   6.3235085e-02
   2.3000000e-01   6.5154970e-02
   2.4000000e-01   6.7023705e-02
   2.5000000e-01   6.8842043e-02
   2.6000000e-01   7.0610719e-02
   2.7000000e-01   7.2330455e-02
   2.8000000e-01   7.4001958e-02
   2.9000000e-01   7.5625924e-02
   3.0000000e-01   7.7203036e-02
   3.1000000e-01   7.8733969e-02
   3.2000000e-01   8.0219385e-02
   3.3000000e-01   8.1659942e-02
   3.4000000e-01   8.3056287e-02
   3.5000000e-01   8.4409058e-02
   3.6000000e-01   8.5718889e-02
   3.7000000e-01   8.6986405e-02
   3.8000000e-01   8.8212224e-02
   3.9000000e-01   8.9396962e-02
   4.0000000e-01   9.0541223e-02
   4.1000000e-01   9.1645610e-02
   4.2000000e-01   9.2710718e-02
   4.3000000e-01   9.3737138e-02
   4.4000000e-01   9.4725456e-02
   4.5000000e-01   9.5676252e-02
   4.6000000e-01   9.6590100e-02
   4.7000000e-01   9.7467573e-02
   4.8000000e-01   9.8309235e-02
   4.9000000e-01   9.9115648e-02
   5.0000000e-01   9.9887369e-02
   5.1000000e-01   1.0062495e-01
   5.2000000e-01   1.0132894e-01
   5.3000000e-01   1.0199987e-01
   5.4000000e-01   1.0263830e-01
   5.5000000e-01   1.0324475e-01
   5.6000000e-01   1.0381975e-01
   5.7000000e-01   1.0436383e-01
   5.8000000e-01   1.0487751e-01
   5.9000000e-01   1.0536131e-01
   6.0000000e-01   1.0581574e-01
   6.1000000e-01   1.0624130e-01
   6.2000000e-01   1.0663851e-01
   6.3000000e-01   1.0700785e-01
   6.4000000e-01   1.0734984e-01
   6.5000000e-01   1.0766494e-01
   6.6000000e-01   1.0795367e-01
   6.7000000e-01   1.0821649e-01
   6.8000000e-01   1.0845388e-01
   6.9000000e-01   1.0866632e-01
   7.0000000e-01   1.0885428e-01
   7.1000000e-01   1.0901821e-01
   7.2000000e-01   1.0915859e-01
   7.3000000e-01   1.0927587e-01
   7.4000000e-01   1.0937050e-01
   7.5000000e-01   1.0944293e-01
   7.6000000e-01   1.0949360e-01
   7.7000000e-01   1.0952295e-01
   7.8000000e-01   1.0953141e-01
   7.9000000e-01   1.0951941e-01
   8.0000000e-01   1.0948739e-01
   8.1000000e-01   1.0943576e-01
   8.2000000e-01   1.0936493e-01
   8.3000000e-01   1.0927532e-01
   8.4000000e-01   1.0916735e-01
   8.5000000e-01   1.0904140e-01
   8.6000000e-01   1.0889788e-01
   8.7000000e-01   1.0873719e-01
   8.8000000e-01   1.0855972e-01
   8.9000000e-01   1.0836584e-01
   9.0000000e-01   1.0815595e-01
   9.1000000e-01   1.0793042e-01
   9.2000000e-01   1.0768963e-01
   9.3000000e-01   1.0743393e-01
   9.4000000e-01   1.0716370e-01
   9.5000000e-01   1.0687930e-01
   9.6000000e-01   1.0658107e-01
   9.7000000e-01   1.0626938e-01
   9.8000000e-01   1.0594456e-01
   9.9000000e-01   1.0560697e-01
   1.0000000e+00   1.0525693e-01
   1.0100000e+00   1.0489479e-01
   1.0200000e+00   1.0452086e-01
   1.0300000e+00   1.0413548e-01
   1.0400000e+00   1.0373897e-01
   1.0500000e+00   1.0333164e-01
   1.0600000e+00   1.0291380e-01
   1.0700000e+00   1.0248577e-01
   1.0800000e+00   1.0204784e-01
   1.0900000e+00   1.0160032e-01
   1.1000000e+00   1.0114350e-01
   1.1100000e+00   1.0067767e-01
   1.1200000e+00   1.0020312e-01
   1.1300000e+00   9.9720136e-02
   1.1400000e+00   9.9228988e-02
   1.1500000e+00   9.8729955e-02
   1.1600000e+00   9.8223307e-02
   1.1700000e+00   9.7709310e-02
   1.1800000e+00   9.7188227e-02
   1.1900000e+00   9.6660317e-02
   1.2000000e+00   9.6125833e-02
   1.2100000e+00   9.5585026e-02
   1.2200000e+00   9.5038143e-02
   1.2300000e+00   9.4485425e-02
   1.2400000e+00   9.3927112e-02
   1.2500000e+00   9.3363439e-02
   1.2600000e+00   9.2794635e-02
   1.2700000e+00   9.2220929e-02
   1.2800000e+00   9.1642544e-02
   1.2900000e+00   9.1059699e-02
   1.3000000e+00   9.0472609e-02
   1.3100000e+00   8.9881488e-02
   1.3200000e+00   8.9286543e-02
   1.3300000e+00   8.8687980e-02
   1.3400000e+00   8.8085998e-02
   1.3500000e+00   8.7480797e-02
   1.3600000e+00   8.6872570e-02
   1.3700000e+00   8.6261507e-02
   1.3800000e+00   8.5647795e-02
   1.3900000e+00   8.5031618e-02
   1.4000000e+00   8.4413156e-02
   1.4100000e+00   8.3792586e-02
   1.4200000e+00   8.3170080e-02
   1.4300000e+00   8.2545808e-02
   1.4400000e+00   8.1919938e-02
   1.4500000e+00   8.1292632e-02
   1.4600000e+00   8.0664051e-02
   1.4700000e+00   8.0034351e-02
   1.4800000e+00   7.9403686e-02
   1.4900000e+00   7.8772206e-02
   1.5000000e+00   7.8140059e-02
   1.5100000e+00   7.7507388e-02
   1.5200000e+00   7.6874336e-02
   1.5300000e+00   7.6241040e-02
   1.5400000e+00   7.5607636e-02
   1.5500000e+00   7.4974255e-02
   1.5600000e+00   7.4341027e-02
   1.5700000e+00   7.3708078e-02
   1.5800000e+00   7.3075531e-02
   1.5900000e+00   7.2443508e-02
   1.6000000e+00   7.1812127e-02
   1.6100000e+00   7.1181502e-02
   1.6200000e+00   7.0551745e-02
   1.6300000e+00   6.9922967e-02
   1.6400000e+00   6.9295275e-02
   1.6500000e+00   6.8668772e-02
   1.6600000e+00   6.8043561e-02
   1.6700000e+00   6.7419741e-02
   1.6800000e+00   6.6797408e-02
   1.6900000e+00   6.6176657e-02
   1.7000000e+00   6.5557580e-02
   1.7100000e+00   6.4940265e-02
   1.7200000e+00   6.4324800e-02
   1.7300000e+00   6.3711269e-02
   1.7400000e+00   6.3099755e-02
   1.7500000e+00   6.2490336e-02
   1.7600000e+00   6.1883092e-02
   1.7700000e+00   6.1278097e-02
   1.7800000e+00   6.0675424e-02
   1.7900000e+00   6.0075144e-02
   1.8000000e+00   5.9477327e-02
   1.8100000e+00   5.8882039e-02
   1.8200000e+00   5.8289344e-02
   1.8300000e+00   5.7699305e-02
   1.8400000e+00   5.7111983e-02
   1.8500000e+00   5.6527436e-02
   1.8600000e+00   5.5945722e-02
   1.8700000e+00   5.5366894e-02
   1.8800000e+00   5.4791005e-02
   1.8900000e+00   5.4218107e-02
   1.9000000e+00   5.3648248e-02
   1.9100000e+00   5.3081476e-02
   1.9200000e+00   5.2517837e-02
   1.9300000e+00   5.1957373e-02
   1.9400000e+00   5.1400128e-02
   1.9500000e+00   5.0846141e-02
   1.9600000e+00   5.0295452e-02
   1.9700000e+00   4.9748097e-02
   1.9800000e+00   4.9204111e-02
   1.9900000e+00   4.8663530e-02
   2.0000000e+00   4.8126384e-02
   2.0100000e+00   4.7592706e-02
   2.0200000e+00   4.7062523e-02
   2.0300000e+00   4.6535865e-02
   2.0400000e+00   4.6012757e-02
   2.0500000e+00   4.5493225e-02
   2.0600000e+00   4.4977292e-02
   2.0700000e+00   4.4464980e-02
   2.0800000e+00   4.3956311e-02
   2.0900000e+00   4.3451305e-02
   2.1000000e+00   4.2949978e-02
   2.1100000e+00   4.2452350e-02
   2.1200000e+00   4.1958434e-02
   2.1300000e+00   4.1468247e-02
   2.1400000e+00   4.0981802e-02
   2.1500000e+00   4.0499111e-02
   2.1600000e+00   4.0020185e-02
   2.1700000e+00   3.9545034e-02
   2.1800000e+00   3.9073668e-02
   2.1900000e+00   3.8606094e-02
   2.2000000e+00   3.8142319e-02
   2.2100000e+00   3.7682349e-02
   2.2200000e+00   3.7226189e-02
   2.2300000e+00   3.6773843e-02
   2.2400000e+00   3.6325314e-02
   2.2500000e+00   3.5880604e-02
   2.2600000e+00   3.5439715e-02
   2.2700000e+00   3.5002645e-02
   2.2800000e+00   3.4569395e-02
   2.2900000e+00   3.4139964e-02
   2.3000000e+00   3.3714349e-02
   2.3100000e+00   3.3292546e-02
   2.3200000e+00   3.2874553e-02
   2.3300000e+00   3.2460364e-02
   2.3400000e+00   3.2049974e-02
   2.3500000e+00   3.1643377e-02
   2.3600000e+00   3.1240566e-02
   2.3700000e+00   3.0841534e-02
   2.3800000e+00   3.0446273e-02
   2.3900000e+00   3.0054773e-02
   2.4000000e+00   2.9667025e-02
   2.4100000e+00   2.9283019e-02
   2.4200000e+00   2.8902745e-02
   2.4300000e+00   2.8526191e-02
   2.4400000e+00   2.8153346e-02
   2.4500000e+00   2.7784196e-02
   2.4600000e+00   2.7418730e-02
   2.4700000e+00   2.7056933e-02
   2.4800000e+00   2.6698792e-02
   2.4900000e+00   2.6344292e-02
   2.5000000e+00   2.5993419e-02
   2.5100000e+00   2.5646157e-02
   2.5200000e+00   2.5302490e-02
   2.5300000e+00   2.4962402e-02
   2.5400000e+00   2.4625877e-02
   2.5500000e+00   2.4292896e-02
   2.5600000e+00   2.3963444e-02
   2.5700000e+00   2.3637503e-02
   2.5800000e+00   2.3315053e-02
   2.5900000e+00   2.2996077e-02
   2.6000000e+00   2.2680555e-02
   2.6100000e+00   2.2368470e-02
   2.6200000e+00   2.2059800e-02
   2.6300000e+00   2.1754527e-02
   2.6400000e+00   2.1452630e-02
   2.6500000e+00   2.1154090e-02
   2.6600000e+00   2.0858885e-02
   2.6700000e+00   2.0566995e-02
   2.6800000e+00   2.0278399e-02
   2.6900000e+00   1.9993075e-02
   2.7000000e+00   1.9711002e-02
   2.7100000e+00   1.9432158e-02
   2.7200000e+00   1.9156522e-02
   2.7300000e+00   1.8884072e-02
   2.7400000e+00   1.8614784e-02
   2.7500000e+00   1.8348637e-02
   2.7600000e+00   1.8085609e-02
   2.7700000e+00   1.7825676e-02
   2.7800000e+00   1.7568815e-02
   2.7900000e+00   1.7315005e-02
   2.8000000e+00   1.7064221e-02
   2.8100000e+00   1.6816440e-02
   2.8200000e+00   1.6571640e-02
   2.8300000e+00   1.6329796e-02
   2.8400000e+00   1.6090885e-02
   2.8500000e+00   1.5854885e-02
   2.8600000e+00   1.5621770e-02
   2.8700000e+00   1.5391518e-02
   2.8800000e+00   1.5164104e-02
   2.8900000e+00   1.4939506e-02
   2.9000000e+00   1.4717698e-02
   2.9100000e+00   1.4498658e-02
   2.9200000e+00   1.4282361e-02
   2.9300000e+00   1.4068783e-02
   2.9400000e+00   1.3857901e-02
   2.9500000e+00   1.3649690e-02
   2.9600000e+00   1.3444127e-02
   2.9700000e+00   1.3241188e-02
   2.9800000e+00   1.3040848e-02
   2.9900000e+00   1.2843085e-02
   3.0000000e+00   1.2647873e-02
   3.0100000e+00   1.2455189e-02
   3.0200000e+00   1.2265010e-02
   3.0300000e+00   1.2077311e-02
   3.0400000e+00   1.1892069e-02
   3.0500000e+00   1.1709260e-02
   3.0600000e+00   1.1528861e-02
   3.0700000e+00   1.1350847e-02
   3.0800000e+00   1.1175195e-02
   3.0900000e+00   1.1001882e-02
   3.1000000e+00   1.0830885e-02
   3.1100000e+00   1.0662179e-02
   3.1200000e+00   1.0495742e-02
   3.1300000e+00   1.0331551e-02
   3.1400000e+00   1.0169583e-02
   3.1500000e+00   1.0009813e-02
   3.1600000e+00   9.8522206e-03
   3.1700000e+00   9.6967815e-03
   3.1800000e+00   9.5434735e-03
   3.1900000e+00   9.3922738e-03
   3.2000000e+00   9.2431598e-03
   3.2100000e+00   9.0961093e-03
   3.2200000e+00   8.9510998e-03
   3.2300000e+00   8.8081091e-03
   3.2400000e+00   8.6671153e-03
   3.2500000e+00   8.5280961e-03
   3.2600000e+00   8.3910300e-03
   3.2700000e+00   8.2558950e-03
   3.2800000e+00   8.1226695e-03
   3.2900000e+00   7.9913322e-03
   3.3000000e+00   7.8618615e-03
   3.3100000e+00   7.7342364e-03
   3.3200000e+00   7.6084356e-03
   3.3300000e+00   7.4844382e-03
   3.3400000e+00   7.3622234e-03
   3.3500000e+00   7.2417705e-03
   3.3600000e+00   7.1230589e-03
   3.3700000e+00   7.0060682e-03
   3.3800000e+00   6.8907781e-03
   3.3900000e+00   6.7771684e-03
   3.4000000e+00   6.6652192e-03
   3.4100000e+00   6.5549106e-03
   3.4200000e+00   6.4462230e-03
   3.4300000e+00   6.3391366e-03
   3.4400000e+00   6.2336322e-03
   3.4500000e+00   6.1296905e-03
   3.4600000e+00   6.0272923e-03
   3.4700000e+00   5.9264187e-03
   3.4800000e+00   5.8270508e-03
   3.4900000e+00   5.7291700e-03
   3.5000000e+00   5.6327578e-03
   3.5100000e+00   5.5377959e-03
   3.5200000e+00   5.4442659e-03
   3.5300000e+00   5.3521499e-03
   3.5400000e+00   5.2614300e-03
   3.5500000e+00   5.1720883e-03
   3.5600000e+00   5.0841074e-03
   3.5700000e+00   4.9974698e-03
   3.5800000e+00   4.9121581e-03
   3.5900000e+00   4.8281553e-03
   3.6000000e+00   4.7454444e-03
   3.6100000e+00   4.6640086e-03
   3.6200000e+00   4.5838312e-03
   3.6300000e+00   4.5048957e-03
   3.6400000e+00   4.4271858e-03
   3.6500000e+00   4.3506852e-03
   3.6600000e+00   4.2753780e-03
   3.6700000e+00   4.2012481e-03
   3.6800000e+00   4.1282800e-03
   3.6900000e+00   4.0564580e-03
   3.7000000e+00   3.9857667e-03
   3.7100000e+00   3.9161908e-03
   3.7200000e+00   3.8477152e-03
   3.7300000e+00   3.7803250e-03
   3.7400000e+00   3.7140053e-03
   3.7500000e+00   3.6487415e-03
   3.7600000e+00   3.5845190e-03
   3.7700000e+00   3.5213236e-03
   3.7800000e+00   3.4591409e-03
   3.7900000e+00   3.3979570e-03
   3.8000000e+00   3.3377579e-03
   3.8100000e+00   3.2785300e-03
   3.8200000e+00   3.2202595e-03
   3.8300000e+00   3.1629330e-03
   3.8400000e+00   3.1065372e-03
   3.8500000e+00   3.0510589e-03
   3.8600000e+00   2.9964852e-03
   3.8700000e+00   2.9428031e-03
   3.8800000e+00   2.8899999e-03
   3.8900000e+00   2.8380630e-03
   3.9000000e+00   2.7869799e-03
   3.9100000e+00   2.7367385e-03
   3.9200000e+00   2.6873264e-03
   3.9300000e+00   2.6387317e-03
   3.9400000e+00   2.5909425e-03
   3.9500000e+00   2.5439470e-03
   3.9600000e+00   2.4977336e-03
   3.9700000e+00   2.4522910e-03
   3.9800000e+00   2.4076076e-03
   3.9900000e+00   2.3636724e-03
   4.0000000e+00   2.3204742e-03
   4.0100000e+00   2.2780022e-03
   4.0200000e+00   2.2362455e-03
   4.0300000e+00   2.1951935e-03
   4.0400000e+00   2.1548356e-03
   4.0500000e+00   2.1151614e-03
   4.0600000e+00   2.0761606e-03
   4.0700000e+00   2.0378231e-03
   4.0800000e+00   2.0001389e-03
   4.0900000e+00   1.9630980e-03
   4.1000000e+00   1.9266907e-03
   4.1100000e+00   1.8909073e-03
   4.1200000e+00   1.8557383e-03
   4.1300000e+00   1.8211743e-03
   4.1400000e+00   1.7872060e-03
   4.1500000e+00   1.7538242e-03
   4.1600000e+00   1.7210198e-03
   4.1700000e+00   1.6887840e-03
   4.1800000e+00   1.6571079e-03
   4.1900000e+00   1.6259829e-03
   4.2000000e+00   1.5954002e-03
   4.2100000e+00   1.5653516e-03
   4.2200000e+00   1.5358285e-03
   4.2300000e+00   1.5068227e-03
   4.2400000e+00   1.4783262e-03
   4.2500000e+00   1.4503308e-03
   4.2600000e+00   1.4228287e-03
   4.2700000e+00   1.3958120e-03
   4.2800000e+00   1.3692731e-03
   4.2900000e+00   1.3432042e-03
   4.3000000e+00   1.3175980e-03
   4.3100000e+00   1.2924470e-03
   4.3200000e+00   1.2677439e-03
   4.3300000e+00   1.2434816e-03
   4.3400000e+00   1.2196529e-03
   4.3500000e+00   1.1962508e-03
   4.3600000e+00   1.1732685e-03
   4.3700000e+00   1.1506991e-03
   4.3800000e+00   1.1285359e-03
   4.3900000e+00   1.1067723e-03
   4.4000000e+00   1.0854019e-03
   4.4100000e+00   1.0644181e-03
   4.4200000e+00   1.0438147e-03
   4.4300000e+00   1.0235854e-03
   4.4400000e+00   1.0037240e-03
   4.4500000e+00   9.8422453e-04
   4.4600000e+00   9.6508097e-04
   4.4700000e+00   9.4628744e-04
   4.4800000e+00   9.2783813e-04
   4.4900000e+00   9.0972733e-04
   4.5000000e+00   8.9194940e-04
   4.5100000e+00   8.7449879e-04
   4.5200000e+00   8.5737004e-04
   4.5300000e+00   8.4055776e-04
   4.5400000e+00   8.2405664e-04
   4.5500000e+00   8.0786145e-04
   4.5600000e+00   7.9196704e-04
   4.5700000e+00   7.7636834e-04
   4.5800000e+00   7.6106036e-04
   4.5900000e+00   7.4603818e-04
   4.6000000e+00   7.3129694e-04
   4.6100000e+00   7.1683189e-04
   4.6200000e+00   7.0263831e-04
   4.6300000e+00   6.8871159e-04
   4.6400000e+00   6.7504717e-04
   4.6500000e+00   6.6164056e-04
   4.6600000e+00   6.4848735e-04
   4.6700000e+00   6.3558318e-04
   4.6800000e+00   6.2292379e-04
   4.6900000e+00   6.1050496e-04
   4.7000000e+00   5.9832253e-04
   4.7100000e+00   5.8637244e-04
   4.7200000e+00   5.7465066e-04
   4.7300000e+00   5.6315324e-04
   4.7400000e+00   5.5187628e-04
   4.7500000e+00   5.4081597e-04
   4.7600000e+00   5.2996852e-04
   4.7700000e+00   5.1933024e-04
   4.7800000e+00   5.0889748e-04
   4.7900000e+00   4.9866664e-04
   4.8000000e+00   4.8863419e-04
   4.8100000e+00   4.7879667e-04
   4.8200000e+00   4.6915066e-04
   4.8300000e+00   4.5969279e-04
   4.8400000e+00   4.5041975e-04
   4.8500000e+00   4.4132830e-04
   4.8600000e+00   4.3241524e-04
   4.8700000e+00   4.2367742e-04
   4.8800000e+00   4.1511175e-04
   4.8900000e+00   4.0671519e-04
   4.9000000e+00   3.9848474e-04
   4.9100000e+00   3.9041747e-04
   4.9200000e+00   3.8251049e-04
   4.9300000e+00   3.7476094e-04
   4.9400000e+00   3.6716605e-04
   4.9500000e+00   3.5972305e-04
   4.9600000e+00   3.5242926e-04
   4.9700000e+00   3.4528202e-04
   4.9800000e+00   3.3827872e-04
   4.9900000e+00   3.3141679e-04
   5.0000000e+00   3.2469372e-04
   5.0100000e+00   3.1810698e-04
   5.0200000e+00   3.1165386e-04
   5.0300000e+00   3.0533165e-04
   5.0400000e+00   2.9913769e-04
   5.0500000e+00   2.9306938e-04
   5.0600000e+00   2.8712418e-04
   5.0700000e+00   2.8129957e-04
   5.0800000e+00   2.7559313e-04
   5.0900000e+00   2.7000245e-04
   5.1000000e+00   2.6452517e-04
   5.1100000e+00   2.5915902e-04
   5.1200000e+00   2.5390171e-04
   5.1300000e+00   2.4875106e-04
   5.1400000e+00   2.4370490e-04
   5.1500000e+00   2.3876110e-04
   5.1600000e+00   2.3391759e-04
   5.1700000e+00   2.2917234e-04
   5.1800000e+00   2.2452334e-04
   5.1900000e+00   2.1996866e-04
   5.2000000e+00   2.1550638e-04
   5.2100000e+00   2.1113461e-04
   5.2200000e+00   2.0685154e-04
   5.2300000e+00   2.0265534e-04
   5.2400000e+00   1.9854428e-04
   5.2500000e+00   1.9451661e-04
   5.2600000e+00   1.9057064e-04
   5.2700000e+00   1.8670472e-04
   5.2800000e+00   1.8291723e-04
   5.2900000e+00   1.7920657e-04
   5.3000000e+00   1.7557119e-04
   5.3100000e+00   1.7200955e-04
   5.3200000e+00   1.6852016e-04
   5.3300000e+00   1.6510156e-04
   5.3400000e+00   1.6175231e-04
   5.3500000e+00   1.5847100e-04
   5.3600000e+00   1.5525626e-04
   5.3700000e+00   1.5210673e-04
   5.3800000e+00   1.4902109e-04
   5.3900000e+00   1.4599805e-04
   5.4000000e+00   1.4303633e-04
   5.4100000e+00   1.4013469e-04
   5.4200000e+00   1.3729192e-04
   5.4300000e+00   1.3450682e-04
   5.4400000e+00   1.3177821e-04
   5.4500000e+00   1.2910496e-04
   5.4600000e+00   1.2648593e-04
   5.4700000e+00   1.2392004e-04
   5.4800000e+00   1.2140620e-04
   5.4900000e+00   1.1894335e-04
   5.5000000e+00   1.1653046e-04
   5.5100000e+00   1.1416653e-04
   5.5200000e+00   1.1185054e-04
   5.5300000e+00   1.0958154e-04
   5.5400000e+00   1.0735857e-04
   5.5500000e+00   1.0518069e-04
   5.5600000e+00   1.0304700e-04
   5.5700000e+00   1.0095659e-04
   5.5800000e+00   9.8908579e-05
   5.5900000e+00   9.6902119e-05
   5.6000000e+00   9.4936362e-05
   5.6100000e+00   9.3010483e-05
   5.6200000e+00   9.1123672e-05
   5.6300000e+00   8.9275136e-05
   5.6400000e+00   8.7464100e-05
   5.6500000e+00   8.5689803e-05
   5.6600000e+00   8.3951499e-05
   5.6700000e+00   8.2248459e-05
   5.6800000e+00   8.0579966e-05
   5.6900000e+00   7.8945320e-05
   5.7000000e+00   7.7343835e-05
   5.7100000e+00   7.5774838e-05
   5.7200000e+00   7.4237669e-05
   5.7300000e+00   7.2731683e-05
   5.7400000e+00   7.1256248e-05
   5.7500000e+00   6.9810743e-05
   5.7600000e+00   6.8394562e-05
   5.7700000e+00   6.7007110e-05
   5.7800000e+00   6.5647803e-05
   5.7900000e+00   6.4316072e-05
   5.8000000e+00   6.3011355e-05
   5.8100000e+00   6.1733107e-05
   5.8200000e+00   6.0480789e-05
   5.8300000e+00   5.9253875e-05
   5.8400000e+00   5.8051851e-05
   5.8500000e+00   5.6874210e-05
   5.8600000e+00   5.5720460e-05
   5.8700000e+00   5.4590114e-05
   5.8800000e+00   5.3482699e-05
   5.8900000e+00   5.2397749e-05
   5.9000000e+00   5.1334808e-05
   5.9100000e+00   5.0293430e-05
   5.9200000e+00   4.9273177e-05
   5.9300000e+00   4.8273621e-05
   5.9400000e+00   4.7294342e-05
   5.9500000e+00   4.6334929e-05
   5.9600000e+00   4.5394979e-05
   5.9700000e+00   4.4474096e-05
   5.9800000e+00   4.3571894e-05
   5.9900000e+00   4.2687995e-05
   6.0000000e+00   4.1822026e-05
   6.0100000e+00   4.0973624e-05
   6.0200000e+00   4.0142433e-05
   6.0300000e+00   3.9328103e-05
   6.0400000e+00   3.8530293e-05
   6.0500000e+00   3.7748668e-05
   6.0600000e+00   3.6982898e-05
   6.0700000e+00   3.6232663e-05
   6.0800000e+00   3.5497647e-05
   6.0900000e+00   3.4777542e-05
   6.1000000e+00   3.4072044e-05
   6.1100000e+00   3.3380859e-05
   6.1200000e+00   3.2703695e-05
   6.1300000e+00   3.2040267e-05
   6.1400000e+00   3.1390299e-05
   6.1500000e+00   3.0753515e-05
   6.1600000e+00   3.0129649e-05
   6.1700000e+00   2.9518439e-05
   6.1800000e+00   2.8919628e-05
   6.1900000e+00   2.8332964e-05
   6.2000000e+00   2.7758202e-05
   6.2100000e+00   2.7195099e-05
   6.2200000e+00   2.6643419e-05
   6.2300000e+00   2.6102931e-05
   6.2400000e+00   2.5573407e-05
   6.2500000e+00   2.5054625e-05
   6.2600000e+00   2.4546367e-05
   6.2700000e+00   2.4048419e-05
   6.2800000e+00   2.3560573e-05
   6.2900000e+00   2.3082623e-05
   6.3000000e+00   2.2614369e-05
   6.3100000e+00   2.2155614e-05
   6.3200000e+00   2.1706166e-05
   6.3300000e+00   2.1265834e-05
   6.3400000e+00   2.0834436e-05
   6.3500000e+00   2.0411789e-05
   6.3600000e+00   1.9997715e-05
   6.3700000e+00   1.9592042e-05
   6.3800000e+00   1.9194598e-05
   6.3900000e+00   1.8805216e-05
   6.4000000e+00   1.8423734e-05
   6.4100000e+00   1.8049990e-05
   6.4200000e+00   1.7683828e-05
   6.4300000e+00   1.7325094e-05
   6.4400000e+00   1.6973637e-05
   6.4500000e+00   1.6629310e-05
   6.4600000e+00   1.6291968e-05
   6.4700000e+00   1.5961470e-05
   6.4800000e+00   1.5637676e-05
   6.4900000e+00   1.5320450e-05
   6.5000000e+00   1.5009660e-05
   6.5100000e+00   1.4705174e-05
   6.5200000e+00   1.4406865e-05
   6.5300000e+00   1.4114608e-05
   6.5400000e+00   1.3828279e-05
   6.5500000e+00   1.3547759e-05
   6.5600000e+00   1.3272929e-05
   6.5700000e+00   1.3003675e-05
   6.5800000e+00   1.2739883e-05
   6.5900000e+00   1.2481442e-05
   6.6000000e+00   1.2228244e-05
   6.6100000e+00   1.1980182e-05
   6.6200000e+00   1.1737152e-05
   6.6300000e+00   1.1499053e-05
   6.6400000e+00   1.1265783e-05
   6.6500000e+00   1.1037246e-05
   6.6600000e+00   1.0813345e-05
   6.6700000e+00   1.0593986e-05
   6.6800000e+00   1.0379077e-05
   6.6900000e+00   1.0168527e-05
   6.7000000e+00   9.9622489e-06
   6.7100000e+00   9.7601552e-06
   6.7200000e+00   9.5621611e-06
   6.7300000e+00   9.3681836e-06
   6.7400000e+00   9.1781412e-06
   6.7500000e+00   8.9919539e-06
   6.7600000e+00   8.8095437e-06
   6.7700000e+00   8.6308338e-06
   6.7800000e+00   8.4557493e-06
   6.7900000e+00   8.2842166e-06
   6.8000000e+00   8.1161635e-06
   6.8100000e+00   7.9515197e-06
   6.8200000e+00   7.7902158e-06
   6.8300000e+00   7.6321841e-06
   6.8400000e+00   7.4773583e-06
   6.8500000e+00   7.3256732e-06
   6.8600000e+00   7.1770653e-06
   6.8700000e+00   7.0314721e-06
   6.8800000e+00   6.8888324e-06
   6.8900000e+00   6.7490862e-06
   6.9000000e+00   6.6121750e-06
   6.9100000e+00   6.4780412e-06
   6.9200000e+00   6.3466285e-06
   6.9300000e+00   6.2178816e-06
   6.9400000e+00   6.0917465e-06
   6.9500000e+00   5.9681701e-06
   6.9600000e+00   5.8471007e-06
   6.9700000e+00   5.7284873e-06
   6.9800000e+00   5.6122801e-06
   6.9900000e+00   5.4984303e-06
   7.0000000e+00   5.3868901e-06
   7.0100000e+00   5.2776126e-06
   7.0200000e+00   5.1705520e-06
   7.0300000e+00   5.0656632e-06
   7.0400000e+00   4.9629022e-06
   7.0500000e+00   4.8622258e-06
   7.0600000e+00   4.7635918e-06
   7.0700000e+00   4.6669586e-06
   7.0800000e+00   4.5722858e-06
   7.0900000e+00   4.4795336e-06
   7.1000000e+00   4.3886630e-06
   7.1100000e+00   4.2996358e-06
   7.1200000e+00   4.2124146e-06
   7.1300000e+00   4.1269628e-06
   7.1400000e+00   4.0432445e-06
   7.1500000e+00   3.9612246e-06
   7.1600000e+00   3.8808685e-06
   7.1700000e+00   3.8021426e-06
   7.1800000e+00   3.7250137e-06
   7.1900000e+00   3.6494495e-06
   7.2000000e+00   3.5754182e-06
   7.2100000e+00   3.5028888e-06
   7.2200000e+00   3.4318307e-06
   7.2300000e+00   3.3622142e-06
   7.2400000e+00   3.2940099e-06
   7.2500000e+00   3.2271892e-06
   7.2600000e+00   3.1617241e-06
   7.2700000e+00   3.0975871e-06
   7.2800000e+00   3.0347512e-06
   7.2900000e+00   2.9731900e-06
   7.3000000e+00   2.9128776e-06
   7.3100000e+00   2.8537888e-06
   7.3200000e+00   2.7958988e-06
   7.3300000e+00   2.7391831e-06
   7.3400000e+00   2.6836180e-06
   7.3500000e+00   2.6291801e-06
   7.3600000e+00   2.5758466e-06
   7.3700000e+00   2.5235951e-06
   7.3800000e+00   2.4724035e-06
   7.3900000e+00   2.4222505e-06
   7.4000000e+00   2.3731150e-06
   7.4100000e+00   2.3249763e-06
   7.4200000e+00   2.2778141e-06
   7.4300000e+00   2.2316087e-06
   7.4400000e+00   2.1863407e-06
   7.4500000e+00   2.1419911e-06
   7.4600000e+00   2.0985412e-06
   7.4700000e+00   2.0559728e-06
   7.4800000e+00   2.0142679e-06
   7.4900000e+00   1.9734092e-06
   7.5000000e+00   1.9333793e-06
   7.5100000e+00   1.8941616e-06
   7.5200000e+00   1.8557395e-06
   7.5300000e+00   1.8180968e-06
   7.5400000e+00   1.7812179e-06
   7.5500000e+00   1.7450872e-06
   7.5600000e+00   1.7096894e-06
   7.5700000e+00   1.6750098e-06
   7.5800000e+00   1.6410338e-06
   7.5900000e+00   1.6077471e-06
   7.6000000e+00   1.5751357e-06
   7.6100000e+00   1.5431859e-06
   7.6200000e+00   1.5118844e-06
   7.6300000e+00   1.4812179e-06
   7.6400000e+00   1.4511735e-06
   7.6500000e+00   1.4217388e-06
   7.6600000e+00   1.3929012e-06
   7.6700000e+00   1.3646487e-06
   7.6800000e+00   1.3369694e-06
   7.6900000e+00   1.3098517e-06
   7.7000000e+00   1.2832842e-06
   7.7100000e+00   1.2572557e-06
   7.7200000e+00   1.2317553e-06
   7.7300000e+00   1.2067723e-06
   7.7400000e+00   1.1822962e-06
   7.7500000e+00   1.1583167e-06
   7.7600000e+00   1.1348238e-06
   7.7700000e+00   1.1118076e-06
   7.7800000e+00   1.0892583e-06
   7.7900000e+00   1.0671666e-06
   7.8000000e+00   1.0455231e-06
   7.8100000e+00   1.0243188e-06
   7.8200000e+00   1.0035448e-06
   7.8300000e+00   9.8319230e-07
   7.8400000e+00   9.6325277e-07
   7.8500000e+00   9.4371786e-07
   7.8600000e+00   9.2457935e-07
   7.8700000e+00   9.0582920e-07
   7.8800000e+00   8.8745954e-07
   7.8900000e+00   8.6946265e-07
   7.9000000e+00   8.5183097e-07
   7.9100000e+00   8.3455710e-07
   7.9200000e+00   8.1763378e-07
   7.9300000e+00   8.0105390e-07
   7.9400000e+00   7.8481049e-07
   7.9500000e+00   7.6889675e-07
   7.9600000e+00   7.5330597e-07
   7.9700000e+00   7.3803161e-07
   7.9800000e+00   7.2306725e-07
   7.9900000e+00   7.0840662e-07
   8.0000000e+00   6.9404355e-07
   8.0100000e+00   6.7997200e-07
   8.0200000e+00   6.6618608e-07
   8.0300000e+00   6.5267998e-07
   8.0400000e+00   6.3944803e-07
   8.0500000e+00   6.2648468e-07
   8.0600000e+00   6.1378448e-07
   8.0700000e+00   6.0134210e-07
   8.0800000e+00   5.8915230e-07
   8.0900000e+00   5.7720998e-07
   8.1000000e+00   5.6551010e-07
   8.1100000e+00   5.5404777e-07
   8.1200000e+00   5.4281816e-07
   8.1300000e+00   5.3181656e-07
   8.1400000e+00   5.2103834e-07
   8.1500000e+00   5.1047899e-07
   8.1600000e+00   5.0013405e-07
   8.1700000e+00   4.8999919e-07
   8.1800000e+00   4.8007016e-07
   8.1900000e+00   4.7034277e-07
   8.2000000e+00   4.6081295e-07
   8.2100000e+00   4.5147669e-07
   8.2200000e+00   4.4233007e-07
   8.2300000e+00   4.3336925e-07
   8.2400000e+00   4.2459046e-07
   8.2500000e+00   4.1599002e-07
   8.2600000e+00   4.0756431e-07
   8.2700000e+00   3.9930979e-07
   8.2800000e+00   3.9122301e-07
   8.2900000e+00   3.8330055e-07
   8.3000000e+00   3.7553909e-07
   8.3100000e+00   3.6793538e-07
   8.3200000e+00   3.6048622e-07
   8.3300000e+00   3.5318848e-07
   8.3400000e+00   3.4603909e-07
   8.3500000e+00   3.3903505e-07
   8.3600000e+00   3.3217343e-07
   8.3700000e+00   3.2545133e-07
   8.3800000e+00   3.1886593e-07
   8.3900000e+00   3.1241447e-07
   8.4000000e+00   3.0609424e-07
   8.4100000e+00   2.9990258e-07
   8.4200000e+00   2.9383689e-07
   8.4300000e+00   2.8789463e-07
   8.4400000e+00   2.8207329e-07
   8.4500000e+00   2.7637044e-07
   8.4600000e+00   2.7078368e-07
   8.4700000e+00   2.6531065e-07
   8.4800000e+00   2.5994907e-07
   8.4900000e+00   2.5469668e-07
   8.5000000e+00   2.4955127e-07
   8.5100000e+00   2.4451069e-07
   8.5200000e+00   2.3957281e-07
   8.5300000e+00   2.3473556e-07
   8.5400000e+00   2.2999691e-07
   8.5500000e+00   2.2535486e-07
   8.5600000e+00   2.2080748e-07
   8.5700000e+00   2.1635285e-07
   8.5800000e+00   2.1198909e-07
   8.5900000e+00   2.0771438e-07
   8.6000000e+00   2.0352691e-07
   8.6100000e+00   1.9942494e-07
   8.6200000e+00   1.9540673e-07
   8.6300000e+00   1.9147061e-07
   8.6400000e+00   1.8761490e-07
   8.6500000e+00   1.8383801e-07
   8.6600000e+00   1.8013833e-07
   8.6700000e+00   1.7651432e-07
   8.6800000e+00   1.7296446e-07
   8.6900000e+00   1.6948725e-07
   8.7000000e+00   1.6608123e-07
   8.7100000e+00   1.6274497e-07
   8.7200000e+00   1.5947707e-07
   8.7300000e+00   1.5627615e-07
   8.7400000e+00   1.5314088e-07
   8.7500000e+00   1.5006994e-07
   8.7600000e+00   1.4706203e-07
   8.7700000e+00   1.4411589e-07
   8.7800000e+00   1.4123029e-07
   8.7900000e+00   1.3840402e-07
   8.8000000e+00   1.3563587e-07
   8.8100000e+00   1.3292470e-07
   8.8200000e+00   1.3026937e-07
   8.8300000e+00   1.2766875e-07
   8.8400000e+00   1.2512176e-07
   8.8500000e+00   1.2262733e-07
   8.8600000e+00   1.2018440e-07
   8.8700000e+00   1.1779196e-07
   8.8800000e+00   1.1544900e-07
   8.8900000e+00   1.1315452e-07
   8.9000000e+00   1.1090758e-07
   8.9100000e+00   1.0870723e-07
   8.9200000e+00   1.0655253e-07
   8.9300000e+00   1.0444260e-07
   8.9400000e+00   1.0237653e-07
   8.9500000e+00   1.0035347e-07
   8.9600000e+00   9.8372555e-08
   8.9700000e+00   9.6432964e-08
   8.9800000e+00   9.4533880e-08
   8.9900000e+00   9.2674504e-08
   9.0000000e+00   9.0854055e-08
   9.0100000e+00   8.9071769e-08
   9.0200000e+00   8.7326896e-08
   9.0300000e+00   8.5618705e-08
   9.0400000e+00   8.3946477e-08
   9.0500000e+00   8.2309511e-08
   9.0600000e+00   8.0707118e-08
   9.0700000e+00   7.9138625e-08
   9.0800000e+00   7.7603374e-08
   9.0900000e+00   7.6100720e-08
   9.1000000e+00   7.4630032e-08
   9.1100000e+00   7.3190691e-08
   9.1200000e+00   7.1782094e-08
   9.1300000e+00   7.0403648e-08
   9.1400000e+00   6.9054775e-08
   9.1500000e+00   6.7734907e-08
   9.1600000e+00   6.6443491e-08
   9.1700000e+00   6.5179985e-08
   9.1800000e+00   6.3943857e-08
   9.1900000e+00   6.2734588e-08
   9.2000000e+00   6.1551670e-08
   9.2100000e+00   6.0394607e-08
   9.2200000e+00   5.9262911e-08
   9.2300000e+00   5.8156109e-08
   9.2400000e+00   5.7073735e-08
   9.2500000e+00   5.6015335e-08
   9.2600000e+00   5.4980463e-08
   9.2700000e+00   5.3968686e-08
   9.2800000e+00   5.2979577e-08
   9.2900000e+00   5.2012722e-08
   9.3000000e+00   5.1067715e-08
   9.3100000e+00   5.0144159e-08
   9.3200000e+00   4.9241665e-08
   9.3300000e+00   4.8359855e-08
   9.3400000e+00   4.7498358e-08
   9.3500000e+00   4.6656813e-08
   9.3600000e+00   4.5834865e-08
   9.3700000e+00   4.5032170e-08
   9.3800000e+00   4.4248391e-08
   9.3900000e+00   4.3483197e-08
   9.4000000e+00   4.2736269e-08
   9.4100000e+00   4.2007291e-08
   9.4200000e+00   4.1295959e-08
   9.4300000e+00   4.0601972e-08
   9.4400000e+00   3.9925040e-08
   9.4500000e+00   3.9264879e-08
   9.4600000e+00   3.8621210e-08
   9.4700000e+00   3.7993764e-08
   9.4800000e+00   3.7382277e-08
   9.4900000e+00   3.6786492e-08
   9.5000000e+00   3.6206159e-08
   9.5100000e+00   3.5641034e-08
   9.5200000e+00   3.5090880e-08
   9.5300000e+00   3.4555466e-08
   9.5400000e+00   3.4034566e-08
   9.5500000e+00   3.3527962e-08
   9.5600000e+00   3.3035442e-08
   9.5700000e+00   3.2556798e-08
   9.5800000e+00   3.2091829e-08
   9.5900000e+00   3.1640340e-08
   9.6000000e+00   3.1202141e-08
   9.6100000e+00   3.0777049e-08
   9.6200000e+00   3.0364884e-08
   9.6300000e+00   2.9965474e-08
   9.6400000e+00   2.9578651e-08
   9.6500000e+00   2.9204252e-08
   9.6600000e+00   2.8842120e-08
   9.6700000e+00   2.8492103e-08
   9.6800000e+00   2.8154054e-08
   9.6900000e+00   2.7827831e-08
   9.7000000e+00   2.7513296e-08
   9.7100000e+00   2.7210319e-08
   9.7200000e+00   2.6918771e-08
   9.7300000e+00   2.6638530e-08
   9.7400000e+00   2.6369478e-08
   9.7500000e+00   2.6111503e-08
   9.7600000e+00   2.5864496e-08
   9.7700000e+00   2.5628352e-08
   9.7800000e+00   2.5402974e-08
   9.7900000e+00   2.5188266e-08
   9.8000000e+00   2.4984139e-08
   9.8100000e+00   2.4790506e-08
   9.8200000e+00   2.4607285e-08
   9.8300000e+00   2.4434401e-08
   9.8400000e+00   2.4271781e-08
   9.8500000e+00   2.4119356e-08
   9.8600000e+00   2.3977062e-08
   9.8700000e+00   2.3844839e-08
   9.8800000e+00   2.3722632e-08
   9.8900000e+00   2.3610390e-08
   9.9000000e+00   2.3508065e-08
   9.9100000e+00   2.3415614e-08
   9.9200000e+00   2.3332999e-08
   9.9300000e+00   2.3260185e-08
   9.9400000e+00   2.3197141e-08
   9.9500000e+00   2.3143841e-08
   9.9600000e+00   2.3100262e-08
   9.9700000e+00   2.3066387e-08
   9.9800000e+00   2.3042200e-08
   9.9900000e+00   2.3027692e-08
   1.0000000e+01   2.3022857e-08
