  -1.5000000e+01   8.1383552e-01
  -1.4990000e+01   8.1392322e-01
  -1.4980000e+01   8.1319735e-01
  -1.4970000e+01   8.1165864e-01
  -1.4960000e+01   8.0930862e-01
  -1.4950000e+01   8.0614965e-01
  -1.4940000e+01   8.0218488e-01
  -1.4930000e+01   7.9741827e-01
  -1.4920000e+01   7.9185461e-01
  -1.4910000e+01   7.8549943e-01
  -1.4900000e+01   7.7835911e-01
  -1.4890000e+01   7.7044077e-01
  -1.4880000e+01   7.6175234e-01
  -1.4870000e+01   7.5230249e-01
  -1.4860000e+01   7.4210069e-01
  -1.4850000e+01   7.3115711e-01
  -1.4840000e+01   7.1948271e-01
  -1.4830000e+01   7.0708916e-01
  -1.4820000e+01   6.9398883e-01
  -1.4810000e+01   6.8019484e-01
  -1.4800000e+01   6.6572096e-01
  -1.4790000e+01   6.5058168e-01
  -1.4780000e+01   6.3479211e-01
  -1.4770000e+01   6.1836804e-01
  -1.4760000e+01   6.0132590e-01
  -1.4750000e+01   5.8368271e-01
  -1.4740000e+01   5.6545612e-01
  -1.4730000e+01   5.4666433e-01
  -1.4720000e+01   5.2732615e-01
  -1.4710000e+01   5.0746089e-01
  -1.4700000e+01   4.8708842e-01
  -1.4690000e+01   4.6622910e-01
  -1.4680000e+01   4.4490378e-01
  -1.4670000e+01   4.2313377e-01
  -1.4660000e+01   4.0094085e-01
  -1.4650000e+01   3.7834718e-01
  -1.4640000e+01   3.5537536e-01
  -1.4630000e+01   3.3204835e-01
  -1.4620000e+01   3.0838947e-01
  -1.4610000e+01   2.8442236e-01
  -1.4600000e+01   2.6017099e-01
  -1.4590000e+01   2.3565958e-01
  -1.4580000e+01   2.1091265e-01
  -1.4570000e+01   1.8595494e-01
  -1.4560000e+01   1.6081138e-01
  -1.4550000e+01   1.3550711e-01
  -1.4540000e+01   1.1006743e-01
  -1.4530000e+01   8.4517757e-02
  -1.4520000e+01   5.8883640e-02
  -1.4510000e+01   3.3190698e-02
  -1.4500000e+01   7.4646130e-03
  -1.4490000e+01  -1.8268900e-02
  -1.4480000e+01  -4.3984118e-02
  -1.4470000e+01  -6.9655337e-02
  -1.4460000e+01  -9.5256898e-02
  -1.4450000e+01  -1.2076321e-01
  -1.4440000e+01  -1.4614878e-01
  -1.4430000e+01  -1.7138823e-01
  -1.4420000e+01  -1.9645633e-01
  -1.4410000e+01  -2.2132803e-01
  -1.4400000e+01  -2.4597846e-01
  -1.4390000e+01  -2.7038299e-01
  -1.4380000e+01  -2.9451722e-01
  -1.4370000e+01  -3.1835703e-01
  -1.4360000e+01  -3.4187859e-01
  -1.4350000e+01  -3.6505839e-01
  -1.4340000e+01  -3.8787326e-01
  -1.4330000e+01  -4.1030040e-01
  -1.4320000e+01  -4.3231738e-01
  -1.4310000e+01  -4.5390220e-01
  -1.4300000e+01  -4.7503329e-01
  -1.4290000e+01  -4.9568953e-01
  -1.4280000e+01  -5.1585026e-01
  -1.4270000e+01  -5.3549534e-01
  -1.4260000e+01  -5.5460513e-01
  -1.4250000e+01  -5.7316054e-01
  -1.4240000e+01  -5.9114300e-01
  -1.4230000e+01  -6.0853456e-01
  -1.4220000e+01  -6.2531782e-01
  -1.4210000e+01  -6.4147601e-01
  -1.4200000e+01  -6.5699299e-01
  -1.4190000e+01  -6.7185323e-01
  -1.4180000e+01  -6.8604189e-01
  -1.4170000e+01  -6.9954480e-01
  -1.4160000e+01  -7.1234844e-01
  -1.4150000e+01  -7.2444002e-01
  -1.4140000e+01  -7.3580747e-01
  -1.4130000e+01  -7.4643941e-01
  -1.4120000e+01  -7.5632522e-01
  -1.4110000e+01  -7.6545501e-01
  -1.4100000e+01  -7.7381968e-01
  -1.4090000e+01  -7.8141085e-01
  -1.4080000e+01  -7.8822093e-01
  -1.4070000e+01  -7.9424313e-01
  -1.4060000e+01  -7.9947142e-01
  -1.4050000e+01  -8.0390058e-01
  -1.4040000e+01  -8.0752618e-01
  -1.4030000e+01  -8.1034460e-01
  -1.4020000e+01  -8.1235303e-01
  -1.4010000e+01  -8.1354944e-01
  -1.4000000e+01  -8.1393266e-01
  -1.3990000e+01  -8.1350230e-01
  -1.3980000e+01  -8.1225879e-01
  -1.3970000e+01  -8.1020338e-01
  -1.3960000e+01  -8.0733811e-01
  -1.3950000e+01  -8.0366586e-01
  -1.3940000e+01  -7.9919030e-01
  -1.3930000e+01  -7.9391589e-01
  -1.3920000e+01  -7.8784793e-01
  -1.3910000e+01  -7.8099246e-01
  -1.3900000e+01  -7.7335635e-01
  -1.3890000e+01  -7.6494722e-01
  -1.3880000e+01  -7.5577349e-01
  -1.3870000e+01  -7.4584433e-01
  -1.3860000e+01  -7.3516966e-01
  -1.3850000e+01  -7.2376015e-01
  -1.3840000e+01  -7.1162720e-01
  -1.3830000e+01  -6.9878296e-01
  -1.3820000e+01  -6.8524025e-01
  -1.3810000e+01  -6.7101261e-01
  -1.3800000e+01  -6.5611427e-01
  -1.3790000e+01  -6.4056012e-01
  -1.3780000e+01  -6.2436570e-01
  -1.3770000e+01  -6.0754721e-01
  -1.3760000e+01  -5.9012146e-01
  -1.3750000e+01  -5.7210586e-01
  -1.3740000e+01  -5.5351843e-01
  -1.3730000e+01  -5.3437774e-01
  -1.3720000e+01  -5.1470293e-01
  -1.3710000e+01  -4.9451366e-01
  -1.3700000e+01  -4.7383012e-01
  -1.3690000e+01  -4.5267299e-01
  -1.3680000e+01  -4.3106340e-01
  -1.3670000e+01  -4.0902296e-01
  -1.3660000e+01  -3.8657370e-01
  -1.3650000e+01  -3.6373807e-01
  -1.3640000e+01  -3.4053888e-01
  -1.3630000e+01  -3.1699934e-01
  -1.3620000e+01  -2.9314295e-01
  -1.3610000e+01  -2.6899359e-01
  -1.3600000e+01  -2.4457537e-01
  -1.3590000e+01  -2.1991272e-01
  -1.3580000e+01  -1.9503028e-01
  -1.3570000e+01  -1.6995293e-01
  -1.3560000e+01  -1.4470573e-01
  -1.3550000e+01  -1.1931392e-01
  -1.3540000e+01  -9.3802872e-02
  -1.3530000e+01  -6.8198098e-02
  -1.3520000e+01  -4.2525188e-02
  -1.3510000e+01  -1.6809804e-02
  -1.3500000e+01   8.9223514e-03
  -1.3490000e+01   3.4645556e-02
  -1.3480000e+01   6.0334098e-02
  -1.3470000e+01   8.5962299e-02
  -1.3460000e+01   1.1150454e-01
  -1.3450000e+01   1.3693530e-01
  -1.3440000e+01   1.6222915e-01
  -1.3430000e+01   1.8736081e-01
  -1.3420000e+01   2.1230515e-01
  -1.3410000e+01   2.3703726e-01
  -1.3400000e+01   2.6153240e-01
  -1.3390000e+01   2.8576608e-01
  -1.3380000e+01   3.0971410e-01
  -1.3370000e+01   3.3335250e-01
  -1.3360000e+01   3.5665767e-01
  -1.3350000e+01   3.7960631e-01
  -1.3340000e+01   4.0217547e-01
  -1.3330000e+01   4.2434261e-01
  -1.3320000e+01   4.4608556e-01
  -1.3310000e+01   4.6738259e-01
  -1.3300000e+01   4.8821242e-01
  -1.3290000e+01   5.0855421e-01
  -1.3280000e+01   5.2838765e-01
  -1.3270000e+01   5.4769290e-01
  -1.3260000e+01   5.6645068e-01
  -1.3250000e+01   5.8464223e-01
  -1.3240000e+01   6.0224936e-01
  -1.3230000e+01   6.1925448e-01
  -1.3220000e+01   6.3564060e-01
  -1.3210000e+01   6.5139133e-01
  -1.3200000e+01   6.6649094e-01
  -1.3190000e+01   6.8092432e-01
  -1.3180000e+01   6.9467705e-01
  -1.3170000e+01   7.0773539e-01
  -1.3160000e+01   7.2008629e-01
  -1.3150000e+01   7.3171740e-01
  -1.3140000e+01   7.4261709e-01
  -1.3130000e+01   7.5277447e-01
  -1.3120000e+01   7.6217939e-01
  -1.3110000e+01   7.7082245e-01
  -1.3100000e+01   7.7869501e-01
  -1.3090000e+01   7.8578921e-01
  -1.3080000e+01   7.9209794e-01
  -1.3070000e+01   7.9761492e-01
  -1.3060000e+01   8.0233461e-01
  -1.3050000e+01   8.0625232e-01
  -1.3040000e+01   8.0936412e-01
  -1.3030000e+01   8.1166689e-01
  -1.3020000e+01   8.1315835e-01
  -1.3010000e+01   8.1383701e-01
  -1.3000000e+01   8.1370217e-01
  -1.2990000e+01   8.1275399e-01
  -1.2980000e+01   8.1099341e-01
  -1.2970000e+01   8.0842218e-01
  -1.2960000e+01   8.0504289e-01
  -1.2950000e+01   8.0085891e-01
  -1.2940000e+01   7.9587442e-01
  -1.2930000e+01   7.9009441e-01
  -1.2920000e+01   7.8352465e-01
  -1.2910000e+01   7.7617171e-01
  -1.2900000e+01   7.6804295e-01
  -1.2890000e+01   7.5914648e-01
  -1.2880000e+01   7.4949121e-01
  -1.2870000e+01   7.3908679e-01
  -1.2860000e+01   7.2794361e-01
  -1.2850000e+01   7.1607282e-01
  -1.2840000e+01   7.0348627e-01
  -1.2830000e+01   6.9019656e-01
  -1.2820000e+01   6.7621697e-01
  -1.2810000e+01   6.6156148e-01
  -1.2800000e+01   6.4624472e-01
  -1.2790000e+01   6.3028202e-01
  -1.2780000e+01   6.1368933e-01
  -1.2770000e+01   5.9648323e-01
  -1.2760000e+01   5.7868093e-01
  -1.2750000e+01   5.6030023e-01
  -1.2740000e+01   5.4135948e-01
  -1.2730000e+01   5.2187764e-01
  -1.2720000e+01   5.0187416e-01
  -1.2710000e+01   4.8136906e-01
  -1.2700000e+01   4.6038282e-01
  -1.2690000e+01   4.3893642e-01
  -1.2680000e+01   4.1705129e-01
  -1.2670000e+01   3.9474933e-01
  -1.2660000e+01   3.7205281e-01
  -1.2650000e+01   3.4898443e-01
  -1.2640000e+01   3.2556725e-01
  -1.2630000e+01   3.0182466e-01
  -1.2620000e+01   2.7778041e-01
  -1.2610000e+01   2.5345853e-01
  -1.2600000e+01   2.2888333e-01
  -1.2590000e+01   2.0407937e-01
  -1.2580000e+01   1.7907145e-01
  -1.2570000e+01   1.5388457e-01
  -1.2560000e+01   1.2854390e-01
  -1.2550000e+01   1.0307478e-01
  -1.2540000e+01   7.7502652e-02
  -1.2530000e+01   5.1853087e-02
  -1.2520000e+01   2.6151722e-02
  -1.2510000e+01   4.2424734e-04
  -1.2500000e+01  -2.5303621e-02
  -1.2490000e+01  -5.1006165e-02
  -1.2480000e+01  -7.6657695e-02
  -1.2470000e+01  -1.0223257e-01
  -1.2460000e+01  -1.2770523e-01
  -1.2450000e+01  -1.5305020e-01
  -1.2440000e+01  -1.7824216e-01
  -1.2430000e+01  -2.0325593e-01
  -1.2420000e+01  -2.2806650e-01
  -1.2410000e+01  -2.5264907e-01
  -1.2400000e+01  -2.7697907e-01
  -1.2390000e+01  -3.0103219e-01
  -1.2380000e+01  -3.2478437e-01
  -1.2370000e+01  -3.4821188e-01
  -1.2360000e+01  -3.7129131e-01
  -1.2350000e+01  -3.9399957e-01
  -1.2340000e+01  -4.1631398e-01
  -1.2330000e+01  -4.3821223e-01
  -1.2320000e+01  -4.5967243e-01
  -1.2310000e+01  -4.8067313e-01
  -1.2300000e+01  -5.0119335e-01
  -1.2290000e+01  -5.2121256e-01
  -1.2280000e+01  -5.4071076e-01
  -1.2270000e+01  -5.5966846e-01
  -1.2260000e+01  -5.7806671e-01
  -1.2250000e+01  -5.9588713e-01
  -1.2240000e+01  -6.1311189e-01
  -1.2230000e+01  -6.2972379e-01
  -1.2220000e+01  -6.4570622e-01
  -1.2210000e+01  -6.6104320e-01
  -1.2200000e+01  -6.7571941e-01
  -1.2190000e+01  -6.8972017e-01
  -1.2180000e+01  -7.0303149e-01
  -1.2170000e+01  -7.1564008e-01
  -1.2160000e+01  -7.2753331e-01
  -1.2150000e+01  -7.3869932e-01
  -1.2140000e+01  -7.4912693e-01
  -1.2130000e+01  -7.5880573e-01
  -1.2120000e+01  -7.6772604e-01
  -1.2110000e+01  -7.7587894e-01
  -1.2100000e+01  -7.8325629e-01
  -1.2090000e+01  -7.8985072e-01
  -1.2080000e+01  -7.9565563e-01
  -1.2070000e+01  -8.0066522e-01
  -1.2060000e+01  -8.0487449e-01
  -1.2050000e+01  -8.0827923e-01
  -1.2040000e+01  -8.1087603e-01
  -1.2030000e+01  -8.1266231e-01
  -1.2020000e+01  -8.1363627e-01
  -1.2010000e+01  -8.1379695e-01
  -1.2000000e+01  -8.1314418e-01
  -1.1990000e+01  -8.1167862e-01
  -1.1980000e+01  -8.0940174e-01
  -1.1970000e+01  -8.0631581e-01
  -1.1960000e+01  -8.0242391e-01
  -1.1950000e+01  -7.9772995e-01
  -1.1940000e+01  -7.9223860e-01
  -1.1930000e+01  -7.8595537e-01
  -1.1920000e+01  -7.7888652e-01
  -1.1910000e+01  -7.7103914e-01
  -1.1900000e+01  -7.6242106e-01
  -1.1890000e+01  -7.5304090e-01
  -1.1880000e+01  -7.4290803e-01
  -1.1870000e+01  -7.3203259e-01
  -1.1860000e+01  -7.2042545e-01
  -1.1850000e+01  -7.0809821e-01
  -1.1840000e+01  -6.9506319e-01
  -1.1830000e+01  -6.8133342e-01
  -1.1820000e+01  -6.6692263e-01
  -1.1810000e+01  -6.5184523e-01
  -1.1800000e+01  -6.3611627e-01
  -1.1790000e+01  -6.1975150e-01
  -1.1780000e+01  -6.0276726e-01
  -1.1770000e+01  -5.8518053e-01
  -1.1760000e+01  -5.6700890e-01
  -1.1750000e+01  -5.4827053e-01
  -1.1740000e+01  -5.2898414e-01
  -1.1730000e+01  -5.0916902e-01
  -1.1720000e+01  -4.8884498e-01
  -1.1710000e+01  -4.6803232e-01
  -1.1700000e+01  -4.4675186e-01
  -1.1690000e+01  -4.2502486e-01
  -1.1680000e+01  -4.0287305e-01
  -1.1670000e+01  -3.8031857e-01
  -1.1660000e+01  -3.5738396e-01
  -1.1650000e+01  -3.3409214e-01
  -1.1640000e+01  -3.1046641e-01
  -1.1630000e+01  -2.8653037e-01
  -1.1620000e+01  -2.6230795e-01
  -1.1610000e+01  -2.3782336e-01
  -1.1600000e+01  -2.1310108e-01
  -1.1590000e+01  -1.8816583e-01
  -1.1580000e+01  -1.6304251e-01
  -1.1570000e+01  -1.3775625e-01
  -1.1560000e+01  -1.1233233e-01
  -1.1550000e+01  -8.6796147e-02
  -1.1540000e+01  -6.1173238e-02
  -1.1530000e+01  -3.5489210e-02
  -1.1520000e+01  -9.7697387e-03
  -1.1510000e+01   1.5959469e-02
  -1.1500000e+01   4.1672695e-02
  -1.1490000e+01   6.7344238e-02
  -1.1480000e+01   9.2948436e-02
  -1.1470000e+01   1.1845970e-01
  -1.1460000e+01   1.4385252e-01
  -1.1450000e+01   1.6910152e-01
  -1.1440000e+01   1.9418147e-01
  -1.1430000e+01   2.1906729e-01
  -1.1420000e+01   2.4373411e-01
  -1.1410000e+01   2.6815728e-01
  -1.1400000e+01   2.9231237e-01
  -1.1390000e+01   3.1617526e-01
  -1.1380000e+01   3.3972207e-01
  -1.1370000e+01   3.6292929e-01
  -1.1360000e+01   3.8577370e-01
  -1.1350000e+01   4.0823249e-01
  -1.1340000e+01   4.3028319e-01
  -1.1330000e+01   4.5190377e-01
  -1.1320000e+01   4.7307262e-01
  -1.1310000e+01   4.9376858e-01
  -1.1300000e+01   5.1397096e-01
  -1.1290000e+01   5.3365957e-01
  -1.1280000e+01   5.5281473e-01
  -1.1270000e+01   5.7141729e-01
  -1.1260000e+01   5.8944866e-01
  -1.1250000e+01   6.0689081e-01
  -1.1240000e+01   6.2372632e-01
  -1.1230000e+01   6.3993835e-01
  -1.1220000e+01   6.5551071e-01
  -1.1210000e+01   6.7042782e-01
  -1.1200000e+01   6.8467477e-01
  -1.1190000e+01   6.9823733e-01
  -1.1180000e+01   7.1110194e-01
  -1.1170000e+01   7.2325575e-01
  -1.1160000e+01   7.3468659e-01
  -1.1150000e+01   7.4538306e-01
  -1.1140000e+01   7.5533445e-01
  -1.1130000e+01   7.6453083e-01
  -1.1120000e+01   7.7296299e-01
  -1.1110000e+01   7.8062252e-01
  -1.1100000e+01   7.8750175e-01
  -1.1090000e+01   7.9359382e-01
  -1.1080000e+01   7.9889262e-01
  -1.1070000e+01   8.0339288e-01
  -1.1060000e+01   8.0709009e-01
  -1.1050000e+01   8.0998055e-01
  -1.1040000e+01   8.1206137e-01
  -1.1030000e+01   8.1333049e-01
  -1.1020000e+01   8.1378663e-01
  -1.1010000e+01   8.1342933e-01
  -1.1000000e+01   8.1225895e-01
  -1.0990000e+01   8.1027667e-01
  -1.0980000e+01   8.0748447e-01
  -1.0970000e+01   8.0388513e-01
  -1.0960000e+01   7.9948226e-01
  -1.0950000e+01   7.9428026e-01
  -1.0940000e+01   7.8828433e-01
  -1.0930000e+01   7.8150046e-01
  -1.0920000e+01   7.7393544e-01
  -1.0910000e+01   7.6559682e-01
  -1.0900000e+01   7.5649295e-01
  -1.0890000e+01   7.4663293e-01
  -1.0880000e+01   7.3602660e-01
  -1.0870000e+01   7.2468458e-01
  -1.0860000e+01   7.1261821e-01
  -1.0850000e+01   6.9983953e-01
  -1.0840000e+01   6.8636133e-01
  -1.0830000e+01   6.7219709e-01
  -1.0820000e+01   6.5736095e-01
  -1.0810000e+01   6.4186775e-01
  -1.0800000e+01   6.2573298e-01
  -1.0790000e+01   6.0897277e-01
  -1.0780000e+01   5.9160386e-01
  -1.0770000e+01   5.7364363e-01
  -1.0760000e+01   5.5511002e-01
  -1.0750000e+01   5.3602156e-01
  -1.0740000e+01   5.1639734e-01
  -1.0730000e+01   4.9625696e-01
  -1.0720000e+01   4.7562056e-01
  -1.0710000e+01   4.5450877e-01
  -1.0700000e+01   4.3294269e-01
  -1.0690000e+01   4.1094388e-01
  -1.0680000e+01   3.8853432e-01
  -1.0670000e+01   3.6573643e-01
  -1.0660000e+01   3.4257298e-01
  -1.0650000e+01   3.1906713e-01
  -1.0640000e+01   2.9524238e-01
  -1.0630000e+01   2.7112254e-01
  -1.0620000e+01   2.4673172e-01
  -1.0610000e+01   2.2209431e-01
  -1.0600000e+01   1.9723492e-01
  -1.0590000e+01   1.7217841e-01
  -1.0580000e+01   1.4694982e-01
  -1.0570000e+01   1.2157438e-01
  -1.0560000e+01   9.6077435e-02
  -1.0550000e+01   7.0484487e-02
  -1.0540000e+01   4.4821113e-02
  -1.0530000e+01   1.9112965e-02
  -1.0520000e+01  -6.6142603e-03
  -1.0510000e+01  -3.2334846e-02
  -1.0500000e+01  -5.8023083e-02
  -1.0490000e+01  -8.3653294e-02
  -1.0480000e+01  -1.0919986e-01
  -1.0470000e+01  -1.3463725e-01
  -1.0460000e+01  -1.5994003e-01
  -1.0450000e+01  -1.8508291e-01
  -1.0440000e+01  -2.1004076e-01
  -1.0430000e+01  -2.3478864e-01
  -1.0420000e+01  -2.5930180e-01
  -1.0410000e+01  -2.8355574e-01
  -1.0400000e+01  -3.0752623e-01
  -1.0390000e+01  -3.3118930e-01
  -1.0380000e+01  -3.5452129e-01
  -1.0370000e+01  -3.7749890e-01
  -1.0360000e+01  -4.0009914e-01
  -1.0350000e+01  -4.2229943e-01
  -1.0340000e+01  -4.4407759e-01
  -1.0330000e+01  -4.6541183e-01
  -1.0320000e+01  -4.8628084e-01
  -1.0310000e+01  -5.0666376e-01
  -1.0300000e+01  -5.2654021e-01
  -1.0290000e+01  -5.4589033e-01
  -1.0280000e+01  -5.6469478e-01
  -1.0270000e+01  -5.8293475e-01
  -1.0260000e+01  -6.0059202e-01
  -1.0250000e+01  -6.1764894e-01
  -1.0240000e+01  -6.3408846e-01
  -1.0230000e+01  -6.4989415e-01
  -1.0220000e+01  -6.6505021e-01
  -1.0210000e+01  -6.7954150e-01
  -1.0200000e+01  -6.9335352e-01
  -1.0190000e+01  -7.0647247e-01
  -1.0180000e+01  -7.1888524e-01
  -1.0170000e+01  -7.3057942e-01
  -1.0160000e+01  -7.4154333e-01
  -1.0150000e+01  -7.5176600e-01
  -1.0140000e+01  -7.6123723e-01
  -1.0130000e+01  -7.6994753e-01
  -1.0120000e+01  -7.7788821e-01
  -1.0110000e+01  -7.8505134e-01
  -1.0100000e+01  -7.9142974e-01
  -1.0090000e+01  -7.9701705e-01
  -1.0080000e+01  -8.0180768e-01
  -1.0070000e+01  -8.0579685e-01
  -1.0060000e+01  -8.0898056e-01
  -1.0050000e+01  -8.1135564e-01
  -1.0040000e+01  -8.1291971e-01
  -1.0030000e+01  -8.1367122e-01
  -1.0020000e+01  -8.1360940e-01
  -1.0010000e+01  -8.1273433e-01
  -1.0000000e+01  -8.1104688e-01
  -9.9900000e+00  -8.0854886e-01
  -9.9800000e+00  -8.0524346e-01
  -9.9700000e+00  -8.0113478e-01
  -9.9600000e+00  -7.9622772e-01
  -9.9500000e+00  -7.9052796e-01
  -9.9400000e+00  -7.8404197e-01
  -9.9300000e+00  -7.7677699e-01
  -9.9200000e+00  -7.6874102e-01
  -9.9100000e+00  -7.5994279e-01
  -9.9000000e+00  -7.5039180e-01
  -9.8900000e+00  -7.4009825e-01
  -9.8800000e+00  -7.2907307e-01
  -9.8700000e+00  -7.1732790e-01
  -9.8600000e+00  -7.0487504e-01
  -9.8500000e+00  -6.9172750e-01
  -9.8400000e+00  -6.7789892e-01
  -9.8300000e+00  -6.6340359e-01
  -9.8200000e+00  -6.4825643e-01
  -9.8100000e+00  -6.3247299e-01
  -9.8000000e+00  -6.1606938e-01
  -9.7900000e+00  -5.9906230e-01
  -9.7800000e+00  -5.8146902e-01
  -9.7700000e+00  -5.6330733e-01
  -9.7600000e+00  -5.4459556e-01
  -9.7500000e+00  -5.2535251e-01
  -9.7400000e+00  -5.0559750e-01
  -9.7300000e+00  -4.8535027e-01
  -9.7200000e+00  -4.6463103e-01
  -9.7100000e+00  -4.4346039e-01
  -9.7000000e+00  -4.2185937e-01
  -9.6900000e+00  -3.9984935e-01
  -9.6800000e+00  -3.7745208e-01
  -9.6700000e+00  -3.5468962e-01
  -9.6600000e+00  -3.3158435e-01
  -9.6500000e+00  -3.0815894e-01
  -9.6400000e+00  -2.8443632e-01
  -9.6300000e+00  -2.6043965e-01
  -9.6200000e+00  -2.3619232e-01
  -9.6100000e+00  -2.1171789e-01
  -9.6000000e+00  -1.8704013e-01
  -9.5900000e+00  -1.6218291e-01
  -9.5800000e+00  -1.3717026e-01
  -9.5700000e+00  -1.1202628e-01
  -9.5600000e+00  -8.6775168e-02
  -9.5500000e+00  -6.1441160e-02
  -9.5400000e+00  -3.6048527e-02
  -9.5300000e+00  -1.0621542e-02
  -9.5200000e+00   1.4815537e-02
  -9.5100000e+00   4.0238496e-02
  -9.5000000e+00   6.5623185e-02
  -9.4900000e+00   9.0945541e-02
  -9.4800000e+00   1.1618161e-01
  -9.4700000e+00   1.4130757e-01
  -9.4600000e+00   1.6629976e-01
  -9.4500000e+00   1.9113469e-01
  -9.4400000e+00   2.1578906e-01
  -9.4300000e+00   2.4023981e-01
  -9.4200000e+00   2.6446411e-01
  -9.4100000e+00   2.8843940e-01
  -9.4000000e+00   3.1214338e-01
  -9.3900000e+00   3.3555408e-01
  -9.3800000e+00   3.5864983e-01
  -9.3700000e+00   3.8140934e-01
  -9.3600000e+00   4.0381163e-01
  -9.3500000e+00   4.2583613e-01
  -9.3400000e+00   4.4746268e-01
  -9.3300000e+00   4.6867150e-01
  -9.3200000e+00   4.8944327e-01
  -9.3100000e+00   5.0975911e-01
  -9.3000000e+00   5.2960060e-01
  -9.2900000e+00   5.4894983e-01
  -9.2800000e+00   5.6778934e-01
  -9.2700000e+00   5.8610223e-01
  -9.2600000e+00   6.0387209e-01
  -9.2500000e+00   6.2108307e-01
  -9.2400000e+00   6.3771986e-01
  -9.2300000e+00   6.5376772e-01
  -9.2200000e+00   6.6921249e-01
  -9.2100000e+00   6.8404059e-01
  -9.2000000e+00   6.9823904e-01
  -9.1900000e+00   7.1179549e-01
  -9.1800000e+00   7.2469817e-01
  -9.1700000e+00   7.3693596e-01
  -9.1600000e+00   7.4849838e-01
  -9.1500000e+00   7.5937559e-01
  -9.1400000e+00   7.6955837e-01
  -9.1300000e+00   7.7903821e-01
  -9.1200000e+00   7.8780722e-01
  -9.1100000e+00   7.9585819e-01
  -9.1000000e+00   8.0318458e-01
  -9.0900000e+00   8.0978053e-01
  -9.0800000e+00   8.1564086e-01
  -9.0700000e+00   8.2076105e-01
  -9.0600000e+00   8.2513729e-01
  -9.0500000e+00   8.2876644e-01
  -9.0400000e+00   8.3164605e-01
  -9.0300000e+00   8.3377434e-01
  -9.0200000e+00   8.3515024e-01
  -9.0100000e+00   8.3577333e-01
  -9.0000000e+00   8.3564391e-01
  -8.9900000e+00   8.3476292e-01
  -8.9800000e+00   8.3313199e-01
  -8.9700000e+00   8.3075343e-01
  -8.9600000e+00   8.2763021e-01
  -8.9500000e+00   8.2376596e-01
  -8.9400000e+00   8.1916496e-01
  -8.9300000e+00   8.1383216e-01
  -8.9200000e+00   8.0777313e-01
  -8.9100000e+00   8.0099410e-01
  -8.9000000e+00   7.9350191e-01
  -8.8900000e+00   7.8530404e-01
  -8.8800000e+00   7.7640855e-01
  -8.8700000e+00   7.6682414e-01
  -8.8600000e+00   7.5656008e-01
  -8.8500000e+00   7.4562623e-01
  -8.8400000e+00   7.3403302e-01
  -8.8300000e+00   7.2179143e-01
  -8.8200000e+00   7.0891301e-01
  -8.8100000e+00   6.9540984e-01
  -8.8000000e+00   6.8129450e-01
  -8.7900000e+00   6.6658012e-01
  -8.7800000e+00   6.5128030e-01
  -8.7700000e+00   6.3540914e-01
  -8.7600000e+00   6.1898120e-01
  -8.7500000e+00   6.0201149e-01
  -8.7400000e+00   5.8451547e-01
  -8.7300000e+00   5.6650904e-01
  -8.7200000e+00   5.4800848e-01
  -8.7100000e+00   5.2903048e-01
  -8.7000000e+00   5.0959211e-01
  -8.6900000e+00   4.8971080e-01
  -8.6800000e+00   4.6940432e-01
  -8.6700000e+00   4.4869077e-01
  -8.6600000e+00   4.2758858e-01
  -8.6500000e+00   4.0611645e-01
  -8.6400000e+00   3.8429337e-01
  -8.6300000e+00   3.6213858e-01
  -8.6200000e+00   3.3967157e-01
  -8.6100000e+00   3.1691206e-01
  -8.6000000e+00   2.9387996e-01
  -8.5900000e+00   2.7059539e-01
  -8.5800000e+00   2.4707862e-01
  -8.5700000e+00   2.2335008e-01
  -8.5600000e+00   1.9943034e-01
  -8.5500000e+00   1.7534008e-01
  -8.5400000e+00   1.5110006e-01
  -8.5300000e+00   1.2673116e-01
  -8.5200000e+00   1.0225429e-01
  -8.5100000e+00   7.7690411e-02
  -8.5000000e+00   5.3060504e-02
  -8.4900000e+00   2.8385564e-02
  -8.4800000e+00   3.6865710e-03
  -8.4700000e+00  -2.1015523e-02
  -8.4600000e+00  -4.5699814e-02
  -8.4500000e+00  -7.0345462e-02
  -8.4400000e+00  -9.4931711e-02
  -8.4300000e+00  -1.1943790e-01
  -8.4200000e+00  -1.4384350e-01
  -8.4100000e+00  -1.6812809e-01
  -8.4000000e+00  -1.9227143e-01
  -8.3900000e+00  -2.1625341e-01
  -8.3800000e+00  -2.4005415e-01
  -8.3700000e+00  -2.6365393e-01
  -8.3600000e+00  -2.8703327e-01
  -8.3500000e+00  -3.1017291e-01
  -8.3400000e+00  -3.3305385e-01
  -8.3300000e+00  -3.5565732e-01
  -8.3200000e+00  -3.7796487e-01
  -8.3100000e+00  -3.9995832e-01
  -8.3000000e+00  -4.2161979e-01
  -8.2900000e+00  -4.4293172e-01
  -8.2800000e+00  -4.6387691e-01
  -8.2700000e+00  -4.8443847e-01
  -8.2600000e+00  -5.0459989e-01
  -8.2500000e+00  -5.2434503e-01
  -8.2400000e+00  -5.4365812e-01
  -8.2300000e+00  -5.6252381e-01
  -8.2200000e+00  -5.8092713e-01
  -8.2100000e+00  -5.9885355e-01
  -8.2000000e+00  -6.1628896e-01
  -8.1900000e+00  -6.3321967e-01
  -8.1800000e+00  -6.4963247e-01
  -8.1700000e+00  -6.6551458e-01
  -8.1600000e+00  -6.8085371e-01
  -8.1500000e+00  -6.9563803e-01
  -8.1400000e+00  -7.0985619e-01
  -8.1300000e+00  -7.2349734e-01
  -8.1200000e+00  -7.3655112e-01
  -8.1100000e+00  -7.4900768e-01
  -8.1000000e+00  -7.6085767e-01
  -8.0900000e+00  -7.7209227e-01
  -8.0800000e+00  -7.8270316e-01
  -8.0700000e+00  -7.9268257e-01
  -8.0600000e+00  -8.0202325e-01
  -8.0500000e+00  -8.1071848e-01
  -8.0400000e+00  -8.1876208e-01
  -8.0300000e+00  -8.2614842e-01
  -8.0200000e+00  -8.3287239e-01
  -8.0100000e+00  -8.3892946e-01
  -8.0000000e+00  -8.4431561e-01
  -7.9900000e+00  -8.4902740e-01
  -7.9800000e+00  -8.5306191e-01
  -7.9700000e+00  -8.5641680e-01
  -7.9600000e+00  -8.5909025e-01
  -7.9500000e+00  -8.6108101e-01
  -7.9400000e+00  -8.6238836e-01
  -7.9300000e+00  -8.6301214e-01
  -7.9200000e+00  -8.6295272e-01
  -7.9100000e+00  -8.6221104e-01
  -7.9000000e+00  -8.6078854e-01
  -7.8900000e+00  -8.5868721e-01
  -7.8800000e+00  -8.5590959e-01
  -7.8700000e+00  -8.5245873e-01
  -7.8600000e+00  -8.4833820e-01
  -7.8500000e+00  -8.4355210e-01
  -7.8400000e+00  -8.3810504e-01
  -7.8300000e+00  -8.3200213e-01
  -7.8200000e+00  -8.2524899e-01
  -7.8100000e+00  -8.1785173e-01
  -7.8000000e+00  -8.0981696e-01
  -7.7900000e+00  -8.0115175e-01
  -7.7800000e+00  -7.9186367e-01
  -7.7700000e+00  -7.8196074e-01
  -7.7600000e+00  -7.7145143e-01
  -7.7500000e+00  -7.6034469e-01
  -7.7400000e+00  -7.4864987e-01
  -7.7300000e+00  -7.3637678e-01
  -7.7200000e+00  -7.2353566e-01
  -7.7100000e+00  -7.1013712e-01
  -7.7000000e+00  -6.9619223e-01
  -7.6900000e+00  -6.8171241e-01
  -7.6800000e+00  -6.6670948e-01
  -7.6700000e+00  -6.5119563e-01
  -7.6600000e+00  -6.3518340e-01
  -7.6500000e+00  -6.1868569e-01
  -7.6400000e+00  -6.0171575e-01
  -7.6300000e+00  -5.8428713e-01
  -7.6200000e+00  -5.6641371e-01
  -7.6100000e+00  -5.4810967e-01
  -7.6000000e+00  -5.2938949e-01
  -7.5900000e+00  -5.1026791e-01
  -7.5800000e+00  -4.9075996e-01
  -7.5700000e+00  -4.7088089e-01
  -7.5600000e+00  -4.5064622e-01
  -7.5500000e+00  -4.3007169e-01
  -7.5400000e+00  -4.0917326e-01
  -7.5300000e+00  -3.8796707e-01
  -7.5200000e+00  -3.6646948e-01
  -7.5100000e+00  -3.4469699e-01
  -7.5000000e+00  -3.2266631e-01
  -7.4900000e+00  -3.0039424e-01
  -7.4800000e+00  -2.7789777e-01
  -7.4700000e+00  -2.5519398e-01
  -7.4600000e+00  -2.3230008e-01
  -7.4500000e+00  -2.0923334e-01
  -7.4400000e+00  -1.8601115e-01
  -7.4300000e+00  -1.6265096e-01
  -7.4200000e+00  -1.3917026e-01
  -7.4100000e+00  -1.1558659e-01
  -7.4000000e+00  -9.1917526e-02
  -7.3900000e+00  -6.8180648e-02
  -7.3800000e+00  -4.4393544e-02
  -7.3700000e+00  -2.0573790e-02
  -7.3600000e+00   3.2610643e-03
  -7.3500000e+00   2.7093504e-02
  -7.3400000e+00   5.0906066e-02
  -7.3300000e+00   7.4681350e-02
  -7.3200000e+00   9.8402029e-02
  -7.3100000e+00   1.2205087e-01
  -7.3000000e+00   1.4561073e-01
  -7.2900000e+00   1.6906459e-01
  -7.2800000e+00   1.9239555e-01
  -7.2700000e+00   2.1558686e-01
  -7.2600000e+00   2.3862188e-01
  -7.2500000e+00   2.6148418e-01
  -7.2400000e+00   2.8415748e-01
  -7.2300000e+00   3.0662566e-01
  -7.2200000e+00   3.2887284e-01
  -7.2100000e+00   3.5088330e-01
  -7.2000000e+00   3.7264157e-01
  -7.1900000e+00   3.9413239e-01
  -7.1800000e+00   4.1534073e-01
  -7.1700000e+00   4.3625182e-01
  -7.1600000e+00   4.5685113e-01
  -7.1500000e+00   4.7712442e-01
  -7.1400000e+00   4.9705769e-01
  -7.1300000e+00   5.1663726e-01
  -7.1200000e+00   5.3584971e-01
  -7.1100000e+00   5.5468194e-01
  -7.1000000e+00   5.7312115e-01
  -7.0900000e+00   5.9115486e-01
  -7.0800000e+00   6.0877091e-01
  -7.0700000e+00   6.2595748e-01
  -7.0600000e+00   6.4270307e-01
  -7.0500000e+00   6.5899656e-01
  -7.0400000e+00   6.7482714e-01
  -7.0300000e+00   6.9018439e-01
  -7.0200000e+00   7.0505823e-01
  -7.0100000e+00   7.1943897e-01
  -7.0000000e+00   7.3331728e-01
  -6.9900000e+00   7.4668423e-01
  -6.9800000e+00   7.5953124e-01
  -6.9700000e+00   7.7185015e-01
  -6.9600000e+00   7.8363317e-01
  -6.9500000e+00   7.9487294e-01
  -6.9400000e+00   8.0556245e-01
  -6.9300000e+00   8.1569515e-01
  -6.9200000e+00   8.2526485e-01
  -6.9100000e+00   8.3426579e-01
  -6.9000000e+00   8.4269262e-01
  -6.8900000e+00   8.5054040e-01
  -6.8800000e+00   8.5780461e-01
  -6.8700000e+00   8.6448113e-01
  -6.8600000e+00   8.7056628e-01
  -6.8500000e+00   8.7605677e-01
  -6.8400000e+00   8.8094976e-01
  -6.8300000e+00   8.8524280e-01
  -6.8200000e+00   8.8893388e-01
  -6.8100000e+00   8.9202139e-01
  -6.8000000e+00   8.9450415e-01
  -6.7900000e+00   8.9638139e-01
  -6.7800000e+00   8.9765275e-01
  -6.7700000e+00   8.9831829e-01
  -6.7600000e+00   8.9837847e-01
  -6.7500000e+00   8.9783418e-01
  -6.7400000e+00   8.9668670e-01
  -6.7300000e+00   8.9493772e-01
  -6.7200000e+00   8.9258932e-01
  -6.7100000e+00   8.8964399e-01
  -6.7000000e+00   8.8610460e-01
  -6.6900000e+00   8.8197444e-01
  -6.6800000e+00   8.7725714e-01
  -6.6700000e+00   8.7195676e-01
  -6.6600000e+00   8.6607770e-01
  -6.6500000e+00   8.5962475e-01
  -6.6400000e+00   8.5260307e-01
  -6.6300000e+00   8.4501817e-01
  -6.6200000e+00   8.3687593e-01
  -6.6100000e+00   8.2818258e-01
  -6.6000000e+00   8.1894469e-01
  -6.5900000e+00   8.0916917e-01
  -6.5800000e+00   7.9886327e-01
  -6.5700000e+00   7.8803456e-01
  -6.5600000e+00   7.7669093e-01
  -6.5500000e+00   7.6484059e-01
  -6.5400000e+00   7.5249206e-01
  -6.5300000e+00   7.3965415e-01
  -6.5200000e+00   7.2633597e-01
  -6.5100000e+00   7.1254690e-01
  -6.5000000e+00   6.9829663e-01
  -6.4900000e+00   6.8359508e-01
  -6.4800000e+00   6.6845247e-01
  -6.4700000e+00   6.5287924e-01
  -6.4600000e+00   6.3688610e-01
  -6.4500000e+00   6.2048398e-01
  -6.4400000e+00   6.0368406e-01
  -6.4300000e+00   5.8649773e-01
  -6.4200000e+00   5.6893659e-01
  -6.4100000e+00   5.5101244e-01
  -6.4000000e+00   5.3273730e-01
  -6.3900000e+00   5.1412333e-01
  -6.3800000e+00   4.9518293e-01
  -6.3700000e+00   4.7592861e-01
  -6.3600000e+00   4.5637307e-01
  -6.3500000e+00   4.3652917e-01
  -6.3400000e+00   4.1640988e-01
  -6.3300000e+00   3.9602833e-01
  -6.3200000e+00   3.7539776e-01
  -6.3100000e+00   3.5453153e-01
  -6.3000000e+00   3.3344311e-01
  -6.2900000e+00   3.1214605e-01
  -6.2800000e+00   2.9065401e-01
  -6.2700000e+00   2.6898070e-01
  -6.2600000e+00   2.4713993e-01
  -6.2500000e+00   2.2514554e-01
  -6.2400000e+00   2.0301144e-01
  -6.2300000e+00   1.8075158e-01
  -6.2200000e+00   1.5837993e-01
  -6.2100000e+00   1.3591050e-01
  -6.2000000e+00   1.1335729e-01
  -6.1900000e+00   9.0734339e-02
  -6.1800000e+00   6.8055655e-02
  -6.1700000e+00   4.5335243e-02
  -6.1600000e+00   2.2587089e-02
  -6.1500000e+00  -1.7485518e-04
  -6.1400000e+00  -2.2936672e-02
  -6.1300000e+00  -4.5684494e-02
  -6.1200000e+00  -6.8404507e-02
  -6.1100000e+00  -9.1082963e-02
  -6.1000000e+00  -1.1370618e-01
  -6.0900000e+00  -1.3626057e-01
  -6.0800000e+00  -1.5873261e-01
  -6.0700000e+00  -1.8110890e-01
  -6.0600000e+00  -2.0337613e-01
  -6.0500000e+00  -2.2552109e-01
  -6.0400000e+00  -2.4753072e-01
  -6.0300000e+00  -2.6939205e-01
  -6.0200000e+00  -2.9109227e-01
  -6.0100000e+00  -3.1261872e-01
  -6.0000000e+00  -3.3395885e-01
  -5.9900000e+00  -3.5510029e-01
  -5.9800000e+00  -3.7603085e-01
  -5.9700000e+00  -3.9673846e-01
  -5.9600000e+00  -4.1721128e-01
  -5.9500000e+00  -4.3743761e-01
  -5.9400000e+00  -4.5740596e-01
  -5.9300000e+00  -4.7710503e-01
  -5.9200000e+00  -4.9652370e-01
  -5.9100000e+00  -5.1565109e-01
  -5.9000000e+00  -5.3447650e-01
  -5.8900000e+00  -5.5298946e-01
  -5.8800000e+00  -5.7117973e-01
  -5.8700000e+00  -5.8903728e-01
  -5.8600000e+00  -6.0655231e-01
  -5.8500000e+00  -6.2371527e-01
  -5.8400000e+00  -6.4051685e-01
  -5.8300000e+00  -6.5694796e-01
  -5.8200000e+00  -6.7299980e-01
  -5.8100000e+00  -6.8866378e-01
  -5.8000000e+00  -7.0393160e-01
  -5.7900000e+00  -7.1879519e-01
  -5.7800000e+00  -7.3324678e-01
  -5.7700000e+00  -7.4727883e-01
  -5.7600000e+00  -7.6088409e-01
  -5.7500000e+00  -7.7405558e-01
  -5.7400000e+00  -7.8678660e-01
  -5.7300000e+00  -7.9907071e-01
  -5.7200000e+00  -8.1090176e-01
  -5.7100000e+00  -8.2227389e-01
  -5.7000000e+00  -8.3318152e-01
  -5.6900000e+00  -8.4361934e-01
  -5.6800000e+00  -8.5358235e-01
  -5.6700000e+00  -8.6306583e-01
  -5.6600000e+00  -8.7206534e-01
  -5.6500000e+00  -8.8057675e-01
  -5.6400000e+00  -8.8859620e-01
  -5.6300000e+00  -8.9612013e-01
  -5.6200000e+00  -9.0314529e-01
  -5.6100000e+00  -9.0966869e-01
  -5.6000000e+00  -9.1568766e-01
  -5.5900000e+00  -9.2119982e-01
  -5.5800000e+00  -9.2620307e-01
  -5.5700000e+00  -9.3069561e-01
  -5.5600000e+00  -9.3467592e-01
  -5.5500000e+00  -9.3814280e-01
  -5.5400000e+00  -9.4109532e-01
  -5.5300000e+00  -9.4353282e-01
  -5.5200000e+00  -9.4545497e-01
  -5.5100000e+00  -9.4686170e-01
  -5.5000000e+00  -9.4775321e-01
  -5.4900000e+00  -9.4813003e-01
  -5.4800000e+00  -9.4799292e-01
  -5.4700000e+00  -9.4734296e-01
  -5.4600000e+00  -9.4618147e-01
  -5.4500000e+00  -9.4451008e-01
  -5.4400000e+00  -9.4233067e-01
  -5.4300000e+00  -9.3964539e-01
  -5.4200000e+00  -9.3645666e-01
  -5.4100000e+00  -9.3276718e-01
  -5.4000000e+00  -9.2857988e-01
  -5.3900000e+00  -9.2389797e-01
  -5.3800000e+00  -9.1872490e-01
  -5.3700000e+00  -9.1306440e-01
  -5.3600000e+00  -9.0692041e-01
  -5.3500000e+00  -9.0029713e-01
  -5.3400000e+00  -8.9319900e-01
  -5.3300000e+00  -8.8563071e-01
  -5.3200000e+00  -8.7759716e-01
  -5.3100000e+00  -8.6910349e-01
  -5.3000000e+00  -8.6015506e-01
  -5.2900000e+00  -8.5075745e-01
  -5.2800000e+00  -8.4091646e-01
  -5.2700000e+00  -8.3063811e-01
  -5.2600000e+00  -8.1992859e-01
  -5.2500000e+00  -8.0879434e-01
  -5.2400000e+00  -7.9724197e-01
  -5.2300000e+00  -7.8527827e-01
  -5.2200000e+00  -7.7291026e-01
  -5.2100000e+00  -7.6014511e-01
  -5.2000000e+00  -7.4699016e-01
  -5.1900000e+00  -7.3345296e-01
  -5.1800000e+00  -7.1954120e-01
  -5.1700000e+00  -7.0526273e-01
  -5.1600000e+00  -6.9062558e-01
  -5.1500000e+00  -6.7563791e-01
  -5.1400000e+00  -6.6030804e-01
  -5.1300000e+00  -6.4464443e-01
  -5.1200000e+00  -6.2865568e-01
  -5.1100000e+00  -6.1235049e-01
  -5.1000000e+00  -5.9573774e-01
  -5.0900000e+00  -5.7882638e-01
  -5.0800000e+00  -5.6162551e-01
  -5.0700000e+00  -5.4414431e-01
  -5.0600000e+00  -5.2639209e-01
  -5.0500000e+00  -5.0837824e-01
  -5.0400000e+00  -4.9011226e-01
  -5.0300000e+00  -4.7160371e-01
  -5.0200000e+00  -4.5286225e-01
  -5.0100000e+00  -4.3389762e-01
  -5.0000000e+00  -4.1471962e-01
  -4.9900000e+00  -3.9533812e-01
  -4.9800000e+00  -3.7576305e-01
  -4.9700000e+00  -3.5600438e-01
  -4.9600000e+00  -3.3607215e-01
  -4.9500000e+00  -3.1597644e-01
  -4.9400000e+00  -2.9572734e-01
  -4.9300000e+00  -2.7533501e-01
  -4.9200000e+00  -2.5480962e-01
  -4.9100000e+00  -2.3416135e-01
  -4.9000000e+00  -2.1340040e-01
  -4.8900000e+00  -1.9253700e-01
  -4.8800000e+00  -1.7158137e-01
  -4.8700000e+00  -1.5054373e-01
  -4.8600000e+00  -1.2943430e-01
  -4.8500000e+00  -1.0826327e-01
  -4.8400000e+00  -8.7040857e-02
  -4.8300000e+00  -6.5777213e-02
  -4.8200000e+00  -4.4482490e-02
  -4.8100000e+00  -2.3166801e-02
  -4.8000000e+00  -1.8402271e-03
  -4.7900000e+00   1.9487192e-02
  -4.7800000e+00   4.0805462e-02
  -4.7700000e+00   6.2104637e-02
  -4.7600000e+00   8.3374826e-02
  -4.7500000e+00   1.0460620e-01
  -4.7400000e+00   1.2578898e-01
  -4.7300000e+00   1.4691347e-01
  -4.7200000e+00   1.6797004e-01
  -4.7100000e+00   1.8894914e-01
  -4.7000000e+00   2.0984129e-01
  -4.6900000e+00   2.3063711e-01
  -4.6800000e+00   2.5132729e-01
  -4.6700000e+00   2.7190263e-01
  -4.6600000e+00   2.9235401e-01
  -4.6500000e+00   3.1267243e-01
  -4.6400000e+00   3.3284897e-01
  -4.6300000e+00   3.5287485e-01
  -4.6200000e+00   3.7274136e-01
  -4.6100000e+00   3.9243994e-01
  -4.6000000e+00   4.1196214e-01
  -4.5900000e+00   4.3129961e-01
  -4.5800000e+00   4.5044415e-01
  -4.5700000e+00   4.6938767e-01
  -4.5600000e+00   4.8812223e-01
  -4.5500000e+00   5.0664000e-01
  -4.5400000e+00   5.2493330e-01
  -4.5300000e+00   5.4299459e-01
  -4.5200000e+00   5.6081647e-01
  -4.5100000e+00   5.7839167e-01
  -4.5000000e+00   5.9571310e-01
  -4.4900000e+00   6.1277378e-01
  -4.4800000e+00   6.2956690e-01
  -4.4700000e+00   6.4608582e-01
  -4.4600000e+00   6.6232401e-01
  -4.4500000e+00   6.7827515e-01
  -4.4400000e+00   6.9393304e-01
  -4.4300000e+00   7.0929166e-01
  -4.4200000e+00   7.2434515e-01
  -4.4100000e+00   7.3908781e-01
  -4.4000000e+00   7.5351410e-01
  -4.3900000e+00   7.6761866e-01
  -4.3800000e+00   7.8139629e-01
  -4.3700000e+00   7.9484198e-01
  -4.3600000e+00   8.0795085e-01
  -4.3500000e+00   8.2071822e-01
  -4.3400000e+00   8.3313958e-01
  -4.3300000e+00   8.4521060e-01
  -4.3200000e+00   8.5692710e-01
  -4.3100000e+00   8.6828510e-01
  -4.3000000e+00   8.7928078e-01
  -4.2900000e+00   8.8991049e-01
  -4.2800000e+00   9.0017078e-01
  -4.2700000e+00   9.1005836e-01
  -4.2600000e+00   9.1957012e-01
  -4.2500000e+00   9.2870312e-01
  -4.2400000e+00   9.3745460e-01
  -4.2300000e+00   9.4582199e-01
  -4.2200000e+00   9.5380288e-01
  -4.2100000e+00   9.6139503e-01
  -4.2000000e+00   9.6859641e-01
  -4.1900000e+00   9.7540511e-01
  -4.1800000e+00   9.8181946e-01
  -4.1700000e+00   9.8783791e-01
  -4.1600000e+00   9.9345911e-01
  -4.1500000e+00   9.9868187e-01
  -4.1400000e+00   1.0035052e+00
  -4.1300000e+00   1.0079282e+00
  -4.1200000e+00   1.0119503e+00
  -4.1100000e+00   1.0155710e+00
  -4.1000000e+00   1.0187898e+00
  -4.0900000e+00   1.0216067e+00
  -4.0800000e+00   1.0240217e+00
  -4.0700000e+00   1.0260349e+00
  -4.0600000e+00   1.0276466e+00
  -4.0500000e+00   1.0288574e+00
  -4.0400000e+00   1.0296678e+00
  -4.0300000e+00   1.0300788e+00
  -4.0200000e+00   1.0300912e+00
  -4.0100000e+00   1.0297062e+00
  -4.0000000e+00   1.0289250e+00
  -3.9900000e+00   1.0277491e+00
  -3.9800000e+00   1.0261801e+00
  -3.9700000e+00   1.0242197e+00
  -3.9600000e+00   1.0218696e+00
  -3.9500000e+00   1.0191321e+00
  -3.9400000e+00   1.0160092e+00
  -3.9300000e+00   1.0125032e+00
  -3.9200000e+00   1.0086165e+00
  -3.9100000e+00   1.0043518e+00
  -3.9000000e+00   9.9971162e-01
  -3.8900000e+00   9.9469893e-01
  -3.8800000e+00   9.8931665e-01
  -3.8700000e+00   9.8356787e-01
  -3.8600000e+00   9.7745581e-01
  -3.8500000e+00   9.7098379e-01
  -3.8400000e+00   9.6415527e-01
  -3.8300000e+00   9.5697382e-01
  -3.8200000e+00   9.4944313e-01
  -3.8100000e+00   9.4156699e-01
  -3.8000000e+00   9.3334931e-01
  -3.7900000e+00   9.2479410e-01
  -3.7800000e+00   9.1590547e-01
  -3.7700000e+00   9.0668765e-01
  -3.7600000e+00   8.9714496e-01
  -3.7500000e+00   8.8728180e-01
  -3.7400000e+00   8.7710268e-01
  -3.7300000e+00   8.6661221e-01
  -3.7200000e+00   8.5581506e-01
  -3.7100000e+00   8.4471601e-01
  -3.7000000e+00   8.3331992e-01
  -3.6900000e+00   8.2163171e-01
  -3.6800000e+00   8.0965640e-01
  -3.6700000e+00   7.9739908e-01
  -3.6600000e+00   7.8486490e-01
  -3.6500000e+00   7.7205909e-01
  -3.6400000e+00   7.5898694e-01
  -3.6300000e+00   7.4565382e-01
  -3.6200000e+00   7.3206514e-01
  -3.6100000e+00   7.1822637e-01
  -3.6000000e+00   7.0414305e-01
  -3.5900000e+00   6.8982075e-01
  -3.5800000e+00   6.7526512e-01
  -3.5700000e+00   6.6048184e-01
  -3.5600000e+00   6.4547662e-01
  -3.5500000e+00   6.3025525e-01
  -3.5400000e+00   6.1482351e-01
  -3.5300000e+00   5.9918726e-01
  -3.5200000e+00   5.8335236e-01
  -3.5100000e+00   5.6732474e-01
  -3.5000000e+00   5.5111031e-01
  -3.4900000e+00   5.3471505e-01
  -3.4800000e+00   5.1814493e-01
  -3.4700000e+00   5.0140597e-01
  -3.4600000e+00   4.8450417e-01
  -3.4500000e+00   4.6744558e-01
  -3.4400000e+00   4.5023625e-01
  -3.4300000e+00   4.3288224e-01
  -3.4200000e+00   4.1538961e-01
  -3.4100000e+00   3.9776445e-01
  -3.4000000e+00   3.8001282e-01
  -3.3900000e+00   3.6214080e-01
  -3.3800000e+00   3.4415446e-01
  -3.3700000e+00   3.2605989e-01
  -3.3600000e+00   3.0786313e-01
  -3.3500000e+00   2.8957024e-01
  -3.3400000e+00   2.7118727e-01
  -3.3300000e+00   2.5272025e-01
  -3.3200000e+00   2.3417519e-01
  -3.3100000e+00   2.1555808e-01
  -3.3000000e+00   1.9687490e-01
  -3.2900000e+00   1.7813161e-01
  -3.2800000e+00   1.5933413e-01
  -3.2700000e+00   1.4048837e-01
  -3.2600000e+00   1.2160020e-01
  -3.2500000e+00   1.0267546e-01
  -3.2400000e+00   8.3719971e-02
  -3.2300000e+00   6.4739503e-02
  -3.2200000e+00   4.5739799e-02
  -3.2100000e+00   2.6726563e-02
  -3.2000000e+00   7.7054569e-03
  -3.1900000e+00  -1.1317896e-02
  -3.1800000e+00  -3.0337919e-02
  -3.1700000e+00  -4.9349077e-02
  -3.1600000e+00  -6.8345884e-02
  -3.1500000e+00  -8.7322902e-02
  -3.1400000e+00  -1.0627474e-01
  -3.1300000e+00  -1.2519607e-01
  -3.1200000e+00  -1.4408159e-01
  -3.1100000e+00  -1.6292609e-01
  -3.1000000e+00  -1.8172438e-01
  -3.0900000e+00  -2.0047136e-01
  -3.0800000e+00  -2.1916195e-01
  -3.0700000e+00  -2.3779117e-01
  -3.0600000e+00  -2.5635407e-01
  -3.0500000e+00  -2.7484579e-01
  -3.0400000e+00  -2.9326151e-01
  -3.0300000e+00  -3.1159647e-01
  -3.0200000e+00  -3.2984601e-01
  -3.0100000e+00  -3.4800551e-01
  -3.0000000e+00  -3.6607042e-01
  -2.9900000e+00  -3.8403626e-01
  -2.9800000e+00  -4.0189863e-01
  -2.9700000e+00  -4.1965319e-01
  -2.9600000e+00  -4.3729568e-01
  -2.9500000e+00  -4.5482189e-01
  -2.9400000e+00  -4.7222772e-01
  -2.9300000e+00  -4.8950911e-01
  -2.9200000e+00  -5.0666210e-01
  -2.9100000e+00  -5.2368278e-01
  -2.9000000e+00  -5.4056735e-01
  -2.8900000e+00  -5.5731205e-01
  -2.8800000e+00  -5.7391323e-01
  -2.8700000e+00  -5.9036728e-01
  -2.8600000e+00  -6.0667071e-01
  -2.8500000e+00  -6.2282007e-01
  -2.8400000e+00  -6.3881203e-01
  -2.8300000e+00  -6.5464330e-01
  -2.8200000e+00  -6.7031068e-01
  -2.8100000e+00  -6.8581108e-01
  -2.8000000e+00  -7.0114144e-01
  -2.7900000e+00  -7.1629883e-01
  -2.7800000e+00  -7.3128037e-01
  -2.7700000e+00  -7.4608326e-01
  -2.7600000e+00  -7.6070480e-01
  -2.7500000e+00  -7.7514236e-01
  -2.7400000e+00  -7.8939338e-01
  -2.7300000e+00  -8.0345541e-01
  -2.7200000e+00  -8.1732605e-01
  -2.7100000e+00  -8.3100300e-01
  -2.7000000e+00  -8.4448404e-01
  -2.6900000e+00  -8.5776703e-01
  -2.6800000e+00  -8.7084989e-01
  -2.6700000e+00  -8.8373066e-01
  -2.6600000e+00  -8.9640743e-01
  -2.6500000e+00  -9.0887837e-01
  -2.6400000e+00  -9.2114176e-01
  -2.6300000e+00  -9.3319592e-01
  -2.6200000e+00  -9.4503928e-01
  -2.6100000e+00  -9.5667033e-01
  -2.6000000e+00  -9.6808766e-01
  -2.5900000e+00  -9.7928990e-01
  -2.5800000e+00  -9.9027580e-01
  -2.5700000e+00  -1.0010442e+00
  -2.5600000e+00  -1.0115939e+00
  -2.5500000e+00  -1.0219239e+00
  -2.5400000e+00  -1.0320333e+00
  -2.5300000e+00  -1.0419212e+00
  -2.5200000e+00  -1.0515867e+00
  -2.5100000e+00  -1.0610292e+00
  -2.5000000e+00  -1.0702479e+00
  -2.4900000e+00  -1.0792423e+00
  -2.4800000e+00  -1.0880118e+00
  -2.4700000e+00  -1.0965561e+00
  -2.4600000e+00  -1.1048747e+00
  -2.4500000e+00  -1.1129674e+00
  -2.4400000e+00  -1.1208338e+00
  -2.4300000e+00  -1.1284739e+00
  -2.4200000e+00  -1.1358876e+00
  -2.4100000e+00  -1.1430747e+00
  -2.4000000e+00  -1.1500355e+00
  -2.3900000e+00  -1.1567699e+00
  -2.3800000e+00  -1.1632781e+00
  -2.3700000e+00  -1.1695604e+00
  -2.3600000e+00  -1.1756171e+00
  -2.3500000e+00  -1.1814485e+00
  -2.3400000e+00  -1.1870550e+00
  -2.3300000e+00  -1.1924372e+00
  -2.3200000e+00  -1.1975956e+00
  -2.3100000e+00  -1.2025307e+00
  -2.3000000e+00  -1.2072433e+00
  -2.2900000e+00  -1.2117341e+00
  -2.2800000e+00  -1.2160037e+00
  -2.2700000e+00  -1.2200532e+00
  -2.2600000e+00  -1.2238833e+00
  -2.2500000e+00  -1.2274950e+00
  -2.2400000e+00  -1.2308893e+00
  -2.2300000e+00  -1.2340672e+00
  -2.2200000e+00  -1.2370299e+00
  -2.2100000e+00  -1.2397784e+00
  -2.2000000e+00  -1.2423139e+00
  -2.1900000e+00  -1.2446378e+00
  -2.1800000e+00  -1.2467512e+00
  -2.1700000e+00  -1.2486556e+00
  -2.1600000e+00  -1.2503522e+00
  -2.1500000e+00  -1.2518426e+00
  -2.1400000e+00  -1.2531281e+00
  -2.1300000e+00  -1.2542104e+00
  -2.1200000e+00  -1.2550908e+00
  -2.1100000e+00  -1.2557711e+00
  -2.1000000e+00  -1.2562529e+00
  -2.0900000e+00  -1.2565377e+00
  -2.0800000e+00  -1.2566274e+00
  -2.0700000e+00  -1.2565236e+00
  -2.0600000e+00  -1.2562281e+00
  -2.0500000e+00  -1.2557427e+00
  -2.0400000e+00  -1.2550693e+00
  -2.0300000e+00  -1.2542097e+00
  -2.0200000e+00  -1.2531659e+00
  -2.0100000e+00  -1.2519396e+00
  -2.0000000e+00  -1.2505330e+00
  -1.9900000e+00  -1.2489480e+00
  -1.9800000e+00  -1.2471867e+00
  -1.9700000e+00  -1.2452509e+00
  -1.9600000e+00  -1.2431429e+00
  -1.9500000e+00  -1.2408647e+00
  -1.9400000e+00  -1.2384183e+00
  -1.9300000e+00  -1.2358060e+00
  -1.9200000e+00  -1.2330300e+00
  -1.9100000e+00  -1.2300922e+00
  -1.9000000e+00  -1.2269950e+00
  -1.8900000e+00  -1.2237406e+00
  -1.8800000e+00  -1.2203312e+00
  -1.8700000e+00  -1.2167690e+00
  -1.8600000e+00  -1.2130564e+00
  -1.8500000e+00  -1.2091954e+00
  -1.8400000e+00  -1.2051886e+00
  -1.8300000e+00  -1.2010380e+00
  -1.8200000e+00  -1.1967462e+00
  -1.8100000e+00  -1.1923153e+00
  -1.8000000e+00  -1.1877478e+00
  -1.7900000e+00  -1.1830459e+00
  -1.7800000e+00  -1.1782120e+00
  -1.7700000e+00  -1.1732484e+00
  -1.7600000e+00  -1.1681576e+00
  -1.7500000e+00  -1.1629419e+00
  -1.7400000e+00  -1.1576036e+00
  -1.7300000e+00  -1.1521452e+00
  -1.7200000e+00  -1.1465690e+00
  -1.7100000e+00  -1.1408774e+00
  -1.7000000e+00  -1.1350728e+00
  -1.6900000e+00  -1.1291576e+00
  -1.6800000e+00  -1.1231342e+00
  -1.6700000e+00  -1.1170049e+00
  -1.6600000e+00  -1.1107721e+00
  -1.6500000e+00  -1.1044383e+00
  -1.6400000e+00  -1.0980058e+00
  -1.6300000e+00  -1.0914769e+00
  -1.6200000e+00  -1.0848541e+00
  -1.6100000e+00  -1.0781398e+00
  -1.6000000e+00  -1.0713362e+00
  -1.5900000e+00  -1.0644457e+00
  -1.5800000e+00  -1.0574708e+00
  -1.5700000e+00  -1.0504136e+00
  -1.5600000e+00  -1.0432767e+00
  -1.5500000e+00  -1.0360622e+00
  -1.5400000e+00  -1.0287726e+00
  -1.5300000e+00  -1.0214101e+00
  -1.5200000e+00  -1.0139770e+00
  -1.5100000e+00  -1.0064757e+00
  -1.5000000e+00  -9.9890830e-01
  -1.4900000e+00  -9.9127718e-01
  -1.4800000e+00  -9.8358457e-01
  -1.4700000e+00  -9.7583270e-01
  -1.4600000e+00  -9.6802381e-01
  -1.4500000e+00  -9.6016010e-01
  -1.4400000e+00  -9.5224378e-01
  -1.4300000e+00  -9.4427702e-01
  -1.4200000e+00  -9.3626199e-01
  -1.4100000e+00  -9.2820086e-01
  -1.4000000e+00  -9.2009575e-01
  -1.3900000e+00  -9.1194878e-01
  -1.3800000e+00  -9.0376206e-01
  -1.3700000e+00  -8.9553767e-01
  -1.3600000e+00  -8.8727768e-01
  -1.3500000e+00  -8.7898414e-01
  -1.3400000e+00  -8.7065909e-01
  -1.3300000e+00  -8.6230454e-01
  -1.3200000e+00  -8.5392247e-01
  -1.3100000e+00  -8.4551488e-01
  -1.3000000e+00  -8.3708370e-01
  -1.2900000e+00  -8.2863088e-01
  -1.2800000e+00  -8.2015833e-01
  -1.2700000e+00  -8.1166795e-01
  -1.2600000e+00  -8.0316161e-01
  -1.2500000e+00  -7.9464116e-01
  -1.2400000e+00  -7.8610844e-01
  -1.2300000e+00  -7.7756526e-01
  -1.2200000e+00  -7.6901339e-01
  -1.2100000e+00  -7.6045462e-01
  -1.2000000e+00  -7.5189068e-01
  -1.1900000e+00  -7.4332330e-01
  -1.1800000e+00  -7.3475418e-01
  -1.1700000e+00  -7.2618499e-01
  -1.1600000e+00  -7.1761738e-01
  -1.1500000e+00  -7.0905300e-01
  -1.1400000e+00  -7.0049344e-01
  -1.1300000e+00  -6.9194030e-01
  -1.1200000e+00  -6.8339512e-01
  -1.1100000e+00  -6.7485947e-01
  -1.1000000e+00  -6.6633483e-01
  -1.0900000e+00  -6.5782272e-01
  -1.0800000e+00  -6.4932459e-01
  -1.0700000e+00  -6.4084189e-01
  -1.0600000e+00  -6.3237603e-01
  -1.0500000e+00  -6.2392842e-01
  -1.0400000e+00  -6.1550043e-01
  -1.0300000e+00  -6.0709340e-01
  -1.0200000e+00  -5.9870866e-01
  -1.0100000e+00  -5.9034750e-01
  -1.0000000e+00  -5.8201121e-01
  -9.9000000e-01  -5.7370103e-01
  -9.8000000e-01  -5.6541819e-01
  -9.7000000e-01  -5.5716390e-01
  -9.6000000e-01  -5.4893933e-01
  -9.5000000e-01  -5.4074565e-01
  -9.4000000e-01  -5.3258398e-01
  -9.3000000e-01  -5.2445542e-01
  -9.2000000e-01  -5.1636107e-01
  -9.1000000e-01  -5.0830198e-01
  -9.0000000e-01  -5.0027920e-01
  -8.9000000e-01  -4.9229372e-01
  -8.8000000e-01  -4.8434654e-01
  -8.7000000e-01  -4.7643863e-01
  -8.6000000e-01  -4.6857092e-01
  -8.5000000e-01  -4.6074434e-01
  -8.4000000e-01  -4.5295978e-01
  -8.3000000e-01  -4.4521811e-01
  -8.2000000e-01  -4.3752018e-01
  -8.1000000e-01  -4.2986681e-01
  -8.0000000e-01  -4.2225881e-01
  -7.9000000e-01  -4.1469696e-01
  -7.8000000e-01  -4.0718201e-01
  -7.7000000e-01  -3.9971470e-01
  -7.6000000e-01  -3.9229575e-01
  -7.5000000e-01  -3.8492583e-01
  -7.4000000e-01  -3.7760563e-01
  -7.3000000e-01  -3.7033578e-01
  -7.2000000e-01  -3.6311691e-01
  -7.1000000e-01  -3.5594962e-01
  -7.0000000e-01  -3.4883450e-01
  -6.9000000e-01  -3.4177210e-01
  -6.8000000e-01  -3.3476295e-01
  -6.7000000e-01  -3.2780759e-01
  -6.6000000e-01  -3.2090651e-01
  -6.5000000e-01  -3.1406017e-01
  -6.4000000e-01  -3.0726904e-01
  -6.3000000e-01  -3.0053355e-01
  -6.2000000e-01  -2.9385412e-01
  -6.1000000e-01  -2.8723114e-01
  -6.0000000e-01  -2.8066498e-01
  -5.9000000e-01  -2.7415600e-01
  -5.8000000e-01  -2.6770455e-01
  -5.7000000e-01  -2.6131092e-01
  -5.6000000e-01  -2.5497542e-01
  -5.5000000e-01  -2.4869834e-01
  -5.4000000e-01  -2.4247992e-01
  -5.3000000e-01  -2.3632041e-01
  -5.2000000e-01  -2.3022003e-01
  -5.1000000e-01  -2.2417899e-01
  -5.0000000e-01  -2.1819747e-01
  -4.9000000e-01  -2.1227565e-01
  -4.8000000e-01  -2.0641366e-01
  -4.7000000e-01  -2.0061164e-01
  -4.6000000e-01  -1.9486972e-01
  -4.5000000e-01  -1.8918798e-01
  -4.4000000e-01  -1.8356651e-01
  -4.3000000e-01  -1.7800537e-01
  -4.2000000e-01  -1.7250461e-01
  -4.1000000e-01  -1.6706425e-01
  -4.0000000e-01  -1.6168431e-01
  -3.9000000e-01  -1.5636479e-01
  -3.8000000e-01  -1.5110567e-01
  -3.7000000e-01  -1.4590691e-01
  -3.6000000e-01  -1.4076845e-01
  -3.5000000e-01  -1.3569022e-01
  -3.4000000e-01  -1.3067215e-01
  -3.3000000e-01  -1.2571411e-01
  -3.2000000e-01  -1.2081601e-01
  -3.1000000e-01  -1.1597769e-01
  -3.0000000e-01  -1.1119900e-01
  -2.9000000e-01  -1.0647977e-01
  -2.8000000e-01  -1.0181981e-01
  -2.7000000e-01  -9.7218918e-02
  -2.6000000e-01  -9.2676860e-02
  -2.5000000e-01  -8.8193392e-02
  -2.4000000e-01  -8.3768248e-02
  -2.3000000e-01  -7.9401139e-02
  -2.2000000e-01  -7.5091758e-02
  -2.1000000e-01  -7.0839769e-02
  -2.0000000e-01  -6.6644813e-02
  -1.9000000e-01  -6.2506504e-02
  -1.8000000e-01  -5.8424422e-02
  -1.7000000e-01  -5.4398117e-02
  -1.6000000e-01  -5.0427097e-02
  -1.5000000e-01  -4.6510828e-02
  -1.4000000e-01  -4.2648725e-02
  -1.3000000e-01  -3.8840141e-02
  -1.2000000e-01  -3.5084358e-02
  -1.1000000e-01  -3.1380568e-02
  -1.0000000e-01  -2.7727854e-02
  -9.0000000e-02  -2.4125153e-02
  -8.0000000e-02  -2.0571216e-02
  -7.0000000e-02  -1.7064536e-02
  -6.0000000e-02  -1.3603244e-02
  -5.0000000e-02  -1.0184932e-02
  -4.0000000e-02  -6.8063584e-03
  -3.0000000e-02  -3.4628811e-03
  -2.0000000e-02  -1.4737448e-04
  -1.0000000e-02   3.1515709e-03
   0.0000000e+00   6.4443629e-03
   1.0000000e-02   9.6932875e-03
   2.0000000e-02   1.2848634e-02
   3.0000000e-02   1.5910493e-02
   4.0000000e-02   1.8887351e-02
   5.0000000e-02   2.1785649e-02
   6.0000000e-02   2.4610023e-02
   7.0000000e-02   2.7363956e-02
   8.0000000e-02   3.0050184e-02
   9.0000000e-02   3.2670948e-02
   1.0000000e-01   3.5228137e-02
   1.1000000e-01   3.7723387e-02
   1.2000000e-01   4.0158148e-02
   1.3000000e-01   4.2533724e-02
   1.4000000e-01   4.4851305e-02
   1.5000000e-01   4.7111994e-02
   1.6000000e-01   4.9316818e-02
   1.7000000e-01   5.1466747e-02
   1.8000000e-01   5.3562700e-02
   1.9000000e-01   5.5605553e-02
   2.0000000e-01   5.7596149e-02
   2.1000000e-01   5.9535299e-02
   2.2000000e-01   6.1423787e-02
   2.3000000e-01   6.3262376e-02
   2.4000000e-01   6.5051807e-02
   2.5000000e-01   6.6792803e-02
   2.6000000e-01   6.8486074e-02
   2.7000000e-01   7.0132311e-02
   2.8000000e-01   7.1732197e-02
   2.9000000e-01   7.3286400e-02
   3.0000000e-01   7.4795578e-02
   3.1000000e-01   7.6260381e-02
   3.2000000e-01   7.7681447e-02
   3.3000000e-01   7.9059408e-02
   3.4000000e-01   8.0394887e-02
   3.5000000e-01   8.1688499e-02
   3.6000000e-01   8.2940855e-02
   3.7000000e-01   8.4152557e-02
   3.8000000e-01   8.5324200e-02
   3.9000000e-01   8.6456376e-02
   4.0000000e-01   8.7549668e-02
   4.1000000e-01   8.8604657e-02
   4.2000000e-01   8.9621915e-02
   4.3000000e-01   9.0602012e-02
   4.4000000e-01   9.1545511e-02
   4.5000000e-01   9.2452971e-02
   4.6000000e-01   9.3324947e-02
   4.7000000e-01   9.4161987e-02
   4.8000000e-01   9.4964637e-02
   4.9000000e-01   9.5733438e-02
   5.0000000e-01   9.6468924e-02
   5.1000000e-01   9.7171628e-02
   5.2000000e-01   9.7842076e-02
   5.3000000e-01   9.8480793e-02
   5.4000000e-01   9.9088295e-02
   5.5000000e-01   9.9665098e-02
   5.6000000e-01   1.0021171e-01
   5.7000000e-01   1.0072864e-01
   5.8000000e-01   1.0121639e-01
   5.9000000e-01   1.0167545e-01
   6.0000000e-01   1.0210633e-01
   6.1000000e-01   1.0250950e-01
   6.2000000e-01   1.0288545e-01
   6.3000000e-01   1.0323467e-01
   6.4000000e-01   1.0355763e-01
   6.5000000e-01   1.0385480e-01
   6.6000000e-01   1.0412665e-01
   6.7000000e-01   1.0437365e-01
   6.8000000e-01   1.0459626e-01
   6.9000000e-01   1.0479492e-01
   7.0000000e-01   1.0497009e-01
   7.1000000e-01   1.0512223e-01
   7.2000000e-01   1.0525177e-01
   7.3000000e-01   1.0535915e-01
   7.4000000e-01   1.0544480e-01
   7.5000000e-01   1.0550917e-01
   7.6000000e-01   1.0555266e-01
   7.7000000e-01   1.0557571e-01
   7.8000000e-01   1.0557873e-01
   7.9000000e-01   1.0556214e-01
   8.0000000e-01   1.0552634e-01
   8.1000000e-01   1.0547175e-01
   8.2000000e-01   1.0539875e-01
   8.3000000e-01   1.0530775e-01
   8.4000000e-01   1.0519914e-01
   8.5000000e-01   1.0507331e-01
   8.6000000e-01   1.0493065e-01
   8.7000000e-01   1.0477152e-01
   8.8000000e-01   1.0459631e-01
   8.9000000e-01   1.0440539e-01
   9.0000000e-01   1.0419912e-01
   9.1000000e-01   1.0397786e-01
   9.2000000e-01   1.0374199e-01
   9.3000000e-01   1.0349184e-01
   9.4000000e-01   1.0322777e-01
   9.5000000e-01   1.0295013e-01
   9.6000000e-01   1.0265925e-01
   9.7000000e-01   1.0235547e-01
   9.8000000e-01   1.0203914e-01
   9.9000000e-01   1.0171056e-01
   1.0000000e+00   1.0137008e-01
   1.0100000e+00   1.0101801e-01
   1.0200000e+00   1.0065466e-01
   1.0300000e+00   1.0028036e-01
   1.0400000e+00   9.9895395e-02
   1.0500000e+00   9.9500086e-02
   1.0600000e+00   9.9094727e-02
   1.0700000e+00   9.8679615e-02
   1.0800000e+00   9.8255041e-02
   1.0900000e+00   9.7821292e-02
   1.1000000e+00   9.7378653e-02
   1.1100000e+00   9.6927403e-02
   1.1200000e+00   9.6467817e-02
   1.1300000e+00   9.6000166e-02
   1.1400000e+00   9.5524720e-02
   1.1500000e+00   9.5041740e-02
   1.1600000e+00   9.4551488e-02
   1.1700000e+00   9.4054218e-02
   1.1800000e+00   9.3550182e-02
   1.1900000e+00   9.3039629e-02
   1.2000000e+00   9.2522803e-02
   1.2100000e+00   9.1999944e-02
   1.2200000e+00   9.1471289e-02
   1.2300000e+00   9.0937070e-02
   1.2400000e+00   9.0397517e-02
   1.2500000e+00   8.9852855e-02
   1.2600000e+00   8.9303306e-02
   1.2700000e+00   8.8749087e-02
   1.2800000e+00   8.8190413e-02
   1.2900000e+00   8.7627495e-02
   1.3000000e+00   8.7060539e-02
   1.3100000e+00   8.6489750e-02
   1.3200000e+00   8.5915327e-02
   1.3300000e+00   8.5337466e-02
   1.3400000e+00   8.4756362e-02
   1.3500000e+00   8.4172202e-02
   1.3600000e+00   8.3585174e-02
   1.3700000e+00   8.2995460e-02
   1.3800000e+00   8.2403239e-02
   1.3900000e+00   8.1808688e-02
   1.4000000e+00   8.1211978e-02
   1.4100000e+00   8.0613281e-02
   1.4200000e+00   8.0012761e-02
   1.4300000e+00   7.9410581e-02
   1.4400000e+00   7.8806902e-02
   1.4500000e+00   7.8201879e-02
   1.4600000e+00   7.7595667e-02
   1.4700000e+00   7.6988416e-02
   1.4800000e+00   7.6380273e-02
   1.4900000e+00   7.5771381e-02
   1.5000000e+00   7.5161884e-02
   1.5100000e+00   7.4551918e-02
   1.5200000e+00   7.3941619e-02
   1.5300000e+00   7.3331119e-02
   1.5400000e+00   7.2720549e-02
   1.5500000e+00   7.2110034e-02
   1.5600000e+00   7.1499699e-02
   1.5700000e+00   7.0889664e-02
   1.5800000e+00   7.0280049e-02
   1.5900000e+00   6.9670968e-02
   1.6000000e+00   6.9062534e-02
   1.6100000e+00   6.8454859e-02
   1.6200000e+00   6.7848048e-02
   1.6300000e+00   6.7242209e-02
   1.6400000e+00   6.6637442e-02
   1.6500000e+00   6.6033848e-02
   1.6600000e+00   6.5431525e-02
   1.6700000e+00   6.4830567e-02
   1.6800000e+00   6.4231067e-02
   1.6900000e+00   6.3633115e-02
   1.7000000e+00   6.3036800e-02
   1.7100000e+00   6.2442205e-02
   1.7200000e+00   6.1849416e-02
   1.7300000e+00   6.1258511e-02
   1.7400000e+00   6.0669571e-02
   1.7500000e+00   6.0082672e-02
   1.7600000e+00   5.9497887e-02
   1.7700000e+00   5.8915289e-02
   1.7800000e+00   5.8334948e-02
   1.7900000e+00   5.7756931e-02
   1.8000000e+00   5.7181305e-02
   1.8100000e+00   5.6608134e-02
   1.8200000e+00   5.6037478e-02
   1.8300000e+00   5.5469399e-02
   1.8400000e+00   5.4903953e-02
   1.8500000e+00   5.4341197e-02
   1.8600000e+00   5.3781185e-02
   1.8700000e+00   5.3223970e-02
   1.8800000e+00   5.2669600e-02
   1.8900000e+00   5.2118126e-02
   1.9000000e+00   5.1569594e-02
   1.9100000e+00   5.1024050e-02
   1.9200000e+00   5.0481535e-02
   1.9300000e+00   4.9942094e-02
   1.9400000e+00   4.9405765e-02
   1.9500000e+00   4.8872587e-02
   1.9600000e+00   4.8342596e-02
   1.9700000e+00   4.7815830e-02
   1.9800000e+00   4.7292320e-02
   1.9900000e+00   4.6772099e-02
   2.0000000e+00   4.6255199e-02
   2.0100000e+00   4.5741648e-02
   2.0200000e+00   4.5231475e-02
   2.0300000e+00   4.4724705e-02
   2.0400000e+00   4.4221365e-02
   2.0500000e+00   4.3721477e-02
   2.0600000e+00   4.3225064e-02
   2.0700000e+00   4.2732148e-02
   2.0800000e+00   4.2242748e-02
   2.0900000e+00   4.1756884e-02
   2.1000000e+00   4.1274571e-02
   2.1100000e+00   4.0795827e-02
   2.1200000e+00   4.0320666e-02
   2.1300000e+00   3.9849102e-02
   2.1400000e+00   3.9381149e-02
   2.1500000e+00   3.8916817e-02
   2.1600000e+00   3.8456118e-02
   2.1700000e+00   3.7999060e-02
   2.1800000e+00   3.7545652e-02
   2.1900000e+00   3.7095901e-02
   2.2000000e+00   3.6649814e-02
   2.2100000e+00   3.6207397e-02
   2.2200000e+00   3.5768653e-02
   2.2300000e+00   3.5333586e-02
   2.2400000e+00   3.4902200e-02
   2.2500000e+00   3.4474495e-02
   2.2600000e+00   3.4050472e-02
   2.2700000e+00   3.3630132e-02
   2.2800000e+00   3.3213474e-02
   2.2900000e+00   3.2800496e-02
   2.3000000e+00   3.2391196e-02
   2.3100000e+00   3.1985570e-02
   2.3200000e+00   3.1583615e-02
   2.3300000e+00   3.1185326e-02
   2.3400000e+00   3.0790697e-02
   2.3500000e+00   3.0399723e-02
   2.3600000e+00   3.0012397e-02
   2.3700000e+00   2.9628712e-02
   2.3800000e+00   2.9248658e-02
   2.3900000e+00   2.8872229e-02
   2.4000000e+00   2.8499413e-02
   2.4100000e+00   2.8130203e-02
   2.4200000e+00   2.7764586e-02
   2.4300000e+00   2.7402553e-02
   2.4400000e+00   2.7044091e-02
   2.4500000e+00   2.6689188e-02
   2.4600000e+00   2.6337833e-02
   2.4700000e+00   2.5990011e-02
   2.4800000e+00   2.5645710e-02
   2.4900000e+00   2.5304915e-02
   2.5000000e+00   2.4967612e-02
   2.5100000e+00   2.4633786e-02
   2.5200000e+00   2.4303421e-02
   2.5300000e+00   2.3976502e-02
   2.5400000e+00   2.3653013e-02
   2.5500000e+00   2.3332937e-02
   2.5600000e+00   2.3016257e-02
   2.5700000e+00   2.2702957e-02
   2.5800000e+00   2.2393018e-02
   2.5900000e+00   2.2086422e-02
   2.6000000e+00   2.1783152e-02
   2.6100000e+00   2.1483189e-02
   2.6200000e+00   2.1186514e-02
   2.6300000e+00   2.0893108e-02
   2.6400000e+00   2.0602951e-02
   2.6500000e+00   2.0316024e-02
   2.6600000e+00   2.0032308e-02
   2.6700000e+00   1.9751781e-02
   2.6800000e+00   1.9474424e-02
   2.6900000e+00   1.9200216e-02
   2.7000000e+00   1.8929136e-02
   2.7100000e+00   1.8661164e-02
   2.7200000e+00   1.8396278e-02
   2.7300000e+00   1.8134456e-02
   2.7400000e+00   1.7875678e-02
   2.7500000e+00   1.7619922e-02
   2.7600000e+00   1.7367166e-02
   2.7700000e+00   1.7117388e-02
   2.7800000e+00   1.6870567e-02
   2.7900000e+00   1.6626679e-02
   2.8000000e+00   1.6385702e-02
   2.8100000e+00   1.6147615e-02
   2.8200000e+00   1.5912395e-02
   2.8300000e+00   1.5680019e-02
   2.8400000e+00   1.5450464e-02
   2.8500000e+00   1.5223708e-02
   2.8600000e+00   1.4999728e-02
   2.8700000e+00   1.4778502e-02
   2.8800000e+00   1.4560006e-02
   2.8900000e+00   1.4344217e-02
   2.9000000e+00   1.4131112e-02
   2.9100000e+00   1.3920669e-02
   2.9200000e+00   1.3712864e-02
   2.9300000e+00   1.3507674e-02
   2.9400000e+00   1.3305077e-02
   2.9500000e+00   1.3105048e-02
   2.9600000e+00   1.2907566e-02
   2.9700000e+00   1.2712607e-02
   2.9800000e+00   1.2520148e-02
   2.9900000e+00   1.2330166e-02
   3.0000000e+00   1.2142637e-02
   3.0100000e+00   1.1957540e-02
   3.0200000e+00   1.1774850e-02
   3.0300000e+00   1.1594545e-02
   3.0400000e+00   1.1416603e-02
   3.0500000e+00   1.1241000e-02
   3.0600000e+00   1.1067713e-02
   3.0700000e+00   1.0896720e-02
   3.0800000e+00   1.0727998e-02
   3.0900000e+00   1.0561525e-02
   3.1000000e+00   1.0397278e-02
   3.1100000e+00   1.0235234e-02
   3.1200000e+00   1.0075371e-02
   3.1300000e+00   9.9176668e-03
   3.1400000e+00   9.7620991e-03
   3.1500000e+00   9.6086458e-03
   3.1600000e+00   9.4572847e-03
   3.1700000e+00   9.3079938e-03
   3.1800000e+00   9.1607513e-03
   3.1900000e+00   9.0155354e-03
   3.2000000e+00   8.8723244e-03
   3.2100000e+00   8.7310967e-03
   3.2200000e+00   8.5918307e-03
   3.2300000e+00   8.4545053e-03
   3.2400000e+00   8.3190989e-03
   3.2500000e+00   8.1855906e-03
   3.2600000e+00   8.0539593e-03
   3.2700000e+00   7.9241840e-03
   3.2800000e+00   7.7962440e-03
   3.2900000e+00   7.6701185e-03
   3.3000000e+00   7.5457870e-03
   3.3100000e+00   7.4232291e-03
   3.3200000e+00   7.3024244e-03
   3.3300000e+00   7.1833528e-03
   3.3400000e+00   7.0659942e-03
   3.3500000e+00   6.9503288e-03
   3.3600000e+00   6.8363366e-03
   3.3700000e+00   6.7239982e-03
   3.3800000e+00   6.6132938e-03
   3.3900000e+00   6.5042043e-03
   3.4000000e+00   6.3967103e-03
   3.4100000e+00   6.2907927e-03
   3.4200000e+00   6.1864327e-03
   3.4300000e+00   6.0836112e-03
   3.4400000e+00   5.9823098e-03
   3.4500000e+00   5.8825097e-03
   3.4600000e+00   5.7841928e-03
   3.4700000e+00   5.6873406e-03
   3.4800000e+00   5.5919352e-03
   3.4900000e+00   5.4979585e-03
   3.5000000e+00   5.4053928e-03
   3.5100000e+00   5.3142203e-03
   3.5200000e+00   5.2244236e-03
   3.5300000e+00   5.1359853e-03
   3.5400000e+00   5.0488883e-03
   3.5500000e+00   4.9631153e-03
   3.5600000e+00   4.8786496e-03
   3.5700000e+00   4.7954742e-03
   3.5800000e+00   4.7135728e-03
   3.5900000e+00   4.6329286e-03
   3.6000000e+00   4.5535255e-03
   3.6100000e+00   4.4753472e-03
   3.6200000e+00   4.3983778e-03
   3.6300000e+00   4.3226013e-03
   3.6400000e+00   4.2480020e-03
   3.6500000e+00   4.1745644e-03
   3.6600000e+00   4.1022731e-03
   3.6700000e+00   4.0311127e-03
   3.6800000e+00   3.9610681e-03
   3.6900000e+00   3.8921245e-03
   3.7000000e+00   3.8242668e-03
   3.7100000e+00   3.7574805e-03
   3.7200000e+00   3.6917510e-03
   3.7300000e+00   3.6270639e-03
   3.7400000e+00   3.5634050e-03
   3.7500000e+00   3.5007603e-03
   3.7600000e+00   3.4391157e-03
   3.7700000e+00   3.3784574e-03
   3.7800000e+00   3.3187718e-03
   3.7900000e+00   3.2600454e-03
   3.8000000e+00   3.2022649e-03
   3.8100000e+00   3.1454169e-03
   3.8200000e+00   3.0894885e-03
   3.8300000e+00   3.0344666e-03
   3.8400000e+00   2.9803385e-03
   3.8500000e+00   2.9270915e-03
   3.8600000e+00   2.8747132e-03
   3.8700000e+00   2.8231910e-03
   3.8800000e+00   2.7725129e-03
   3.8900000e+00   2.7226667e-03
   3.9000000e+00   2.6736404e-03
   3.9100000e+00   2.6254222e-03
   3.9200000e+00   2.5780004e-03
   3.9300000e+00   2.5313635e-03
   3.9400000e+00   2.4855001e-03
   3.9500000e+00   2.4403988e-03
   3.9600000e+00   2.3960485e-03
   3.9700000e+00   2.3524382e-03
   3.9800000e+00   2.3095570e-03
   3.9900000e+00   2.2673941e-03
   4.0000000e+00   2.2259389e-03
   4.0100000e+00   2.1851808e-03
   4.0200000e+00   2.1451096e-03
   4.0300000e+00   2.1057150e-03
   4.0400000e+00   2.0669868e-03
   4.0500000e+00   2.0289150e-03
   4.0600000e+00   1.9914898e-03
   4.0700000e+00   1.9547014e-03
   4.0800000e+00   1.9185401e-03
   4.0900000e+00   1.8829966e-03
   4.1000000e+00   1.8480612e-03
   4.1100000e+00   1.8137249e-03
   4.1200000e+00   1.7799784e-03
   4.1300000e+00   1.7468126e-03
   4.1400000e+00   1.7142188e-03
   4.1500000e+00   1.6821880e-03
   4.1600000e+00   1.6507115e-03
   4.1700000e+00   1.6197809e-03
   4.1800000e+00   1.5893876e-03
   4.1900000e+00   1.5595232e-03
   4.2000000e+00   1.5301795e-03
   4.2100000e+00   1.5013484e-03
   4.2200000e+00   1.4730218e-03
   4.2300000e+00   1.4451918e-03
   4.2400000e+00   1.4178506e-03
   4.2500000e+00   1.3909905e-03
   4.2600000e+00   1.3646039e-03
   4.2700000e+00   1.3386832e-03
   4.2800000e+00   1.3132211e-03
   4.2900000e+00   1.2882102e-03
   4.3000000e+00   1.2636433e-03
   4.3100000e+00   1.2395134e-03
   4.3200000e+00   1.2158134e-03
   4.3300000e+00   1.1925365e-03
   4.3400000e+00   1.1696757e-03
   4.3500000e+00   1.1472244e-03
   4.3600000e+00   1.1251760e-03
   4.3700000e+00   1.1035240e-03
   4.3800000e+00   1.0822618e-03
   4.3900000e+00   1.0613831e-03
   4.4000000e+00   1.0408818e-03
   4.4100000e+00   1.0207515e-03
   4.4200000e+00   1.0009863e-03
   4.4300000e+00   9.8158010e-04
   4.4400000e+00   9.6252705e-04
   4.4500000e+00   9.4382131e-04
   4.4600000e+00   9.2545714e-04
   4.4700000e+00   9.0742889e-04
   4.4800000e+00   8.8973098e-04
   4.4900000e+00   8.7235793e-04
   4.5000000e+00   8.5530432e-04
   4.5100000e+00   8.3856483e-04
   4.5200000e+00   8.2213420e-04
   4.5300000e+00   8.0600727e-04
   4.5400000e+00   7.9017894e-04
   4.5500000e+00   7.7464418e-04
   4.5600000e+00   7.5939806e-04
   4.5700000e+00   7.4443570e-04
   4.5800000e+00   7.2975231e-04
   4.5900000e+00   7.1534316e-04
   4.6000000e+00   7.0120360e-04
   4.6100000e+00   6.8732906e-04
   4.6200000e+00   6.7371502e-04
   4.6300000e+00   6.6035703e-04
   4.6400000e+00   6.4725073e-04
   4.6500000e+00   6.3439181e-04
   4.6600000e+00   6.2177603e-04
   4.6700000e+00   6.0939921e-04
   4.6800000e+00   5.9725725e-04
   4.6900000e+00   5.8534610e-04
   4.7000000e+00   5.7366179e-04
   4.7100000e+00   5.6220039e-04
   4.7200000e+00   5.5095805e-04
   4.7300000e+00   5.3993097e-04
   4.7400000e+00   5.2911542e-04
   4.7500000e+00   5.1850773e-04
   4.7600000e+00   5.0810426e-04
   4.7700000e+00   4.9790148e-04
   4.7800000e+00   4.8789587e-04
   4.7900000e+00   4.7808399e-04
   4.8000000e+00   4.6846244e-04
   4.8100000e+00   4.5902791e-04
   4.8200000e+00   4.4977710e-04
   4.8300000e+00   4.4070679e-04
   4.8400000e+00   4.3181381e-04
   4.8500000e+00   4.2309504e-04
   4.8600000e+00   4.1454739e-04
   4.8700000e+00   4.0616787e-04
   4.8800000e+00   3.9795349e-04
   4.8900000e+00   3.8990134e-04
   4.9000000e+00   3.8200855e-04
   4.9100000e+00   3.7427230e-04
   4.9200000e+00   3.6668980e-04
   4.9300000e+00   3.5925834e-04
   4.9400000e+00   3.5197523e-04
   4.9500000e+00   3.4483783e-04
   4.9600000e+00   3.3784356e-04
   4.9700000e+00   3.3098986e-04
   4.9800000e+00   3.2427424e-04
   4.9900000e+00   3.1769423e-04
   5.0000000e+00   3.1124743e-04
   5.0100000e+00   3.0493139e-04
   5.0200000e+00   2.9874352e-04
   5.0300000e+00   2.9268121e-04
   5.0400000e+00   2.8674193e-04
   5.0500000e+00   2.8092317e-04
   5.0600000e+00   2.7522249e-04
   5.0700000e+00   2.6963749e-04
   5.0800000e+00   2.6416583e-04
   5.0900000e+00   2.5880519e-04
   5.1000000e+00   2.5355335e-04
   5.1100000e+00   2.4840807e-04
   5.1200000e+00   2.4336721e-04
   5.1300000e+00   2.3842863e-04
   5.1400000e+00   2.3359028e-04
   5.1500000e+00   2.2885011e-04
   5.1600000e+00   2.2420612e-04
   5.1700000e+00   2.1965638e-04
   5.1800000e+00   2.1519897e-04
   5.1900000e+00   2.1083200e-04
   5.2000000e+00   2.0655365e-04
   5.2100000e+00   2.0236213e-04
   5.2200000e+00   1.9825566e-04
   5.2300000e+00   1.9423252e-04
   5.2400000e+00   1.9029102e-04
   5.2500000e+00   1.8642950e-04
   5.2600000e+00   1.8264635e-04
   5.2700000e+00   1.7893996e-04
   5.2800000e+00   1.7530879e-04
   5.2900000e+00   1.7175130e-04
   5.3000000e+00   1.6826601e-04
   5.3100000e+00   1.6485144e-04
   5.3200000e+00   1.6150616e-04
   5.3300000e+00   1.5822876e-04
   5.3400000e+00   1.5501787e-04
   5.3500000e+00   1.5187214e-04
   5.3600000e+00   1.4879025e-04
   5.3700000e+00   1.4577089e-04
   5.3800000e+00   1.4281281e-04
   5.3900000e+00   1.3991475e-04
   5.4000000e+00   1.3707550e-04
   5.4100000e+00   1.3429387e-04
   5.4200000e+00   1.3156869e-04
   5.4300000e+00   1.2889880e-04
   5.4400000e+00   1.2628310e-04
   5.4500000e+00   1.2372047e-04
   5.4600000e+00   1.2120985e-04
   5.4700000e+00   1.1875017e-04
   5.4800000e+00   1.1634041e-04
   5.4900000e+00   1.1397955e-04
   5.5000000e+00   1.1166660e-04
   5.5100000e+00   1.0940058e-04
   5.5200000e+00   1.0718054e-04
   5.5300000e+00   1.0500556e-04
   5.5400000e+00   1.0287471e-04
   5.5500000e+00   1.0078711e-04
   5.5600000e+00   9.8741863e-05
   5.5700000e+00   9.6738123e-05
   5.5800000e+00   9.4775044e-05
   5.5900000e+00   9.2851801e-05
   5.6000000e+00   9.0967586e-05
   5.6100000e+00   8.9121607e-05
   5.6200000e+00   8.7313087e-05
   5.6300000e+00   8.5541267e-05
   5.6400000e+00   8.3805402e-05
   5.6500000e+00   8.2104763e-05
   5.6600000e+00   8.0438634e-05
   5.6700000e+00   7.8806315e-05
   5.6800000e+00   7.7207121e-05
   5.6900000e+00   7.5640378e-05
   5.7000000e+00   7.4105429e-05
   5.7100000e+00   7.2601628e-05
   5.7200000e+00   7.1128343e-05
   5.7300000e+00   6.9684955e-05
   5.7400000e+00   6.8270857e-05
   5.7500000e+00   6.6885456e-05
   5.7600000e+00   6.5528167e-05
   5.7700000e+00   6.4198422e-05
   5.7800000e+00   6.2895661e-05
   5.7900000e+00   6.1619336e-05
   5.8000000e+00   6.0368911e-05
   5.8100000e+00   5.9143861e-05
   5.8200000e+00   5.7943671e-05
   5.8300000e+00   5.6767835e-05
   5.8400000e+00   5.5615861e-05
   5.8500000e+00   5.4487263e-05
   5.8600000e+00   5.3381567e-05
   5.8700000e+00   5.2298309e-05
   5.8800000e+00   5.1237033e-05
   5.8900000e+00   5.0197294e-05
   5.9000000e+00   4.9178653e-05
   5.9100000e+00   4.8180683e-05
   5.9200000e+00   4.7202965e-05
   5.9300000e+00   4.6245088e-05
   5.9400000e+00   4.5306648e-05
   5.9500000e+00   4.4387252e-05
   5.9600000e+00   4.3486513e-05
   5.9700000e+00   4.2604052e-05
   5.9800000e+00   4.1739499e-05
   5.9900000e+00   4.0892490e-05
   6.0000000e+00   4.0062669e-05
   6.0100000e+00   3.9249688e-05
   6.0200000e+00   3.8453204e-05
   6.0300000e+00   3.7672882e-05
   6.0400000e+00   3.6908396e-05
   6.0500000e+00   3.6159423e-05
   6.0600000e+00   3.5425649e-05
   6.0700000e+00   3.4706765e-05
   6.0800000e+00   3.4002469e-05
   6.0900000e+00   3.3312466e-05
   6.1000000e+00   3.2636464e-05
   6.1100000e+00   3.1974180e-05
   6.1200000e+00   3.1325336e-05
   6.1300000e+00   3.0689659e-05
   6.1400000e+00   3.0066881e-05
   6.1500000e+00   2.9456741e-05
   6.1600000e+00   2.8858983e-05
   6.1700000e+00   2.8273354e-05
   6.1800000e+00   2.7699610e-05
   6.1900000e+00   2.7137509e-05
   6.2000000e+00   2.6586814e-05
   6.2100000e+00   2.6047294e-05
   6.2200000e+00   2.5518722e-05
   6.2300000e+00   2.5000877e-05
   6.2400000e+00   2.4493540e-05
   6.2500000e+00   2.3996499e-05
   6.2600000e+00   2.3509543e-05
   6.2700000e+00   2.3032470e-05
   6.2800000e+00   2.2565077e-05
   6.2900000e+00   2.2107170e-05
   6.3000000e+00   2.1658554e-05
   6.3100000e+00   2.1219042e-05
   6.3200000e+00   2.0788449e-05
   6.3300000e+00   2.0366594e-05
   6.3400000e+00   1.9953299e-05
   6.3500000e+00   1.9548392e-05
   6.3600000e+00   1.9151701e-05
   6.3700000e+00   1.8763060e-05
   6.3800000e+00   1.8382305e-05
   6.3900000e+00   1.8009278e-05
   6.4000000e+00   1.7643820e-05
   6.4100000e+00   1.7285778e-05
   6.4200000e+00   1.6935001e-05
   6.4300000e+00   1.6591343e-05
   6.4400000e+00   1.6254659e-05
   6.4500000e+00   1.5924807e-05
   6.4600000e+00   1.5601649e-05
   6.4700000e+00   1.5285048e-05
   6.4800000e+00   1.4974872e-05
   6.4900000e+00   1.4670990e-05
   6.5000000e+00   1.4373275e-05
   6.5100000e+00   1.4081602e-05
   6.5200000e+00   1.3795847e-05
   6.5300000e+00   1.3515891e-05
   6.5400000e+00   1.3241616e-05
   6.5500000e+00   1.2972907e-05
   6.5600000e+00   1.2709651e-05
   6.5700000e+00   1.2451737e-05
   6.5800000e+00   1.2199057e-05
   6.5900000e+00   1.1951504e-05
   6.6000000e+00   1.1708975e-05
   6.6100000e+00   1.1471368e-05
   6.6200000e+00   1.1238582e-05
   6.6300000e+00   1.1010520e-05
   6.6400000e+00   1.0787086e-05
   6.6500000e+00   1.0568187e-05
   6.6600000e+00   1.0353729e-05
   6.6700000e+00   1.0143623e-05
   6.6800000e+00   9.9377811e-06
   6.6900000e+00   9.7361161e-06
   6.7000000e+00   9.5385435e-06
   6.7100000e+00   9.3449802e-06
   6.7200000e+00   9.1553448e-06
   6.7300000e+00   8.9695577e-06
   6.7400000e+00   8.7875407e-06
   6.7500000e+00   8.6092174e-06
   6.7600000e+00   8.4345127e-06
   6.7700000e+00   8.2633533e-06
   6.7800000e+00   8.0956672e-06
   6.7900000e+00   7.9313839e-06
   6.8000000e+00   7.7704344e-06
   6.8100000e+00   7.6127511e-06
   6.8200000e+00   7.4582675e-06
   6.8300000e+00   7.3069189e-06
   6.8400000e+00   7.1586416e-06
   6.8500000e+00   7.0133733e-06
   6.8600000e+00   6.8710529e-06
   6.8700000e+00   6.7316205e-06
   6.8800000e+00   6.5950177e-06
   6.8900000e+00   6.4611869e-06
   6.9000000e+00   6.3300719e-06
   6.9100000e+00   6.2016177e-06
   6.9200000e+00   6.0757701e-06
   6.9300000e+00   5.9524764e-06
   6.9400000e+00   5.8316846e-06
   6.9500000e+00   5.7133441e-06
   6.9600000e+00   5.5974051e-06
   6.9700000e+00   5.4838188e-06
   6.9800000e+00   5.3725375e-06
   6.9900000e+00   5.2635144e-06
   7.0000000e+00   5.1567037e-06
   7.0100000e+00   5.0520605e-06
   7.0200000e+00   4.9495409e-06
   7.0300000e+00   4.8491017e-06
   7.0400000e+00   4.7507007e-06
   7.0500000e+00   4.6542965e-06
   7.0600000e+00   4.5598487e-06
   7.0700000e+00   4.4673175e-06
   7.0800000e+00   4.3766641e-06
   7.0900000e+00   4.2878502e-06
   7.1000000e+00   4.2008387e-06
   7.1100000e+00   4.1155930e-06
   7.1200000e+00   4.0320771e-06
   7.1300000e+00   3.9502560e-06
   7.1400000e+00   3.8700953e-06
   7.1500000e+00   3.7915613e-06
   7.1600000e+00   3.7146211e-06
   7.1700000e+00   3.6392422e-06
   7.1800000e+00   3.5653930e-06
   7.1900000e+00   3.4930424e-06
   7.2000000e+00   3.4221600e-06
   7.2100000e+00   3.3527161e-06
   7.2200000e+00   3.2846814e-06
   7.2300000e+00   3.2180273e-06
   7.2400000e+00   3.1527259e-06
   7.2500000e+00   3.0887497e-06
   7.2600000e+00   3.0260717e-06
   7.2700000e+00   2.9646657e-06
   7.2800000e+00   2.9045059e-06
   7.2900000e+00   2.8455669e-06
   7.3000000e+00   2.7878239e-06
   7.3100000e+00   2.7312528e-06
   7.3200000e+00   2.6758297e-06
   7.3300000e+00   2.6215313e-06
   7.3400000e+00   2.5683348e-06
   7.3500000e+00   2.5162179e-06
   7.3600000e+00   2.4651586e-06
   7.3700000e+00   2.4151354e-06
   7.3800000e+00   2.3661275e-06
   7.3900000e+00   2.3181141e-06
   7.4000000e+00   2.2710750e-06
   7.4100000e+00   2.2249906e-06
   7.4200000e+00   2.1798414e-06
   7.4300000e+00   2.1356084e-06
   7.4400000e+00   2.0922731e-06
   7.4500000e+00   2.0498173e-06
   7.4600000e+00   2.0082230e-06
   7.4700000e+00   1.9674728e-06
   7.4800000e+00   1.9275497e-06
   7.4900000e+00   1.8884367e-06
   7.5000000e+00   1.8501176e-06
   7.5100000e+00   1.8125760e-06
   7.5200000e+00   1.7757964e-06
   7.5300000e+00   1.7397632e-06
   7.5400000e+00   1.7044612e-06
   7.5500000e+00   1.6698757e-06
   7.5600000e+00   1.6359921e-06
   7.5700000e+00   1.6027961e-06
   7.5800000e+00   1.5702738e-06
   7.5900000e+00   1.5384116e-06
   7.6000000e+00   1.5071960e-06
   7.6100000e+00   1.4766140e-06
   7.6200000e+00   1.4466526e-06
   7.6300000e+00   1.4172992e-06
   7.6400000e+00   1.3885416e-06
   7.6500000e+00   1.3603677e-06
   7.6600000e+00   1.3327656e-06
   7.6700000e+00   1.3057236e-06
   7.6800000e+00   1.2792305e-06
   7.6900000e+00   1.2532751e-06
   7.7000000e+00   1.2278465e-06
   7.7100000e+00   1.2029340e-06
   7.7200000e+00   1.1785271e-06
   7.7300000e+00   1.1546155e-06
   7.7400000e+00   1.1311893e-06
   7.7500000e+00   1.1082386e-06
   7.7600000e+00   1.0857537e-06
   7.7700000e+00   1.0637252e-06
   7.7800000e+00   1.0421438e-06
   7.7900000e+00   1.0210004e-06
   7.8000000e+00   1.0002862e-06
   7.8100000e+00   9.7999248e-07
   7.8200000e+00   9.6011065e-07
   7.8300000e+00   9.4063238e-07
   7.8400000e+00   9.2154949e-07
   7.8500000e+00   9.0285395e-07
   7.8600000e+00   8.8453792e-07
   7.8700000e+00   8.6659368e-07
   7.8800000e+00   8.4901369e-07
   7.8900000e+00   8.3179058e-07
   7.9000000e+00   8.1491709e-07
   7.9100000e+00   7.9838614e-07
   7.9200000e+00   7.8219077e-07
   7.9300000e+00   7.6632418e-07
   7.9400000e+00   7.5077970e-07
   7.9500000e+00   7.3555080e-07
   7.9600000e+00   7.2063107e-07
   7.9700000e+00   7.0601425e-07
   7.9800000e+00   6.9169419e-07
   7.9900000e+00   6.7766486e-07
   8.0000000e+00   6.6392039e-07
   8.0100000e+00   6.5045497e-07
   8.0200000e+00   6.3726297e-07
   8.0300000e+00   6.2433882e-07
   8.0400000e+00   6.1167711e-07
   8.0500000e+00   5.9927250e-07
   8.0600000e+00   5.8711979e-07
   8.0700000e+00   5.7521386e-07
   8.0800000e+00   5.6354971e-07
   8.0900000e+00   5.5212244e-07
   8.1000000e+00   5.4092725e-07
   8.1100000e+00   5.2995942e-07
   8.1200000e+00   5.1921435e-07
   8.1300000e+00   5.0868752e-07
   8.1400000e+00   4.9837452e-07
   8.1500000e+00   4.8827099e-07
   8.1600000e+00   4.7837270e-07
   8.1700000e+00   4.6867549e-07
   8.1800000e+00   4.5917527e-07
   8.1900000e+00   4.4986806e-07
   8.2000000e+00   4.4074995e-07
   8.2100000e+00   4.3181709e-07
   8.2200000e+00   4.2306575e-07
   8.2300000e+00   4.1449223e-07
   8.2400000e+00   4.0609293e-07
   8.2500000e+00   3.9786433e-07
   8.2600000e+00   3.8980297e-07
   8.2700000e+00   3.8190545e-07
   8.2800000e+00   3.7416846e-07
   8.2900000e+00   3.6658874e-07
   8.3000000e+00   3.5916311e-07
   8.3100000e+00   3.5188845e-07
   8.3200000e+00   3.4476171e-07
   8.3300000e+00   3.3777987e-07
   8.3400000e+00   3.3094002e-07
   8.3500000e+00   3.2423927e-07
   8.3600000e+00   3.1767481e-07
   8.3700000e+00   3.1124387e-07
   8.3800000e+00   3.0494377e-07
   8.3900000e+00   2.9877184e-07
   8.4000000e+00   2.9272549e-07
   8.4100000e+00   2.8680219e-07
   8.4200000e+00   2.8099944e-07
   8.4300000e+00   2.7531481e-07
   8.4400000e+00   2.6974589e-07
   8.4500000e+00   2.6429036e-07
   8.4600000e+00   2.5894592e-07
   8.4700000e+00   2.5371033e-07
   8.4800000e+00   2.4858137e-07
   8.4900000e+00   2.4355691e-07
   8.5000000e+00   2.3863482e-07
   8.5100000e+00   2.3381303e-07
   8.5200000e+00   2.2908952e-07
   8.5300000e+00   2.2446231e-07
   8.5400000e+00   2.1992945e-07
   8.5500000e+00   2.1548903e-07
   8.5600000e+00   2.1113919e-07
   8.5700000e+00   2.0687810e-07
   8.5800000e+00   2.0270396e-07
   8.5900000e+00   1.9861503e-07
   8.6000000e+00   1.9460958e-07
   8.6100000e+00   1.9068593e-07
   8.6200000e+00   1.8684244e-07
   8.6300000e+00   1.8307748e-07
   8.6400000e+00   1.7938947e-07
   8.6500000e+00   1.7577687e-07
   8.6600000e+00   1.7223816e-07
   8.6700000e+00   1.6877184e-07
   8.6800000e+00   1.6537646e-07
   8.6900000e+00   1.6205059e-07
   8.7000000e+00   1.5879284e-07
   8.7100000e+00   1.5560184e-07
   8.7200000e+00   1.5247624e-07
   8.7300000e+00   1.4941473e-07
   8.7400000e+00   1.4641603e-07
   8.7500000e+00   1.4347887e-07
   8.7600000e+00   1.4060201e-07
   8.7700000e+00   1.3778426e-07
   8.7800000e+00   1.3502443e-07
   8.7900000e+00   1.3232135e-07
   8.8000000e+00   1.2967388e-07
   8.8100000e+00   1.2708093e-07
   8.8200000e+00   1.2454139e-07
   8.8300000e+00   1.2205420e-07
   8.8400000e+00   1.1961831e-07
   8.8500000e+00   1.1723271e-07
   8.8600000e+00   1.1489638e-07
   8.8700000e+00   1.1260834e-07
   8.8800000e+00   1.1036764e-07
   8.8900000e+00   1.0817333e-07
   8.9000000e+00   1.0602449e-07
   8.9100000e+00   1.0392022e-07
   8.9200000e+00   1.0185962e-07
   8.9300000e+00   9.9841843e-08
   8.9400000e+00   9.7866031e-08
   8.9500000e+00   9.5931355e-08
   8.9600000e+00   9.4037003e-08
   8.9700000e+00   9.2182178e-08
   8.9800000e+00   9.0366100e-08
   8.9900000e+00   8.8588007e-08
   9.0000000e+00   8.6847149e-08
   9.0100000e+00   8.5142797e-08
   9.0200000e+00   8.3474234e-08
   9.0300000e+00   8.1840757e-08
   9.0400000e+00   8.0241681e-08
   9.0500000e+00   7.8676334e-08
   9.0600000e+00   7.7144057e-08
   9.0700000e+00   7.5644206e-08
   9.0800000e+00   7.4176151e-08
   9.0900000e+00   7.2739275e-08
   9.1000000e+00   7.1332974e-08
   9.1100000e+00   6.9956657e-08
   9.1200000e+00   6.8609745e-08
   9.1300000e+00   6.7291672e-08
   9.1400000e+00   6.6001884e-08
   9.1500000e+00   6.4739840e-08
   9.1600000e+00   6.3505007e-08
   9.1700000e+00   6.2296868e-08
   9.1800000e+00   6.1114915e-08
   9.1900000e+00   5.9958650e-08
   9.2000000e+00   5.8827589e-08
   9.2100000e+00   5.7721254e-08
   9.2200000e+00   5.6639182e-08
   9.2300000e+00   5.5580917e-08
   9.2400000e+00   5.4546015e-08
   9.2500000e+00   5.3534041e-08
   9.2600000e+00   5.2544569e-08
   9.2700000e+00   5.1577183e-08
   9.2800000e+00   5.0631477e-08
   9.2900000e+00   4.9707054e-08
   9.3000000e+00   4.8803524e-08
   9.3100000e+00   4.7920507e-08
   9.3200000e+00   4.7057634e-08
   9.3300000e+00   4.6214541e-08
   9.3400000e+00   4.5390873e-08
   9.3500000e+00   4.4586285e-08
   9.3600000e+00   4.3800438e-08
   9.3700000e+00   4.3033002e-08
   9.3800000e+00   4.2283654e-08
   9.3900000e+00   4.1552080e-08
   9.4000000e+00   4.0837971e-08
   9.4100000e+00   4.0141028e-08
   9.4200000e+00   3.9460958e-08
   9.4300000e+00   3.8797475e-08
   9.4400000e+00   3.8150300e-08
   9.4500000e+00   3.7519161e-08
   9.4600000e+00   3.6903792e-08
   9.4700000e+00   3.6303936e-08
   9.4800000e+00   3.5719339e-08
   9.4900000e+00   3.5149757e-08
   9.5000000e+00   3.4594949e-08
   9.5100000e+00   3.4054683e-08
   9.5200000e+00   3.3528731e-08
   9.5300000e+00   3.3016873e-08
   9.5400000e+00   3.2518893e-08
   9.5500000e+00   3.2034581e-08
   9.5600000e+00   3.1563736e-08
   9.5700000e+00   3.1106157e-08
   9.5800000e+00   3.0661654e-08
   9.5900000e+00   3.0230039e-08
   9.6000000e+00   2.9811130e-08
   9.6100000e+00   2.9404753e-08
   9.6200000e+00   2.9010735e-08
   9.6300000e+00   2.8628912e-08
   9.6400000e+00   2.8259122e-08
   9.6500000e+00   2.7901211e-08
   9.6600000e+00   2.7555028e-08
   9.6700000e+00   2.7220427e-08
   9.6800000e+00   2.6897268e-08
   9.6900000e+00   2.6585415e-08
   9.7000000e+00   2.6284737e-08
   9.7100000e+00   2.5995107e-08
   9.7200000e+00   2.5716404e-08
   9.7300000e+00   2.5448510e-08
   9.7400000e+00   2.5191314e-08
   9.7500000e+00   2.4944706e-08
   9.7600000e+00   2.4708584e-08
   9.7700000e+00   2.4482847e-08
   9.7800000e+00   2.4267402e-08
   9.7900000e+00   2.4062157e-08
   9.8000000e+00   2.3867027e-08
   9.8100000e+00   2.3681928e-08
   9.8200000e+00   2.3506784e-08
   9.8300000e+00   2.3341521e-08
   9.8400000e+00   2.3186069e-08
   9.8500000e+00   2.3040363e-08
   9.8600000e+00   2.2904342e-08
   9.8700000e+00   2.2777949e-08
   9.8800000e+00   2.2661130e-08
   9.8900000e+00   2.2553836e-08
   9.9000000e+00   2.2456022e-08
   9.9100000e+00   2.2367648e-08
   9.9200000e+00   2.2288676e-08
   9.9300000e+00   2.2219072e-08
   9.9400000e+00   2.2158808e-08
   9.9500000e+00   2.2107858e-08
   9.9600000e+00   2.2066201e-08
   9.9700000e+00   2.2033819e-08
   9.9800000e+00   2.2010699e-08
   9.9900000e+00   2.1996831e-08
   1.0000000e+01   2.1992209e-08
