  -5.0000000e+00   5.3715160e-02
  -4.9750000e+00   5.4516304e-02
  -4.9500000e+00   5.5308110e-02
  -4.9250000e+00   5.6090457e-02
  -4.9000000e+00   5.6863228e-02
  -4.8750000e+00   5.7626307e-02
  -4.8500000e+00   5.8379578e-02
  -4.8250000e+00   5.9122928e-02
  -4.8000000e+00   5.9856246e-02
  -4.7750000e+00   6.0579421e-02
  -4.7500000e+00   6.1292344e-02
  -4.7250000e+00   6.1994907e-02
  -4.7000000e+00   6.2687006e-02
  -4.6750000e+00   6.3368536e-02
  -4.6500000e+00   6.4039395e-02
  -4.6250000e+00   6.4699481e-02
  -4.6000000e+00   6.5348696e-02
  -4.5750000e+00   6.5986941e-02
  -4.5500000e+00   6.6614122e-02
  -4.5250000e+00   6.7230144e-02
  -4.5000000e+00   6.7834915e-02
  -4.4750000e+00   6.8428343e-02
  -4.4500000e+00   6.9010340e-02
  -4.4250000e+00   6.9580818e-02
  -4.4000000e+00   7.0139691e-02
  -4.3750000e+00   7.0686877e-02
  -4.3500000e+00   7.1222293e-02
  -4.3250000e+00   7.1745858e-02
  -4.3000000e+00   7.2257495e-02
  -4.2750000e+00   7.2757126e-02
  -4.2500000e+00   7.3244677e-02
  -4.2250000e+00   7.3720076e-02
  -4.2000000e+00   7.4183250e-02
  -4.1750000e+00   7.4634131e-02
  -4.1500000e+00   7.5072652e-02
  -4.1250000e+00   7.5498746e-02
  -4.1000000e+00   7.5912351e-02
  -4.0750000e+00   7.6313404e-02
  -4.0500000e+00   7.6701846e-02
  -4.0250000e+00   7.7077618e-02
  -4.0000000e+00   7.7440664e-02
  -3.9750000e+00   7.7790931e-02
  -3.9500000e+00   7.8128365e-02
  -3.9250000e+00   7.8452917e-02
  -3.9000000e+00   7.8764538e-02
  -3.8750000e+00   7.9063182e-02
  -3.8500000e+00   7.9348803e-02
  -3.8250000e+00   7.9621361e-02
  -3.8000000e+00   7.9880813e-02
  -3.7750000e+00   8.0127121e-02
  -3.7500000e+00   8.0360250e-02
  -3.7250000e+00   8.0580163e-02
  -3.7000000e+00   8.0786829e-02
  -3.6750000e+00   8.0980217e-02
  -3.6500000e+00   8.1160299e-02
  -3.6250000e+00   8.1327047e-02
  -3.6000000e+00   8.1480438e-02
  -3.5750000e+00   8.1620449e-02
  -3.5500000e+00   8.1747060e-02
  -3.5250000e+00   8.1860253e-02
  -3.5000000e+00   8.1960011e-02
  -3.4750000e+00   8.2046320e-02
  -3.4500000e+00   8.2119168e-02
  -3.4250000e+00   8.2178545e-02
  -3.4000000e+00   8.2224444e-02
  -3.3750000e+00   8.2256857e-02
  -3.3500000e+00   8.2275781e-02
  -3.3250000e+00   8.2281214e-02
  -3.3000000e+00   8.2273155e-02
  -3.2750000e+00   8.2251608e-02
  -3.2500000e+00   8.2216575e-02
  -3.2250000e+00   8.2168063e-02
  -3.2000000e+00   8.2106081e-02
  -3.1750000e+00   8.2030637e-02
  -3.1500000e+00   8.1941744e-02
  -3.1250000e+00   8.1839417e-02
  -3.1000000e+00   8.1723671e-02
  -3.0750000e+00   8.1594525e-02
  -3.0500000e+00   8.1451999e-02
  -3.0250000e+00   8.1296116e-02
  -3.0000000e+00   8.1126898e-02
  -2.9750000e+00   8.0944374e-02
  -2.9500000e+00   8.0748571e-02
  -2.9250000e+00   8.0539520e-02
  -2.9000000e+00   8.0317253e-02
  -2.8750000e+00   8.0081805e-02
  -2.8500000e+00   7.9833212e-02
  -2.8250000e+00   7.9571512e-02
  -2.8000000e+00   7.9296745e-02
  -2.7750000e+00   7.9008955e-02
  -2.7500000e+00   7.8708185e-02
  -2.7250000e+00   7.8394482e-02
  -2.7000000e+00   7.8067894e-02
  -2.6750000e+00   7.7728470e-02
  -2.6500000e+00   7.7376264e-02
  -2.6250000e+00   7.7011328e-02
  -2.6000000e+00   7.6633719e-02
  -2.5750000e+00   7.6243494e-02
  -2.5500000e+00   7.5840713e-02
  -2.5250000e+00   7.5425438e-02
  -2.5000000e+00   7.4997732e-02
  -2.4750000e+00   7.4557660e-02
  -2.4500000e+00   7.4105289e-02
  -2.4250000e+00   7.3640688e-02
  -2.4000000e+00   7.3163929e-02
  -2.3750000e+00   7.2675084e-02
  -2.3500000e+00   7.2174227e-02
  -2.3250000e+00   7.1661436e-02
  -2.3000000e+00   7.1136789e-02
  -2.2750000e+00   7.0600365e-02
  -2.2500000e+00   7.0052247e-02
  -2.2250000e+00   6.9492519e-02
  -2.2000000e+00   6.8921267e-02
  -2.1750000e+00   6.8338577e-02
  -2.1500000e+00   6.7744539e-02
  -2.1250000e+00   6.7139243e-02
  -2.1000000e+00   6.6522782e-02
  -2.0750000e+00   6.5895250e-02
  -2.0500000e+00   6.5256743e-02
  -2.0250000e+00   6.4607358e-02
  -2.0000000e+00   6.3947194e-02
  -1.9750000e+00   6.3276352e-02
  -1.9500000e+00   6.2594933e-02
  -1.9250000e+00   6.1903043e-02
  -1.9000000e+00   6.1200785e-02
  -1.8750000e+00   6.0488267e-02
  -1.8500000e+00   5.9765598e-02
  -1.8250000e+00   5.9032886e-02
  -1.8000000e+00   5.8290245e-02
  -1.7750000e+00   5.7537786e-02
  -1.7500000e+00   5.6775625e-02
  -1.7250000e+00   5.6003876e-02
  -1.7000000e+00   5.5222658e-02
  -1.6750000e+00   5.4432089e-02
  -1.6500000e+00   5.3632290e-02
  -1.6250000e+00   5.2823383e-02
  -1.6000000e+00   5.2005489e-02
  -1.5750000e+00   5.1178735e-02
  -1.5500000e+00   5.0343245e-02
  -1.5250000e+00   4.9499147e-02
  -1.5000000e+00   4.8646569e-02
  -1.4750000e+00   4.7785641e-02
  -1.4500000e+00   4.6916495e-02
  -1.4250000e+00   4.6039261e-02
  -1.4000000e+00   4.5154075e-02
  -1.3750000e+00   4.4261069e-02
  -1.3500000e+00   4.3360381e-02
  -1.3250000e+00   4.2452147e-02
  -1.3000000e+00   4.1536504e-02
  -1.2750000e+00   4.0613594e-02
  -1.2500000e+00   3.9683554e-02
  -1.2250000e+00   3.8746528e-02
  -1.2000000e+00   3.7802657e-02
  -1.1750000e+00   3.6852085e-02
  -1.1500000e+00   3.5894956e-02
  -1.1250000e+00   3.4931416e-02
  -1.1000000e+00   3.3961611e-02
  -1.0750000e+00   3.2985689e-02
  -1.0500000e+00   3.2003798e-02
  -1.0250000e+00   3.1016086e-02
  -1.0000000e+00   3.0022706e-02
  -9.7500000e-01   2.9023806e-02
  -9.5000000e-01   2.8019539e-02
  -9.2500000e-01   2.7010058e-02
  -9.0000000e-01   2.5995516e-02
  -8.7500000e-01   2.4976066e-02
  -8.5000000e-01   2.3951865e-02
  -8.2500000e-01   2.2923066e-02
  -8.0000000e-01   2.1889828e-02
  -7.7500000e-01   2.0852306e-02
  -7.5000000e-01   1.9810658e-02
  -7.2500000e-01   1.8765043e-02
  -7.0000000e-01   1.7715620e-02
  -6.7500000e-01   1.6662547e-02
  -6.5000000e-01   1.5605986e-02
  -6.2500000e-01   1.4546096e-02
  -6.0000000e-01   1.3483040e-02
  -5.7500000e-01   1.2416978e-02
  -5.5000000e-01   1.1348073e-02
  -5.2500000e-01   1.0276488e-02
  -5.0000000e-01   1.0031195e-02
  -4.7500000e-01   1.0568681e-02
  -4.5000000e-01   1.1037983e-02
  -4.2500000e-01   1.1427987e-02
  -4.0000000e-01   1.1724671e-02
  -3.7500000e-01   1.1910099e-02
  -3.5000000e-01   1.1960945e-02
  -3.2500000e-01   1.1846283e-02
  -3.0000000e-01   1.1524189e-02
  -2.7500000e-01   1.0936356e-02
  -2.5000000e-01   9.9991971e-03
  -2.2500000e-01   8.5884931e-03
  -2.0000000e-01   6.5113721e-03
  -1.7500000e-01   3.4515475e-03
  -1.5000000e-01  -1.1474380e-03
  -1.2500000e-01  -8.3613778e-03
  -1.0000000e-01  -2.0567950e-02
  -7.5000000e-02  -4.4232442e-02
  -5.0000000e-02  -1.0492365e-01
  -2.5000000e-02  -4.7854635e-01
   0.0000000e+00   2.5508861e-01
   2.5000000e-02   1.5811004e-01
   5.0000000e-02   1.1869277e-01
   7.5000000e-02   9.9915964e-02
   1.0000000e-01   8.9094300e-02
   1.2500000e-01   8.2125476e-02
   1.5000000e-01   7.7304772e-02
   1.7500000e-01   7.3799131e-02
   2.0000000e-01   7.1153480e-02
   2.2500000e-01   6.9098208e-02
   2.5000000e-01   6.7463406e-02
   2.7500000e-01   6.6136672e-02
   3.0000000e-01   6.5040679e-02
   3.2500000e-01   6.4120495e-02
   3.5000000e-01   6.3336033e-02
   3.7500000e-01   6.2657370e-02
   4.0000000e-01   6.2061735e-02
   4.2500000e-01   6.1531511e-02
   4.5000000e-01   6.1052869e-02
   4.7500000e-01   6.0614822e-02
   5.0000000e-01   6.0208564e-02
   5.2500000e-01   5.9826898e-02
   5.5000000e-01   5.9464026e-02
   5.7500000e-01   5.9115134e-02
   6.0000000e-01   5.8776250e-02
   6.2500000e-01   5.8444078e-02
   6.5000000e-01   5.8115872e-02
   6.7500000e-01   5.7789338e-02
   7.0000000e-01   5.7462560e-02
   7.2500000e-01   5.7133935e-02
   7.5000000e-01   5.6802126e-02
   7.7500000e-01   5.6466018e-02
   8.0000000e-01   5.6124690e-02
   8.2500000e-01   5.5777381e-02
   8.5000000e-01   5.5423473e-02
   8.7500000e-01   5.5062467e-02
   9.0000000e-01   5.4693969e-02
   9.2500000e-01   5.4317677e-02
   9.5000000e-01   5.3933370e-02
   9.7500000e-01   5.3540893e-02
   1.0000000e+00   5.3140155e-02
   1.0250000e+00   5.2731116e-02
   1.0500000e+00   5.2313787e-02
   1.0750000e+00   5.1888215e-02
   1.1000000e+00   5.1454488e-02
   1.1250000e+00   5.1012724e-02
   1.1500000e+00   5.0563069e-02
   1.1750000e+00   5.0105695e-02
   1.2000000e+00   4.9640796e-02
   1.2250000e+00   4.9168583e-02
   1.2500000e+00   4.8689286e-02
   1.2750000e+00   4.8203149e-02
   1.3000000e+00   4.7710428e-02
   1.3250000e+00   4.7211391e-02
   1.3500000e+00   4.6706315e-02
   1.3750000e+00   4.6195484e-02
   1.4000000e+00   4.5679190e-02
   1.4250000e+00   4.5157730e-02
   1.4500000e+00   4.4631402e-02
   1.4750000e+00   4.4100512e-02
   1.5000000e+00   4.3565364e-02
   1.5250000e+00   4.3026265e-02
   1.5500000e+00   4.2483522e-02
   1.5750000e+00   4.1937444e-02
   1.6000000e+00   4.1388335e-02
   1.6250000e+00   4.0836501e-02
   1.6500000e+00   4.0282246e-02
   1.6750000e+00   3.9725871e-02
   1.7000000e+00   3.9167674e-02
   1.7250000e+00   3.8607951e-02
   1.7500000e+00   3.8046994e-02
   1.7750000e+00   3.7485090e-02
   1.8000000e+00   3.6922523e-02
   1.8250000e+00   3.6359572e-02
   1.8500000e+00   3.5796511e-02
   1.8750000e+00   3.5233609e-02
   1.9000000e+00   3.4671128e-02
   1.9250000e+00   3.4109327e-02
   1.9500000e+00   3.3548460e-02
   1.9750000e+00   3.2988765e-02
   2.0000000e+00   3.2430476e-02
   2.0250000e+00   3.1873843e-02
   2.0500000e+00   3.1319086e-02
   2.0750000e+00   3.0766424e-02
   2.1000000e+00   3.0216073e-02
   2.1250000e+00   2.9668240e-02
   2.1500000e+00   2.9123126e-02
   2.1750000e+00   2.8580926e-02
   2.2000000e+00   2.8041829e-02
   2.2250000e+00   2.7506016e-02
   2.2500000e+00   2.6973663e-02
   2.2750000e+00   2.6444938e-02
   2.3000000e+00   2.5920005e-02
   2.3250000e+00   2.5399018e-02
   2.3500000e+00   2.4882127e-02
   2.3750000e+00   2.4369475e-02
   2.4000000e+00   2.3861199e-02
   2.4250000e+00   2.3357428e-02
   2.4500000e+00   2.2858288e-02
   2.4750000e+00   2.2363896e-02
   2.5000000e+00   2.1874363e-02
   2.5250000e+00   2.1389795e-02
   2.5500000e+00   2.0910292e-02
   2.5750000e+00   2.0435948e-02
   2.6000000e+00   1.9966851e-02
   2.6250000e+00   1.9503085e-02
   2.6500000e+00   1.9044725e-02
   2.6750000e+00   1.8591845e-02
   2.7000000e+00   1.8144510e-02
   2.7250000e+00   1.7702782e-02
   2.7500000e+00   1.7266715e-02
   2.7750000e+00   1.6836362e-02
   2.8000000e+00   1.6411767e-02
   2.8250000e+00   1.5992970e-02
   2.8500000e+00   1.5580008e-02
   2.8750000e+00   1.5172911e-02
   2.9000000e+00   1.4771705e-02
   2.9250000e+00   1.4376410e-02
   2.9500000e+00   1.3987045e-02
   2.9750000e+00   1.3603622e-02
   3.0000000e+00   1.3226148e-02
   3.0250000e+00   1.2854630e-02
   3.0500000e+00   1.2489066e-02
   3.0750000e+00   1.2129454e-02
   3.1000000e+00   1.1775787e-02
   3.1250000e+00   1.1428055e-02
   3.1500000e+00   1.1086244e-02
   3.1750000e+00   1.0750338e-02
   3.2000000e+00   1.0420317e-02
   3.2250000e+00   1.0096158e-02
   3.2500000e+00   9.7778374e-03
   3.2750000e+00   9.4653265e-03
   3.3000000e+00   9.1585956e-03
   3.3250000e+00   8.8576124e-03
   3.3500000e+00   8.5623427e-03
   3.3750000e+00   8.2727497e-03
   3.4000000e+00   7.9887948e-03
   3.4250000e+00   7.7104369e-03
   3.4500000e+00   7.4376332e-03
   3.4750000e+00   7.1703387e-03
   3.5000000e+00   6.9085064e-03
   3.5250000e+00   6.6520879e-03
   3.5500000e+00   6.4010332e-03
   3.5750000e+00   6.1552893e-03
   3.6000000e+00   5.9147719e-03
   3.6250000e+00   5.6795510e-03
   3.6500000e+00   5.4494246e-03
   3.6750000e+00   5.2243970e-03
   3.7000000e+00   5.0044094e-03
   3.7250000e+00   4.7894030e-03
   3.7500000e+00   4.5793189e-03
   3.7750000e+00   4.3740962e-03
   3.8000000e+00   4.1736738e-03
   3.8250000e+00   3.9779890e-03
   3.8500000e+00   3.7869781e-03
   3.8750000e+00   3.6005767e-03
   3.9000000e+00   3.4187194e-03
   3.9250000e+00   3.2413399e-03
   3.9500000e+00   3.0683715e-03
   3.9750000e+00   2.8997469e-03
   4.0000000e+00   2.7353984e-03
   4.0250000e+00   2.5752577e-03
   4.0500000e+00   2.4192564e-03
   4.0750000e+00   2.2673264e-03
   4.1000000e+00   2.1193997e-03
   4.1250000e+00   1.9754085e-03
   4.1500000e+00   1.8352858e-03
   4.1750000e+00   1.6989649e-03
   4.2000000e+00   1.5663799e-03
   4.2250000e+00   1.4374652e-03
   4.2500000e+00   1.3121559e-03
   4.2750000e+00   1.1903878e-03
   4.3000000e+00   1.0720966e-03
   4.3250000e+00   9.5721889e-04
   4.3500000e+00   8.4569134e-04
   4.3750000e+00   7.3745119e-04
   4.4000000e+00   6.3243616e-04
   4.4250000e+00   5.3058454e-04
   4.4500000e+00   4.3183523e-04
   4.4750000e+00   3.3612771e-04
   4.5000000e+00   2.4340214e-04
   4.5250000e+00   1.5359930e-04
   4.5500000e+00   6.6660680e-05
   4.5750000e+00  -1.7471497e-05
   4.6000000e+00  -9.8854203e-05
   4.6250000e+00  -1.7754363e-04
   4.6500000e+00  -2.5359525e-04
   4.6750000e+00  -3.2706394e-04
   4.7000000e+00  -3.9800411e-04
   4.7250000e+00  -4.6646978e-04
   4.7500000e+00  -5.3251478e-04
   4.7750000e+00  -5.9619280e-04
   4.8000000e+00  -6.5755753e-04
   4.8250000e+00  -7.1666253e-04
   4.8500000e+00  -7.7356117e-04
   4.8750000e+00  -8.2830657e-04
   4.9000000e+00  -8.8095146e-04
   4.9250000e+00  -9.3154813e-04
   4.9500000e+00  -9.8014838e-04
   4.9750000e+00  -1.0268034e-03
   5.0000000e+00  -1.0715637e-03
   5.0250000e+00  -1.1144787e-03
   5.0500000e+00  -1.1555970e-03
   5.0750000e+00  -1.1949661e-03
   5.1000000e+00  -1.2326330e-03
   5.1250000e+00  -1.2686498e-03
   5.1500000e+00  -1.3030893e-03
   5.1750000e+00  -1.3358419e-03
   5.2000000e+00  -1.3671315e-03
   5.2250000e+00  -1.3969314e-03
   5.2500000e+00  -1.4252799e-03
   5.2750000e+00  -1.4522146e-03
   5.3000000e+00  -1.4777725e-03
   5.3250000e+00  -1.5019894e-03
   5.3500000e+00  -1.5249004e-03
   5.3750000e+00  -1.5465400e-03
   5.4000000e+00  -1.5669420e-03
   5.4250000e+00  -1.5861399e-03
   5.4500000e+00  -1.6041666e-03
   5.4750000e+00  -1.6210543e-03
   5.5000000e+00  -1.6368348e-03
   5.5250000e+00  -1.6515392e-03
   5.5500000e+00  -1.6651981e-03
   5.5750000e+00  -1.6778416e-03
   5.6000000e+00  -1.6894995e-03
   5.6250000e+00  -1.7002011e-03
   5.6500000e+00  -1.7099755e-03
   5.6750000e+00  -1.7188513e-03
   5.7000000e+00  -1.7268566e-03
   5.7250000e+00  -1.7340192e-03
   5.7500000e+00  -1.7403661e-03
   5.7750000e+00  -1.7459236e-03
   5.8000000e+00  -1.7507175e-03
   5.8250000e+00  -1.7547727e-03
   5.8500000e+00  -1.7581136e-03
   5.8750000e+00  -1.7607640e-03
   5.9000000e+00  -1.7627474e-03
   5.9250000e+00  -1.7640870e-03
   5.9500000e+00  -1.7648052e-03
   5.9750000e+00  -1.7649241e-03
   6.0000000e+00  -1.7644650e-03
   6.0250000e+00  -1.7634487e-03
   6.0500000e+00  -1.7618949e-03
   6.0750000e+00  -1.7598232e-03
   6.1000000e+00  -1.7572523e-03
   6.1250000e+00  -1.7542005e-03
   6.1500000e+00  -1.7506856e-03
   6.1750000e+00  -1.7467250e-03
   6.2000000e+00  -1.7423356e-03
   6.2250000e+00  -1.7375340e-03
   6.2500000e+00  -1.7323364e-03
   6.2750000e+00  -1.7267587e-03
   6.3000000e+00  -1.7208162e-03
   6.3250000e+00  -1.7145241e-03
   6.3500000e+00  -1.7078968e-03
   6.3750000e+00  -1.7009484e-03
   6.4000000e+00  -1.6936924e-03
   6.4250000e+00  -1.6861420e-03
   6.4500000e+00  -1.6783097e-03
   6.4750000e+00  -1.6702079e-03
   6.5000000e+00  -1.6618483e-03
   6.5250000e+00  -1.6532426e-03
   6.5500000e+00  -1.6444020e-03
   6.5750000e+00  -1.6353397e-03
   6.6000000e+00  -1.6260571e-03
   6.6250000e+00  -1.6165744e-03
   6.6500000e+00  -1.6068976e-03
   6.6750000e+00  -1.5970357e-03
   6.7000000e+00  -1.5869977e-03
   6.7250000e+00  -1.5767916e-03
   6.7500000e+00  -1.5664254e-03
   6.7750000e+00  -1.5559063e-03
   6.8000000e+00  -1.5452414e-03
   6.8250000e+00  -1.5344377e-03
   6.8500000e+00  -1.5235021e-03
   6.8750000e+00  -1.5124414e-03
   6.9000000e+00  -1.5012624e-03
   6.9250000e+00  -1.4899718e-03
   6.9500000e+00  -1.4785763e-03
   6.9750000e+00  -1.4670828e-03
   7.0000000e+00  -1.4554981e-03
   7.0250000e+00  -1.4438291e-03
   7.0500000e+00  -1.4320827e-03
   7.0750000e+00  -1.4202658e-03
   7.1000000e+00  -1.4083855e-03
   7.1250000e+00  -1.3964488e-03
   7.1500000e+00  -1.3844627e-03
   7.1750000e+00  -1.3724342e-03
   7.2000000e+00  -1.3603701e-03
   7.2250000e+00  -1.3482771e-03
   7.2500000e+00  -1.3361614e-03
   7.2750000e+00  -1.3240289e-03
   7.3000000e+00  -1.3118850e-03
   7.3250000e+00  -1.2997348e-03
   7.3500000e+00  -1.2875833e-03
   7.3750000e+00  -1.2754347e-03
   7.4000000e+00  -1.2632932e-03
   7.4250000e+00  -1.2511623e-03
   7.4500000e+00  -1.2390451e-03
   7.4750000e+00  -1.2269444e-03
   7.5000000e+00  -1.2148629e-03
   7.5250000e+00  -1.2028033e-03
   7.5500000e+00  -1.1907683e-03
   7.5750000e+00  -1.1787610e-03
   7.6000000e+00  -1.1667846e-03
   7.6250000e+00  -1.1548422e-03
   7.6500000e+00  -1.1429372e-03
   7.6750000e+00  -1.1310730e-03
   7.7000000e+00  -1.1192528e-03
   7.7250000e+00  -1.1074797e-03
   7.7500000e+00  -1.0957566e-03
   7.7750000e+00  -1.0840860e-03
   7.8000000e+00  -1.0724700e-03
   7.8250000e+00  -1.0609105e-03
   7.8500000e+00  -1.0494089e-03
   7.8750000e+00  -1.0379660e-03
   7.9000000e+00  -1.0265823e-03
   7.9250000e+00  -1.0152574e-03
   7.9500000e+00  -1.0040281e-03
   7.9750000e+00  -9.9279370e-04
   8.0000000e+00  -9.8164945e-04
   8.0250000e+00  -9.7056708e-04
   8.0500000e+00  -9.5954623e-04
   8.0750000e+00  -9.4858719e-04
   8.1000000e+00  -9.3769040e-04
   8.1250000e+00  -9.2685640e-04
   8.1500000e+00  -9.1608574e-04
   8.1750000e+00  -9.0537900e-04
   8.2000000e+00  -8.9473687e-04
   8.2250000e+00  -8.8416021e-04
   8.2500000e+00  -8.7365008e-04
   8.2750000e+00  -8.6320767e-04
   8.3000000e+00  -8.5283407e-04
   8.3250000e+00  -8.4253019e-04
   8.3500000e+00  -8.3229669e-04
   8.3750000e+00  -8.2213405e-04
   8.4000000e+00  -8.1204266e-04
   8.4250000e+00  -8.0202292e-04
   8.4500000e+00  -7.9207548e-04
   8.4750000e+00  -7.8220118e-04
   8.5000000e+00  -7.7240108e-04
   8.5250000e+00  -7.6267641e-04
   8.5500000e+00  -7.5302854e-04
   8.5750000e+00  -7.4345896e-04
   8.6000000e+00  -7.3396930e-04
   8.6250000e+00  -7.2456130e-04
   8.6500000e+00  -7.1523671e-04
   8.6750000e+00  -7.0599726e-04
   8.7000000e+00  -6.9684455e-04
   8.7250000e+00  -6.8777997e-04
   8.7500000e+00  -6.7880459e-04
   8.7750000e+00  -6.6991914e-04
   8.8000000e+00  -6.6112399e-04
   8.8250000e+00  -6.5241926e-04
   8.8500000e+00  -6.4380487e-04
   8.8750000e+00  -6.3528056e-04
   8.9000000e+00  -6.2684594e-04
   8.9250000e+00  -6.1850043e-04
   8.9500000e+00  -6.1024339e-04
   8.9750000e+00  -6.0207417e-04
   9.0000000e+00  -5.9398911e-04
   9.0250000e+00  -5.8598791e-04
   9.0500000e+00  -5.7807341e-04
   9.0750000e+00  -5.7024534e-04
   9.1000000e+00  -5.6250361e-04
   9.1250000e+00  -5.5484819e-04
   9.1500000e+00  -5.4727900e-04
   9.1750000e+00  -5.3979586e-04
   9.2000000e+00  -5.3239841e-04
   9.2250000e+00  -5.2508609e-04
   9.2500000e+00  -5.1785816e-04
   9.2750000e+00  -5.1071371e-04
   9.3000000e+00  -5.0365168e-04
   9.3250000e+00  -4.9667083e-04
   9.3500000e+00  -4.8976982e-04
   9.3750000e+00  -4.8294729e-04
   9.4000000e+00  -4.7620221e-04
   9.4250000e+00  -4.6953396e-04
   9.4500000e+00  -4.6294246e-04
   9.4750000e+00  -4.5642794e-04
   9.5000000e+00  -4.4999068e-04
   9.5250000e+00  -4.4363084e-04
   9.5500000e+00  -4.3734836e-04
   9.5750000e+00  -4.3114303e-04
   9.6000000e+00  -4.2501441e-04
   9.6250000e+00  -4.1896180e-04
   9.6500000e+00  -4.1298427e-04
   9.6750000e+00  -4.0708060e-04
   9.7000000e+00  -4.0124935e-04
   9.7250000e+00  -3.9548883e-04
   9.7500000e+00  -3.8979715e-04
   9.7750000e+00  -3.8417215e-04
   9.8000000e+00  -3.7861147e-04
   9.8250000e+00  -3.7311264e-04
   9.8500000e+00  -3.6767335e-04
   9.8750000e+00  -3.6229154e-04
   9.9000000e+00  -3.5696555e-04
   9.9250000e+00  -3.5169417e-04
   9.9500000e+00  -3.4647656e-04
   9.9750000e+00  -3.4131220e-04
   1.0000000e+01  -3.3620080e-04
   1.0025000e+01  -3.3114230e-04
   1.0050000e+01  -3.2613695e-04
   1.0075000e+01  -3.2118528e-04
   1.0100000e+01  -3.1628807e-04
   1.0125000e+01  -3.1144620e-04
   1.0150000e+01  -3.0666060e-04
   1.0175000e+01  -3.0193222e-04
   1.0200000e+01  -2.9726197e-04
   1.0225000e+01  -2.9265077e-04
   1.0250000e+01  -2.8809963e-04
   1.0275000e+01  -2.8360979e-04
   1.0300000e+01  -2.7918271e-04
   1.0325000e+01  -2.7481998e-04
   1.0350000e+01  -2.7052318e-04
   1.0375000e+01  -2.6629369e-04
   1.0400000e+01  -2.6213262e-04
   1.0425000e+01  -2.5804054e-04
   1.0450000e+01  -2.5401740e-04
   1.0475000e+01  -2.5006234e-04
   1.0500000e+01  -2.4617371e-04
   1.0525000e+01  -2.4234915e-04
   1.0550000e+01  -2.3858592e-04
   1.0575000e+01  -2.3488115e-04
   1.0600000e+01  -2.3123217e-04
   1.0625000e+01  -2.2763670e-04
   1.0650000e+01  -2.2409288e-04
   1.0675000e+01  -2.2059931e-04
   1.0700000e+01  -2.1715496e-04
   1.0725000e+01  -2.1375914e-04
   1.0750000e+01  -2.1041153e-04
   1.0775000e+01  -2.0711202e-04
   1.0800000e+01  -2.0386054e-04
   1.0825000e+01  -2.0065686e-04
   1.0850000e+01  -1.9750045e-04
   1.0875000e+01  -1.9439050e-04
   1.0900000e+01  -1.9132592e-04
   1.0925000e+01  -1.8830523e-04
   1.0950000e+01  -1.8532661e-04
   1.0975000e+01  -1.8238793e-04
   1.1000000e+01  -1.7948686e-04
   1.1025000e+01  -1.7662100e-04
   1.1050000e+01  -1.7378795e-04
   1.1075000e+01  -1.7098545e-04
   1.1100000e+01  -1.6821153e-04
   1.1125000e+01  -1.6546465e-04
   1.1150000e+01  -1.6274373e-04
   1.1175000e+01  -1.6004822e-04
   1.1200000e+01  -1.5737813e-04
   1.1225000e+01  -1.5473393e-04
   1.1250000e+01  -1.5211651e-04
   1.1275000e+01  -1.4952698e-04
   1.1300000e+01  -1.4696660e-04
   1.1325000e+01  -1.4443659e-04
   1.1350000e+01  -1.4193820e-04
   1.1375000e+01  -1.3947269e-04
   1.1400000e+01  -1.3704139e-04
   1.1425000e+01  -1.3464577e-04
   1.1450000e+01  -1.3228740e-04
   1.1475000e+01  -1.2996781e-04
   1.1500000e+01  -1.2768838e-04
   1.1525000e+01  -1.2545020e-04
   1.1550000e+01  -1.2325410e-04
   1.1575000e+01  -1.2110069e-04
   1.1600000e+01  -1.1899051e-04
   1.1625000e+01  -1.1692387e-04
   1.1650000e+01  -1.1490088e-04
   1.1675000e+01  -1.1292147e-04
   1.1700000e+01  -1.1098545e-04
   1.1725000e+01  -1.0909259e-04
   1.1750000e+01  -1.0724269e-04
   1.1775000e+01  -1.0543566e-04
   1.1800000e+01  -1.0367159e-04
   1.1825000e+01  -1.0195080e-04
   1.1850000e+01  -1.0027372e-04
   1.1875000e+01  -9.8640820e-05
   1.1900000e+01  -9.7052285e-05
   1.1925000e+01  -9.5507741e-05
   1.1950000e+01  -9.4006098e-05
   1.1975000e+01  -9.2545512e-05
   1.2000000e+01  -9.1123371e-05
   1.2025000e+01  -8.9736319e-05
   1.2050000e+01  -8.8380323e-05
   1.2075000e+01  -8.7050857e-05
   1.2100000e+01  -8.5743162e-05
   1.2125000e+01  -8.4452457e-05
   1.2150000e+01  -8.3174101e-05
   1.2175000e+01  -8.1903662e-05
   1.2200000e+01  -8.0636974e-05
   1.2225000e+01  -7.9370262e-05
   1.2250000e+01  -7.8100274e-05
   1.2275000e+01  -7.6824346e-05
   1.2300000e+01  -7.5540444e-05
   1.2325000e+01  -7.4247191e-05
   1.2350000e+01  -7.2943919e-05
   1.2375000e+01  -7.1630759e-05
   1.2400000e+01  -7.0308658e-05
   1.2425000e+01  -6.8979254e-05
   1.2450000e+01  -6.7644715e-05
   1.2475000e+01  -6.6307648e-05
   1.2500000e+01  -6.4971030e-05
   1.2525000e+01  -6.3638112e-05
   1.2550000e+01  -6.2312303e-05
   1.2575000e+01  -6.0997080e-05
   1.2600000e+01  -5.9695849e-05
   1.2625000e+01  -5.8411742e-05
   1.2650000e+01  -5.7147481e-05
   1.2675000e+01  -5.5905340e-05
   1.2700000e+01  -5.4687122e-05
   1.2725000e+01  -5.3494122e-05
   1.2750000e+01  -5.2327171e-05
   1.2775000e+01  -5.1186740e-05
   1.2800000e+01  -5.0073030e-05
   1.2825000e+01  -4.8986071e-05
   1.2850000e+01  -4.7925818e-05
   1.2875000e+01  -4.6892247e-05
   1.2900000e+01  -4.5885422e-05
   1.2925000e+01  -4.4905619e-05
   1.2950000e+01  -4.3953488e-05
   1.2975000e+01  -4.3030172e-05
   1.3000000e+01  -4.2137366e-05
   1.3025000e+01  -4.1277239e-05
   1.3050000e+01  -4.0452191e-05
   1.3075000e+01  -3.9664587e-05
   1.3100000e+01  -3.8916545e-05
   1.3125000e+01  -3.8209762e-05
   1.3150000e+01  -3.7545354e-05
   1.3175000e+01  -3.6923750e-05
   1.3200000e+01  -3.6344655e-05
   1.3225000e+01  -3.5807069e-05
   1.3250000e+01  -3.5309290e-05
   1.3275000e+01  -3.4848985e-05
   1.3300000e+01  -3.4423308e-05
   1.3325000e+01  -3.4028984e-05
   1.3350000e+01  -3.3662305e-05
   1.3375000e+01  -3.3319072e-05
   1.3400000e+01  -3.2994557e-05
   1.3425000e+01  -3.2683540e-05
   1.3450000e+01  -3.2380368e-05
   1.3475000e+01  -3.2079091e-05
   1.3500000e+01  -3.1773728e-05
   1.3525000e+01  -3.1458548e-05
   1.3550000e+01  -3.1128254e-05
   1.3575000e+01  -3.0778123e-05
   1.3600000e+01  -3.0404204e-05
   1.3625000e+01  -3.0003446e-05
   1.3650000e+01  -2.9573710e-05
   1.3675000e+01  -2.9113645e-05
   1.3700000e+01  -2.8622470e-05
   1.3725000e+01  -2.8099865e-05
   1.3750000e+01  -2.7546055e-05
   1.3775000e+01  -2.6961963e-05
   1.3800000e+01  -2.6349294e-05
   1.3825000e+01  -2.5710595e-05
   1.3850000e+01  -2.5049267e-05
   1.3875000e+01  -2.4369456e-05
   1.3900000e+01  -2.3675907e-05
   1.3925000e+01  -2.2973794e-05
   1.3950000e+01  -2.2268485e-05
   1.3975000e+01  -2.1565361e-05
   1.4000000e+01  -2.0869698e-05
   1.4025000e+01  -2.0186569e-05
   1.4050000e+01  -1.9520785e-05
   1.4075000e+01  -1.8876837e-05
   1.4100000e+01  -1.8258824e-05
   1.4125000e+01  -1.7670366e-05
   1.4150000e+01  -1.7114506e-05
   1.4175000e+01  -1.6593570e-05
   1.4200000e+01  -1.6109004e-05
   1.4225000e+01  -1.5661291e-05
   1.4250000e+01  -1.5249976e-05
   1.4275000e+01  -1.4873845e-05
   1.4300000e+01  -1.4531110e-05
   1.4325000e+01  -1.4219538e-05
   1.4350000e+01  -1.3936585e-05
   1.4375000e+01  -1.3679591e-05
   1.4400000e+01  -1.3445896e-05
   1.4425000e+01  -1.3232758e-05
   1.4450000e+01  -1.3037177e-05
   1.4475000e+01  -1.2855879e-05
   1.4500000e+01  -1.2685503e-05
   1.4525000e+01  -1.2522886e-05
   1.4550000e+01  -1.2365316e-05
   1.4575000e+01  -1.2210638e-05
   1.4600000e+01  -1.2057222e-05
   1.4625000e+01  -1.1903862e-05
   1.4650000e+01  -1.1749621e-05
   1.4675000e+01  -1.1593741e-05
   1.4700000e+01  -1.1435721e-05
   1.4725000e+01  -1.1275338e-05
   1.4750000e+01  -1.1112505e-05
   1.4775000e+01  -1.0947139e-05
   1.4800000e+01  -1.0779122e-05
   1.4825000e+01  -1.0608293e-05
   1.4850000e+01  -1.0434499e-05
   1.4875000e+01  -1.0257734e-05
   1.4900000e+01  -1.0078343e-05
   1.4925000e+01  -9.8971534e-06
   1.4950000e+01  -9.7154581e-06
   1.4975000e+01  -9.5349252e-06
   1.5000000e+01  -9.3574938e-06
   1.5025000e+01  -9.1852060e-06
   1.5050000e+01  -9.0200555e-06
   1.5075000e+01  -8.8638229e-06
   1.5100000e+01  -8.7178548e-06
   1.5125000e+01  -8.5829632e-06
   1.5150000e+01  -8.4595243e-06
   1.5175000e+01  -8.3476056e-06
   1.5200000e+01  -8.2469391e-06
   1.5225000e+01  -8.1567858e-06
   1.5250000e+01  -8.0758925e-06
   1.5275000e+01  -8.0025826e-06
   1.5300000e+01  -7.9348508e-06
   1.5325000e+01  -7.8704628e-06
   1.5350000e+01  -7.8070724e-06
   1.5375000e+01  -7.7423093e-06
   1.5400000e+01  -7.6738143e-06
   1.5425000e+01  -7.5992347e-06
   1.5450000e+01  -7.5162327e-06
   1.5475000e+01  -7.4225497e-06
   1.5500000e+01  -7.3161358e-06
   1.5525000e+01  -7.1952256e-06
   1.5550000e+01  -7.0583914e-06
   1.5575000e+01  -6.9046585e-06
   1.5600000e+01  -6.7336082e-06
   1.5625000e+01  -6.5454936e-06
   1.5650000e+01  -6.3413218e-06
   1.5675000e+01  -6.1228310e-06
   1.5700000e+01  -5.8924271e-06
   1.5725000e+01  -5.6531178e-06
   1.5750000e+01  -5.4084260e-06
   1.5775000e+01  -5.1622628e-06
   1.5800000e+01  -4.9187693e-06
   1.5825000e+01  -4.6821130e-06
   1.5850000e+01  -4.4562360e-06
   1.5875000e+01  -4.2445541e-06
   1.5900000e+01  -4.0495982e-06
   1.5925000e+01  -3.8727391e-06
   1.5950000e+01  -3.7141453e-06
   1.5975000e+01  -3.5729693e-06
   1.6000000e+01  -3.4476303e-06
   1.6025000e+01  -3.3360848e-06
   1.6050000e+01  -3.2360278e-06
   1.6075000e+01  -3.1450255e-06
   1.6100000e+01  -3.0606077e-06
   1.6125000e+01  -2.9803630e-06
   1.6150000e+01  -2.9020943e-06
   1.6175000e+01  -2.8239527e-06
   1.6200000e+01  -2.7445449e-06
   1.6225000e+01  -2.6630780e-06
   1.6250000e+01  -2.5794391e-06
   1.6275000e+01  -2.4941312e-06
   1.6300000e+01  -2.4081419e-06
   1.6325000e+01  -2.3228217e-06
   1.6350000e+01  -2.2397628e-06
   1.6375000e+01  -2.1606836e-06
   1.6400000e+01  -2.0872981e-06
   1.6425000e+01  -2.0211233e-06
   1.6450000e+01  -1.9633396e-06
   1.6475000e+01  -1.9147844e-06
   1.6500000e+01  -1.8759866e-06
   1.6525000e+01  -1.8472400e-06
   1.6550000e+01  -1.8286457e-06
   1.6575000e+01  -1.8200879e-06
   1.6600000e+01  -1.8212667e-06
   1.6625000e+01  -1.8317523e-06
   1.6650000e+01  -1.8509597e-06
   1.6675000e+01  -1.8780653e-06
   1.6700000e+01  -1.9119556e-06
   1.6725000e+01  -1.9512071e-06
   1.6750000e+01  -1.9941427e-06
   1.6775000e+01  -2.0389825e-06
   1.6800000e+01  -2.0839738e-06
   1.6825000e+01  -2.1274856e-06
   1.6850000e+01  -2.1681183e-06
   1.6875000e+01  -2.2047916e-06
   1.6900000e+01  -2.2367451e-06
   1.6925000e+01  -2.2634977e-06
   1.6950000e+01  -2.2848352e-06
   1.6975000e+01  -2.3008209e-06
   1.7000000e+01  -2.3117447e-06
   1.7025000e+01  -2.3179777e-06
   1.7050000e+01  -2.3198480e-06
   1.7075000e+01  -2.3175571e-06
   1.7100000e+01  -2.3110598e-06
   1.7125000e+01  -2.2999515e-06
   1.7150000e+01  -2.2834885e-06
   1.7175000e+01  -2.2607531e-06
   1.7200000e+01  -2.2307980e-06
   1.7225000e+01  -2.1927566e-06
   1.7250000e+01  -2.1459889e-06
   1.7275000e+01  -2.0901530e-06
   1.7300000e+01  -2.0251933e-06
   1.7325000e+01  -1.9512757e-06
   1.7350000e+01  -1.8687074e-06
   1.7375000e+01  -1.7778515e-06
   1.7400000e+01  -1.6790744e-06
   1.7425000e+01  -1.5728047e-06
   1.7450000e+01  -1.4596424e-06
   1.7475000e+01  -1.3404636e-06
   1.7500000e+01  -1.2164992e-06
   1.7525000e+01  -1.0893707e-06
   1.7550000e+01  -9.6108956e-07
   1.7575000e+01  -8.3399580e-07
   1.7600000e+01  -7.1066103e-07
   1.7625000e+01  -5.9378668e-07
   1.7650000e+01  -4.8608691e-07
   1.7675000e+01  -3.9012314e-07
   1.7700000e+01  -3.0807674e-07
   1.7725000e+01  -2.4156600e-07
   1.7750000e+01  -1.9154427e-07
   1.7775000e+01  -1.5826962e-07
   1.7800000e+01  -1.4139283e-07
   1.7825000e+01  -1.4012791e-07
   1.7850000e+01  -1.5336785e-07
   1.7875000e+01  -1.7980922e-07
   1.7900000e+01  -2.1809607e-07
   1.7925000e+01  -2.6688922e-07
   1.7950000e+01  -3.2489498e-07
   1.7975000e+01  -3.9088511e-07
   1.8000000e+01  -4.6367355e-07
   1.8025000e+01  -5.4201616e-07
   1.8050000e+01  -6.2449750e-07
   1.8075000e+01  -7.0949714e-07
   1.8100000e+01  -7.9524684e-07
   1.8125000e+01  -8.7990582e-07
   1.8150000e+01  -9.6159544e-07
   1.8175000e+01  -1.0384296e-06
   1.8200000e+01  -1.1085402e-06
   1.8225000e+01  -1.1700689e-06
   1.8250000e+01  -1.2212116e-06
   1.8275000e+01  -1.2602957e-06
   1.8300000e+01  -1.2858796e-06
   1.8325000e+01  -1.2969330e-06
   1.8350000e+01  -1.2929918e-06
   1.8375000e+01  -1.2742193e-06
   1.8400000e+01  -1.2414180e-06
   1.8425000e+01  -1.1959610e-06
   1.8450000e+01  -1.1396534e-06
   1.8475000e+01  -1.0745982e-06
   1.8500000e+01  -1.0030706e-06
   1.8525000e+01  -9.2732627e-07
   1.8550000e+01  -8.4939677e-07
   1.8575000e+01  -7.7098263e-07
   1.8600000e+01  -6.9345572e-07
   1.8625000e+01  -6.1792895e-07
   1.8650000e+01  -5.4533062e-07
   1.8675000e+01  -4.7643788e-07
   1.8700000e+01  -4.1189352e-07
   1.8725000e+01  -3.5221240e-07
   1.8750000e+01  -2.9775672e-07
   1.8775000e+01  -2.4872708e-07
   1.8800000e+01  -2.0518505e-07
   1.8825000e+01  -1.6713834e-07
   1.8850000e+01  -1.3461042e-07
   1.8875000e+01  -1.0763236e-07
   1.8900000e+01  -8.6205995e-08
   1.8925000e+01  -7.0275733e-08
   1.8950000e+01  -5.9744357e-08
   1.8975000e+01  -5.4509541e-08
   1.9000000e+01   0.0000000e+00
