  -4.9875000e+00  -1.8514614e-01
  -4.9625000e+00  -1.8786884e-01
  -4.9375000e+00  -1.9056323e-01
  -4.9125000e+00  -1.9322948e-01
  -4.8875000e+00  -1.9586697e-01
  -4.8625000e+00  -1.9847494e-01
  -4.8375000e+00  -2.0105322e-01
  -4.8125000e+00  -2.0359948e-01
  -4.7875000e+00  -2.0611222e-01
  -4.7625000e+00  -2.0858851e-01
  -4.7375000e+00  -2.1102638e-01
  -4.7125000e+00  -2.1342808e-01
  -4.6875000e+00  -2.1579463e-01
  -4.6625000e+00  -2.1812636e-01
  -4.6375000e+00  -2.2042562e-01
  -4.6125000e+00  -2.2269329e-01
  -4.5875000e+00  -2.2492809e-01
  -4.5625000e+00  -2.2712780e-01
  -4.5375000e+00  -2.2928995e-01
  -4.5125000e+00  -2.3141497e-01
  -4.4875000e+00  -2.3350543e-01
  -4.4625000e+00  -2.3556274e-01
  -4.4375000e+00  -2.3758496e-01
  -4.4125000e+00  -2.3956992e-01
  -4.3875000e+00  -2.4151925e-01
  -4.3625000e+00  -2.4343290e-01
  -4.3375000e+00  -2.4530878e-01
  -4.3125000e+00  -2.4714703e-01
  -4.2875000e+00  -2.4894614e-01
  -4.2625000e+00  -2.5070468e-01
  -4.2375000e+00  -2.5242398e-01
  -4.2125000e+00  -2.5410408e-01
  -4.1875000e+00  -2.5574439e-01
  -4.1625000e+00  -2.5734540e-01
  -4.1375000e+00  -2.5890744e-01
  -4.1125000e+00  -2.6042897e-01
  -4.0875000e+00  -2.6190687e-01
  -4.0625000e+00  -2.6334151e-01
  -4.0375000e+00  -2.6473502e-01
  -4.0125000e+00  -2.6608724e-01
  -3.9875000e+00  -2.6739996e-01
  -3.9625000e+00  -2.6867404e-01
  -3.9375000e+00  -2.6990799e-01
  -3.9125000e+00  -2.7110083e-01
  -3.8875000e+00  -2.7224997e-01
  -3.8625000e+00  -2.7335373e-01
  -3.8375000e+00  -2.7441361e-01
  -3.8125000e+00  -2.7542954e-01
  -3.7875000e+00  -2.7640001e-01
  -3.7625000e+00  -2.7732452e-01
  -3.7375000e+00  -2.7820292e-01
  -3.7125000e+00  -2.7903763e-01
  -3.6875000e+00  -2.7983069e-01
  -3.6625000e+00  -2.8058266e-01
  -3.6375000e+00  -2.8129229e-01
  -3.6125000e+00  -2.8195698e-01
  -3.5875000e+00  -2.8257749e-01
  -3.5625000e+00  -2.8315528e-01
  -3.5375000e+00  -2.8368851e-01
  -3.5125000e+00  -2.8417551e-01
  -3.4875000e+00  -2.8461710e-01
  -3.4625000e+00  -2.8501530e-01
  -3.4375000e+00  -2.8537194e-01
  -3.4125000e+00  -2.8568822e-01
  -3.3875000e+00  -2.8596417e-01
  -3.3625000e+00  -2.8619895e-01
  -3.3375000e+00  -2.8639034e-01
  -3.3125000e+00  -2.8653771e-01
  -3.2875000e+00  -2.8663958e-01
  -3.2625000e+00  -2.8669327e-01
  -3.2375000e+00  -2.8669886e-01
  -3.2125000e+00  -2.8665476e-01
  -3.1875000e+00  -2.8656052e-01
  -3.1625000e+00  -2.8641738e-01
  -3.1375000e+00  -2.8622545e-01
  -3.1125000e+00  -2.8598458e-01
  -3.0875000e+00  -2.8569592e-01
  -3.0625000e+00  -2.8536168e-01
  -3.0375000e+00  -2.8498284e-01
  -3.0125000e+00  -2.8456046e-01
  -2.9875000e+00  -2.8409767e-01
  -2.9625000e+00  -2.8359766e-01
  -2.9375000e+00  -2.8306024e-01
  -2.9125000e+00  -2.8248333e-01
  -2.8875000e+00  -2.8186483e-01
  -2.8625000e+00  -2.8120441e-01
  -2.8375000e+00  -2.8050248e-01
  -2.8125000e+00  -2.7975784e-01
  -2.7875000e+00  -2.7896965e-01
  -2.7625000e+00  -2.7813864e-01
  -2.7375000e+00  -2.7726549e-01
  -2.7125000e+00  -2.7634982e-01
  -2.6875000e+00  -2.7539089e-01
  -2.6625000e+00  -2.7438848e-01
  -2.6375000e+00  -2.7334307e-01
  -2.6125000e+00  -2.7225414e-01
  -2.5875000e+00  -2.7112097e-01
  -2.5625000e+00  -2.6994334e-01
  -2.5375000e+00  -2.6872054e-01
  -2.5125000e+00  -2.6745275e-01
  -2.4875000e+00  -2.6613985e-01
  -2.4625000e+00  -2.6478114e-01
  -2.4375000e+00  -2.6337762e-01
  -2.4125000e+00  -2.6193081e-01
  -2.3875000e+00  -2.6044107e-01
  -2.3625000e+00  -2.5890909e-01
  -2.3375000e+00  -2.5733738e-01
  -2.3125000e+00  -2.5572779e-01
  -2.2875000e+00  -2.5408074e-01
  -2.2625000e+00  -2.5239586e-01
  -2.2375000e+00  -2.5067416e-01
  -2.2125000e+00  -2.4891698e-01
  -2.1875000e+00  -2.4712205e-01
  -2.1625000e+00  -2.4528700e-01
  -2.1375000e+00  -2.4341411e-01
  -2.1125000e+00  -2.4150507e-01
  -2.0875000e+00  -2.3955781e-01
  -2.0625000e+00  -2.3757021e-01
  -2.0375000e+00  -2.3554193e-01
  -2.0125000e+00  -2.3347474e-01
  -1.9875000e+00  -2.3136965e-01
  -1.9625000e+00  -2.2922810e-01
  -1.9375000e+00  -2.2705283e-01
  -1.9125000e+00  -2.2484552e-01
  -1.8875000e+00  -2.2260578e-01
  -1.8625000e+00  -2.2033395e-01
  -1.8375000e+00  -2.1803057e-01
  -1.8125000e+00  -2.1569432e-01
  -1.7875000e+00  -2.1332494e-01
  -1.7625000e+00  -2.1092243e-01
  -1.7375000e+00  -2.0848704e-01
  -1.7125000e+00  -2.0601867e-01
  -1.6875000e+00  -2.0351717e-01
  -1.6625000e+00  -2.0098310e-01
  -1.6375000e+00  -1.9841531e-01
  -1.6125000e+00  -1.9581390e-01
  -1.5875000e+00  -1.9318118e-01
  -1.5625000e+00  -1.9051940e-01
  -1.5375000e+00  -1.8782970e-01
  -1.5125000e+00  -1.8511247e-01
  -1.4875000e+00  -1.8236707e-01
  -1.4625000e+00  -1.7959256e-01
  -1.4375000e+00  -1.7678805e-01
  -1.4125000e+00  -1.7395470e-01
  -1.3875000e+00  -1.7109571e-01
  -1.3625000e+00  -1.6821204e-01
  -1.3375000e+00  -1.6530351e-01
  -1.3125000e+00  -1.6236915e-01
  -1.2875000e+00  -1.5940849e-01
  -1.2625000e+00  -1.5642182e-01
  -1.2375000e+00  -1.5340952e-01
  -1.2125000e+00  -1.5037327e-01
  -1.1875000e+00  -1.4731500e-01
  -1.1625000e+00  -1.4423226e-01
  -1.1375000e+00  -1.4112354e-01
  -1.1125000e+00  -1.3799069e-01
  -1.0875000e+00  -1.3483603e-01
  -1.0625000e+00  -1.3166111e-01
  -1.0375000e+00  -1.2846485e-01
  -1.0125000e+00  -1.2524618e-01
  -9.8750000e-01  -1.2200454e-01
  -9.6250000e-01  -1.1874088e-01
  -9.3750000e-01  -1.1545741e-01
  -9.1250000e-01  -1.1215479e-01
  -8.8750000e-01  -1.0883244e-01
  -8.6250000e-01  -1.0549254e-01
  -8.3750000e-01  -1.0213784e-01
  -8.1250000e-01  -9.8769752e-02
  -7.8750000e-01  -9.5391366e-02
  -7.6250000e-01  -9.2004310e-02
  -7.3750000e-01  -8.8608080e-02
  -7.1250000e-01  -8.5202923e-02
  -6.8750000e-01  -8.1789414e-02
  -6.6250000e-01  -7.8366101e-02
  -6.3750000e-01  -7.4930396e-02
  -6.1250000e-01  -7.1482241e-02
  -5.8750000e-01  -6.8021685e-02
  -5.6250000e-01  -6.4548051e-02
  -5.3750000e-01  -6.1060841e-02
  -5.1250000e-01  -5.7561584e-02
  -4.8750000e-01  -5.4053140e-02
  -4.6250000e-01  -5.0538498e-02
  -4.3750000e-01  -4.7020006e-02
  -4.1250000e-01  -4.3498813e-02
  -3.8750000e-01  -3.9976714e-02
  -3.6250000e-01  -3.6455104e-02
  -3.3750000e-01  -3.2935551e-02
  -3.1250000e-01  -2.9419914e-02
  -2.8750000e-01  -2.5909925e-02
  -2.6250000e-01  -2.2408907e-02
  -2.3750000e-01  -1.8920780e-02
  -2.1250000e-01  -1.5446799e-02
  -1.8750000e-01  -1.1986431e-02
  -1.6250000e-01  -8.5385011e-03
  -1.3750000e-01  -5.0995928e-03
  -1.1250000e-01  -1.6658609e-03
  -8.7500000e-02   1.7673883e-03
  -6.2500000e-02   5.2093235e-03
  -3.7500000e-02   8.6783206e-03
  -1.2500000e-02   1.2217517e-02
   1.2500000e-02   1.6035077e-02
   3.7500000e-02   1.9455010e-02
   6.2500000e-02   2.2700200e-02
   8.7500000e-02   2.5814720e-02
   1.1250000e-01   2.8815743e-02
   1.3750000e-01   3.1714646e-02
   1.6250000e-01   3.4519873e-02
   1.8750000e-01   3.7234754e-02
   2.1250000e-01   3.9861535e-02
   2.3750000e-01   4.2402476e-02
   2.6250000e-01   4.4859591e-02
   2.8750000e-01   4.7236041e-02
   3.1250000e-01   4.9535376e-02
   3.3750000e-01   5.1760372e-02
   3.6250000e-01   5.3912315e-02
   3.8750000e-01   5.5990669e-02
   4.1250000e-01   5.7997644e-02
   4.3750000e-01   5.9935632e-02
   4.6250000e-01   6.1805252e-02
   4.8750000e-01   6.3607896e-02
   5.1250000e-01   6.5343216e-02
   5.3750000e-01   6.7010704e-02
   5.6250000e-01   6.8610761e-02
   5.8750000e-01   7.0141822e-02
   6.1250000e-01   7.1601047e-02
   6.3750000e-01   7.2987712e-02
   6.6250000e-01   7.4304459e-02
   6.8750000e-01   7.5554696e-02
   7.1250000e-01   7.6740751e-02
   7.3750000e-01   7.7864710e-02
   7.6250000e-01   7.8927285e-02
   7.8750000e-01   7.9927985e-02
   8.1250000e-01   8.0866927e-02
   8.3750000e-01   8.1744276e-02
   8.6250000e-01   8.2560734e-02
   8.8750000e-01   8.3318458e-02
   9.1250000e-01   8.4017956e-02
   9.3750000e-01   8.4660729e-02
   9.6250000e-01   8.5248780e-02
   9.8750000e-01   8.5781871e-02
   1.0125000e+00   8.6259889e-02
   1.0375000e+00   8.6683664e-02
   1.0625000e+00   8.7056155e-02
   1.0875000e+00   8.7378961e-02
   1.1125000e+00   8.7651666e-02
   1.1375000e+00   8.7873366e-02
   1.1625000e+00   8.8044033e-02
   1.1875000e+00   8.8163065e-02
   1.2125000e+00   8.8229971e-02
   1.2375000e+00   8.8248559e-02
   1.2625000e+00   8.8222388e-02
   1.2875000e+00   8.8152849e-02
   1.3125000e+00   8.8042400e-02
   1.3375000e+00   8.7892904e-02
   1.3625000e+00   8.7705559e-02
   1.3875000e+00   8.7482076e-02
   1.4125000e+00   8.7224402e-02
   1.4375000e+00   8.6934499e-02
   1.4625000e+00   8.6613090e-02
   1.4875000e+00   8.6260832e-02
   1.5125000e+00   8.5878191e-02
   1.5375000e+00   8.5466174e-02
   1.5625000e+00   8.5026043e-02
   1.5875000e+00   8.4558188e-02
   1.6125000e+00   8.4063781e-02
   1.6375000e+00   8.3543425e-02
   1.6625000e+00   8.2998271e-02
   1.6875000e+00   8.2430018e-02
   1.7125000e+00   8.1838547e-02
   1.7375000e+00   8.1225784e-02
   1.7625000e+00   8.0593544e-02
   1.7875000e+00   7.9941195e-02
   1.8125000e+00   7.9267954e-02
   1.8375000e+00   7.8575536e-02
   1.8625000e+00   7.7866161e-02
   1.8875000e+00   7.7139432e-02
   1.9125000e+00   7.6396432e-02
   1.9375000e+00   7.5637398e-02
   1.9625000e+00   7.4861949e-02
   1.9875000e+00   7.4070826e-02
   2.0125000e+00   7.3264972e-02
   2.0375000e+00   7.2446551e-02
   2.0625000e+00   7.1617207e-02
   2.0875000e+00   7.0775592e-02
   2.1125000e+00   6.9920969e-02
   2.1375000e+00   6.9056691e-02
   2.1625000e+00   6.8183870e-02
   2.1875000e+00   6.7303110e-02
   2.2125000e+00   6.6417459e-02
   2.2375000e+00   6.5527893e-02
   2.2625000e+00   6.4636514e-02
   2.2875000e+00   6.3747071e-02
   2.3125000e+00   6.2861271e-02
   2.3375000e+00   6.1978854e-02
   2.3625000e+00   6.1098416e-02
   2.3875000e+00   6.0219995e-02
   2.4125000e+00   5.9342916e-02
   2.4375000e+00   5.8465222e-02
   2.4625000e+00   5.7586805e-02
   2.4875000e+00   5.6706356e-02
   2.5125000e+00   5.5823088e-02
   2.5375000e+00   5.4938840e-02
   2.5625000e+00   5.4053695e-02
   2.5875000e+00   5.3167435e-02
   2.6125000e+00   5.2282930e-02
   2.6375000e+00   5.1403430e-02
   2.6625000e+00   5.0530161e-02
   2.6875000e+00   4.9663769e-02
   2.7125000e+00   4.8805430e-02
   2.7375000e+00   4.7954602e-02
   2.7625000e+00   4.7110850e-02
   2.7875000e+00   4.6273490e-02
   2.8125000e+00   4.5441258e-02
   2.8375000e+00   4.4615310e-02
   2.8625000e+00   4.3795861e-02
   2.8875000e+00   4.2980252e-02
   2.9125000e+00   4.2166966e-02
   2.9375000e+00   4.1357833e-02
   2.9625000e+00   4.0555981e-02
   2.9875000e+00   3.9763280e-02
   3.0125000e+00   3.8979815e-02
   3.0375000e+00   3.8205741e-02
   3.0625000e+00   3.7439673e-02
   3.0875000e+00   3.6680928e-02
   3.1125000e+00   3.5930233e-02
   3.1375000e+00   3.5187508e-02
   3.1625000e+00   3.4453525e-02
   3.1875000e+00   3.3729211e-02
   3.2125000e+00   3.3014136e-02
   3.2375000e+00   3.2306192e-02
   3.2625000e+00   3.1605247e-02
   3.2875000e+00   3.0913613e-02
   3.3125000e+00   3.0232034e-02
   3.3375000e+00   2.9561633e-02
   3.3625000e+00   2.8904686e-02
   3.3875000e+00   2.8263881e-02
   3.4125000e+00   2.7639573e-02
   3.4375000e+00   2.7028450e-02
   3.4625000e+00   2.6427675e-02
   3.4875000e+00   2.5836263e-02
   3.5125000e+00   2.5254712e-02
   3.5375000e+00   2.4683672e-02
   3.5625000e+00   2.4123206e-02
   3.5875000e+00   2.3572314e-02
   3.6125000e+00   2.3029407e-02
   3.6375000e+00   2.2492890e-02
   3.6625000e+00   2.1961218e-02
   3.6875000e+00   2.1435762e-02
   3.7125000e+00   2.0919730e-02
   3.7375000e+00   2.0412554e-02
   3.7625000e+00   1.9913008e-02
   3.7875000e+00   1.9422210e-02
   3.8125000e+00   1.8939325e-02
   3.8375000e+00   1.8464461e-02
   3.8625000e+00   1.7998267e-02
   3.8875000e+00   1.7540633e-02
   3.9125000e+00   1.7091823e-02
   3.9375000e+00   1.6651406e-02
   3.9625000e+00   1.6219301e-02
   3.9875000e+00   1.5796771e-02
   4.0125000e+00   1.5383877e-02
   4.0375000e+00   1.4979726e-02
   4.0625000e+00   1.4584339e-02
   4.0875000e+00   1.4196648e-02
   4.1125000e+00   1.3815770e-02
   4.1375000e+00   1.3441231e-02
   4.1625000e+00   1.3074434e-02
   4.1875000e+00   1.2715831e-02
   4.2125000e+00   1.2365478e-02
   4.2375000e+00   1.2024976e-02
   4.2625000e+00   1.1694356e-02
   4.2875000e+00   1.1371838e-02
   4.3125000e+00   1.1055787e-02
   4.3375000e+00   1.0746958e-02
   4.3625000e+00   1.0447366e-02
   4.3875000e+00   1.0157837e-02
   4.4125000e+00   9.8761596e-03
   4.4375000e+00   9.6008117e-03
   4.4625000e+00   9.3322304e-03
   4.4875000e+00   9.0702207e-03
   4.5125000e+00   8.8142471e-03
   4.5375000e+00   8.5660164e-03
   4.5625000e+00   8.3254433e-03
   4.5875000e+00   8.0890147e-03
   4.6125000e+00   7.8556073e-03
   4.6375000e+00   7.6255667e-03
   4.6625000e+00   7.3998597e-03
   4.6875000e+00   7.1800799e-03
   4.7125000e+00   6.9664319e-03
   4.7375000e+00   6.7585499e-03
   4.7625000e+00   6.5566328e-03
   4.7875000e+00   6.3608286e-03
   4.8125000e+00   6.1705548e-03
   4.8375000e+00   5.9846095e-03
   4.8625000e+00   5.8034288e-03
   4.8875000e+00   5.6285369e-03
   4.9125000e+00   5.4590454e-03
   4.9375000e+00   5.2939869e-03
   4.9625000e+00   5.1353767e-03
   4.9875000e+00   4.9819936e-03
   5.0125000e+00   4.8309266e-03
   5.0375000e+00   4.6824000e-03
   5.0625000e+00   4.5370271e-03
   5.0875000e+00   4.3950799e-03
   5.1125000e+00   4.2560117e-03
   5.1375000e+00   4.1199421e-03
   5.1625000e+00   3.9878964e-03
   5.1875000e+00   3.8596429e-03
   5.2125000e+00   3.7349833e-03
   5.2375000e+00   3.6140956e-03
   5.2625000e+00   3.4970977e-03
   5.2875000e+00   3.3844810e-03
   5.3125000e+00   3.2747932e-03
   5.3375000e+00   3.1659650e-03
   5.3625000e+00   3.0580910e-03
   5.3875000e+00   2.9527350e-03
   5.4125000e+00   2.8499803e-03
   5.4375000e+00   2.7496709e-03
   5.4625000e+00   2.6551098e-03
   5.4875000e+00   2.5661815e-03
   5.5125000e+00   2.4797375e-03
   5.5375000e+00   2.3946651e-03
   5.5625000e+00   2.3094453e-03
   5.5875000e+00   2.2239160e-03
   5.6125000e+00   2.1409648e-03
   5.6375000e+00   2.0627101e-03
   5.6625000e+00   1.9882781e-03
   5.6875000e+00   1.9174291e-03
   5.7125000e+00   1.8513546e-03
   5.7375000e+00   1.7892319e-03
   5.7625000e+00   1.7293397e-03
   5.7875000e+00   1.6705038e-03
   5.8125000e+00   1.6136480e-03
   5.8375000e+00   1.5612786e-03
   5.8625000e+00   1.5130135e-03
   5.8875000e+00   1.4687721e-03
   5.9125000e+00   1.4285559e-03
   5.9375000e+00   1.3902306e-03
   5.9625000e+00   1.3525029e-03
   5.9875000e+00   1.3155970e-03
   6.0125000e+00   1.2781625e-03
   6.0375000e+00   1.2385393e-03
   6.0625000e+00   1.1995002e-03
   6.0875000e+00   1.1620367e-03
   6.1125000e+00   1.1238328e-03
   6.1375000e+00   1.0858421e-03
   6.1625000e+00   1.0492928e-03
   6.1875000e+00   1.0142931e-03
   6.2125000e+00   9.7946476e-04
   6.2375000e+00   9.4366629e-04
   6.2625000e+00   9.0687986e-04
   6.2875000e+00   8.6842087e-04
   6.3125000e+00   8.2868032e-04
   6.3375000e+00   7.8880007e-04
   6.3625000e+00   7.5082600e-04
   6.3875000e+00   7.1512242e-04
   6.4125000e+00   6.8011824e-04
   6.4375000e+00   6.4557005e-04
   6.4625000e+00   6.1311884e-04
   6.4875000e+00   5.8274534e-04
   6.5125000e+00   5.5403219e-04
   6.5375000e+00   5.2834751e-04
   6.5625000e+00   5.0620974e-04
   6.5875000e+00   4.8700797e-04
   6.6125000e+00   4.6983584e-04
   6.6375000e+00   4.5413738e-04
   6.6625000e+00   4.4033898e-04
   6.6875000e+00   4.2914657e-04
   6.7125000e+00   4.1936478e-04
   6.7375000e+00   4.0940086e-04
   6.7625000e+00   3.9803745e-04
   6.7875000e+00   3.8462555e-04
   6.8125000e+00   3.6969178e-04
   6.8375000e+00   3.5245773e-04
   6.8625000e+00   3.3319675e-04
   6.8875000e+00   3.1356033e-04
   6.9125000e+00   2.9530322e-04
   6.9375000e+00   2.7971462e-04
   6.9625000e+00   2.6652051e-04
   6.9875000e+00   2.5463085e-04
   7.0125000e+00   2.4368204e-04
   7.0375000e+00   2.3448166e-04
   7.0625000e+00   2.2566030e-04
   7.0875000e+00   2.1713910e-04
   7.1125000e+00   2.1086356e-04
   7.1375000e+00   2.0841958e-04
   7.1625000e+00   2.0961194e-04
   7.1875000e+00   2.1291343e-04
   7.2125000e+00   2.1558336e-04
   7.2375000e+00   2.1570909e-04
   7.2625000e+00   2.1487622e-04
   7.2875000e+00   2.1361580e-04
   7.3125000e+00   2.1220169e-04
   7.3375000e+00   2.1062558e-04
   7.3625000e+00   2.0770375e-04
   7.3875000e+00   2.0196721e-04
   7.4125000e+00   1.9242233e-04
   7.4375000e+00   1.8060971e-04
   7.4625000e+00   1.6747803e-04
   7.4875000e+00   1.5223899e-04
   7.5125000e+00   1.3472648e-04
   7.5375000e+00   1.1488356e-04
   7.5625000e+00   9.6005515e-05
   7.5875000e+00   8.0409603e-05
   7.6125000e+00   6.7880695e-05
   7.6375000e+00   5.8897567e-05
   7.6625000e+00   5.1818590e-05
   7.6875000e+00   4.5473045e-05
   7.7125000e+00   4.0569605e-05
   7.7375000e+00   3.7402796e-05
   7.7625000e+00   3.4931879e-05
   7.7875000e+00   3.4070966e-05
   7.8125000e+00   3.5729099e-05
   7.8375000e+00   3.9996793e-05
   7.8625000e+00   4.6136179e-05
   7.8875000e+00   5.3663283e-05
   7.9125000e+00   6.2953745e-05
   7.9375000e+00   7.2270769e-05
   7.9625000e+00   8.0559125e-05
   7.9875000e+00   8.7795643e-05
   8.0125000e+00   9.4040917e-05
   8.0375000e+00   9.8420410e-05
   8.0625000e+00   9.9395667e-05
   8.0875000e+00   9.6747044e-05
   8.1125000e+00   9.0645177e-05
   8.1375000e+00   8.2675950e-05
   8.1625000e+00   7.3979193e-05
   8.1875000e+00   6.4075659e-05
   8.2125000e+00   5.3281846e-05
   8.2375000e+00   4.1707316e-05
   8.2625000e+00   3.1215070e-05
   8.2875000e+00   2.2634184e-05
   8.3125000e+00   1.4182383e-05
   8.3375000e+00   6.5349714e-06
   8.3625000e+00   1.8890897e-06
   8.3875000e+00   1.6774081e-06
   8.4125000e+00   6.4321612e-06
   8.4375000e+00   1.4115624e-05
   8.4625000e+00   2.1272805e-05
   8.4875000e+00   2.6961102e-05
   8.5125000e+00   3.0644858e-05
   8.5375000e+00   3.2093960e-05
   8.5625000e+00   3.2140171e-05
   8.5875000e+00   3.0648426e-05
   8.6125000e+00   2.7377032e-05
   8.6375000e+00   2.1270095e-05
   8.6625000e+00   1.2742401e-05
   8.6875000e+00   3.9148664e-06
   8.7125000e+00  -3.0097789e-06
   8.7375000e+00  -7.3391150e-06
   8.7625000e+00  -8.9996277e-06
   8.7875000e+00  -8.0588258e-06
   8.8125000e+00  -6.4068307e-06
   8.8375000e+00  -5.8126975e-06
   8.8625000e+00  -6.8330597e-06
   8.8875000e+00  -1.0145470e-05
   8.9125000e+00  -1.5265293e-05
   8.9375000e+00  -2.0822212e-05
   8.9625000e+00  -2.5009852e-05
   8.9875000e+00  -2.6586181e-05
   9.0125000e+00  -2.5961700e-05
   9.0375000e+00  -2.3139669e-05
   9.0625000e+00  -1.8541926e-05
   9.0875000e+00  -1.3342622e-05
   9.1125000e+00  -9.1996903e-06
   9.1375000e+00  -6.9426673e-06
   9.1625000e+00  -6.5009641e-06
   9.1875000e+00  -7.3068218e-06
   9.2125000e+00  -7.2269226e-06
   9.2375000e+00  -4.8801438e-06
   9.2625000e+00   2.0987340e-07
   9.2875000e+00   8.1445007e-06
   9.3125000e+00   1.7323063e-05
   9.3375000e+00   2.6265256e-05
   9.3625000e+00   3.3932606e-05
   9.3875000e+00   3.9695618e-05
   9.4125000e+00   4.3167451e-05
   9.4375000e+00   4.3368997e-05
   9.4625000e+00   4.0032328e-05
   9.4875000e+00   3.5437827e-05
   9.5125000e+00   3.2941398e-05
   9.5375000e+00   3.4116177e-05
   9.5625000e+00   3.7593235e-05
   9.5875000e+00   4.2242452e-05
   9.6125000e+00   4.6894607e-05
   9.6375000e+00   5.0011316e-05
   9.6625000e+00   5.0022329e-05
   9.6875000e+00   4.6495966e-05
   9.7125000e+00   4.2527796e-05
   9.7375000e+00   3.9704435e-05
   9.7625000e+00   3.6318442e-05
   9.7875000e+00   3.2541866e-05
   9.8125000e+00   2.8729635e-05
   9.8375000e+00   2.3752846e-05
   9.8625000e+00   1.6852687e-05
   9.8875000e+00   8.2872619e-06
   9.9125000e+00  -1.1596184e-06
   9.9375000e+00  -1.0511798e-05
   9.9625000e+00  -1.7419555e-05
   9.9875000e+00  -2.1381507e-05
   1.0012500e+01  -2.3611004e-05
   1.0037500e+01  -2.5310761e-05
   1.0062500e+01  -2.7207181e-05
   1.0087500e+01  -2.8744756e-05
   1.0112500e+01  -2.9444263e-05
   1.0137500e+01  -2.9101904e-05
   1.0162500e+01  -2.8243450e-05
   1.0187500e+01  -2.6497226e-05
   1.0212500e+01  -2.4306237e-05
   1.0237500e+01  -2.3549775e-05
   1.0262500e+01  -2.4421747e-05
   1.0287500e+01  -2.7668169e-05
   1.0312500e+01  -3.3179885e-05
   1.0337500e+01  -3.8320459e-05
   1.0362500e+01  -4.1476110e-05
   1.0387500e+01  -4.3508325e-05
   1.0412500e+01  -4.4182774e-05
   1.0437500e+01  -4.2233318e-05
   1.0462500e+01  -3.8954746e-05
   1.0487500e+01  -3.5564852e-05
   1.0512500e+01  -3.0287246e-05
   1.0537500e+01  -2.1372690e-05
   1.0562500e+01  -9.8014493e-06
   1.0587500e+01   2.4428974e-06
   1.0612500e+01   1.5076418e-05
   1.0637500e+01   2.7132894e-05
   1.0662500e+01   3.6870820e-05
   1.0687500e+01   4.2654434e-05
   1.0712500e+01   4.3684179e-05
   1.0737500e+01   4.0660810e-05
   1.0762500e+01   3.5830557e-05
   1.0787500e+01   3.0922614e-05
   1.0812500e+01   2.6518065e-05
   1.0837500e+01   2.4309098e-05
   1.0862500e+01   2.3885587e-05
   1.0887500e+01   2.3599623e-05
   1.0912500e+01   2.3272353e-05
   1.0937500e+01   2.2586011e-05
   1.0962500e+01   2.2046919e-05
   1.0987500e+01   2.1622199e-05
   1.1012500e+01   1.9038798e-05
   1.1037500e+01   1.3359896e-05
   1.1062500e+01   4.7092238e-06
   1.1087500e+01  -5.9778015e-06
   1.1112500e+01  -1.6912198e-05
   1.1137500e+01  -2.5903394e-05
   1.1162500e+01  -3.0137107e-05
   1.1187500e+01  -2.9744574e-05
   1.1212500e+01  -2.5993336e-05
   1.1237500e+01  -1.9152606e-05
   1.1262500e+01  -1.0123898e-05
   1.1287500e+01   2.2280251e-07
   1.1312500e+01   1.0782932e-05
   1.1337500e+01   1.9363532e-05
   1.1362500e+01   2.4123109e-05
   1.1387500e+01   2.5512837e-05
   1.1412500e+01   2.4692103e-05
   1.1437500e+01   2.2582635e-05
   1.1462500e+01   2.0874293e-05
   1.1487500e+01   2.0130964e-05
   1.1512500e+01   1.8703070e-05
   1.1537500e+01   1.5825945e-05
   1.1562500e+01   1.1426291e-05
   1.1587500e+01   5.9180002e-06
   1.1612500e+01   1.3720240e-07
   1.1637500e+01  -5.9652860e-06
   1.1662500e+01  -1.1846149e-05
   1.1687500e+01  -1.6465123e-05
   1.1712500e+01  -1.9701168e-05
   1.1737500e+01  -2.0482547e-05
   1.1762500e+01  -1.8265447e-05
   1.1787500e+01  -1.5162479e-05
   1.1812500e+01  -1.1851327e-05
   1.1837500e+01  -9.0949204e-06
   1.1862500e+01  -7.6437753e-06
   1.1887500e+01  -7.8428628e-06
   1.1912500e+01  -1.0058254e-05
   1.1937500e+01  -1.2774345e-05
   1.1962500e+01  -1.4967541e-05
   1.1987500e+01  -1.6112347e-05
   1.2012500e+01  -1.7024559e-05
   1.2037500e+01  -1.7692435e-05
   1.2062500e+01  -1.6969436e-05
   1.2087500e+01  -1.4899709e-05
   1.2112500e+01  -1.2203568e-05
   1.2137500e+01  -9.1663009e-06
   1.2162500e+01  -6.3583127e-06
   1.2187500e+01  -4.8014418e-06
   1.2212500e+01  -3.7015716e-06
   1.2237500e+01  -3.6236108e-06
   1.2262500e+01  -4.0428529e-06
   1.2287500e+01  -2.9066117e-06
   1.2312500e+01   1.0342067e-07
   1.2337500e+01   4.1599627e-06
   1.2362500e+01   9.3056678e-06
   1.2387500e+01   1.5794309e-05
   1.2412500e+01   2.2422067e-05
   1.2437500e+01   2.9022857e-05
   1.2462500e+01   3.5388114e-05
   1.2487500e+01   4.0790063e-05
   1.2512500e+01   4.4207200e-05
   1.2537500e+01   4.4215135e-05
   1.2562500e+01   4.0525417e-05
   1.2587500e+01   3.4856556e-05
   1.2612500e+01   2.6928557e-05
   1.2637500e+01   1.7271733e-05
   1.2662500e+01   7.6634924e-06
   1.2687500e+01  -1.2636959e-06
   1.2712500e+01  -6.9861513e-06
   1.2737500e+01  -9.8876203e-06
   1.2762500e+01  -1.2465013e-05
   1.2787500e+01  -1.6291530e-05
   1.2812500e+01  -2.1498203e-05
   1.2837500e+01  -2.6518706e-05
   1.2862500e+01  -3.0648434e-05
   1.2887500e+01  -3.4013340e-05
   1.2912500e+01  -3.6546224e-05
   1.2937500e+01  -3.7362882e-05
   1.2962500e+01  -3.6529046e-05
   1.2987500e+01  -3.2765489e-05
   1.3012500e+01  -2.4434675e-05
   1.3037500e+01  -1.3078967e-05
   1.3062500e+01  -8.4050897e-07
   1.3087500e+01   1.0195068e-05
   1.3112500e+01   1.7950211e-05
   1.3137500e+01   2.1947658e-05
   1.3162500e+01   2.4541570e-05
   1.3187500e+01   2.6693602e-05
   1.3212500e+01   2.6612314e-05
   1.3237500e+01   2.4065621e-05
   1.3262500e+01   2.1046133e-05
   1.3287500e+01   1.9007189e-05
   1.3312500e+01   1.7020832e-05
   1.3337500e+01   1.3607061e-05
   1.3362500e+01   7.4638602e-06
   1.3387500e+01  -2.2090103e-06
   1.3412500e+01  -1.3162579e-05
   1.3437500e+01  -2.2489050e-05
   1.3462500e+01  -2.9683988e-05
   1.3487500e+01  -3.4742841e-05
   1.3512500e+01  -3.7422104e-05
   1.3537500e+01  -3.7928431e-05
   1.3562500e+01  -3.6282689e-05
   1.3587500e+01  -3.3838103e-05
   1.3612500e+01  -3.1954358e-05
   1.3637500e+01  -3.0135952e-05
   1.3662500e+01  -2.7414831e-05
   1.3687500e+01  -2.2247570e-05
   1.3712500e+01  -1.5070199e-05
   1.3737500e+01  -7.7729722e-06
   1.3762500e+01  -1.1136967e-06
   1.3787500e+01   4.8222449e-06
   1.3812500e+01   1.0523599e-05
   1.3837500e+01   1.5455920e-05
   1.3862500e+01   1.9316935e-05
   1.3887500e+01   2.3125921e-05
   1.3912500e+01   2.8240009e-05
   1.3937500e+01   3.4055897e-05
   1.3962500e+01   3.8786491e-05
   1.3987500e+01   4.2210921e-05
   1.4012500e+01   4.5000586e-05
   1.4037500e+01   4.6925496e-05
   1.4062500e+01   4.7849125e-05
   1.4087500e+01   4.8218634e-05
   1.4112500e+01   4.7871960e-05
   1.4137500e+01   4.5742909e-05
   1.4162500e+01   4.0403831e-05
   1.4187500e+01   3.2194384e-05
   1.4212500e+01   2.2598291e-05
   1.4237500e+01   1.3155755e-05
   1.4262500e+01   5.2884510e-06
   1.4287500e+01  -2.2965194e-08
   1.4312500e+01  -2.9620623e-06
   1.4337500e+01  -4.4466906e-06
   1.4362500e+01  -6.5383598e-06
   1.4387500e+01  -1.0268093e-05
   1.4412500e+01  -1.5176668e-05
   1.4437500e+01  -2.1586074e-05
   1.4462500e+01  -2.9311534e-05
   1.4487500e+01  -3.5546760e-05
   1.4512500e+01  -3.8700010e-05
   1.4537500e+01  -4.0561581e-05
   1.4562500e+01  -4.2708696e-05
   1.4587500e+01  -4.4575314e-05
   1.4612500e+01  -4.6422520e-05
   1.4637500e+01  -4.7587198e-05
   1.4662500e+01  -4.5256576e-05
   1.4687500e+01  -4.0004701e-05
   1.4712500e+01  -3.2448140e-05
   1.4737500e+01  -2.1623791e-05
   1.4762500e+01  -8.6889092e-06
   1.4787500e+01   2.4172265e-06
   1.4812500e+01   9.5941425e-06
   1.4837500e+01   1.3860764e-05
   1.4862500e+01   1.6212190e-05
   1.4887500e+01   1.6373912e-05
   1.4912500e+01   1.4268575e-05
   1.4937500e+01   1.1149560e-05
   1.4962500e+01   8.0348209e-06
   1.4987500e+01   5.7849938e-06
   1.5012500e+01   5.5909792e-06
   1.5037500e+01   8.1134631e-06
   1.5062500e+01   1.1818679e-05
   1.5087500e+01   1.4307379e-05
   1.5112500e+01   1.4275368e-05
   1.5137500e+01   1.1445049e-05
   1.5162500e+01   6.8247726e-06
   1.5187500e+01   1.0640391e-06
   1.5212500e+01  -4.5082233e-06
   1.5237500e+01  -9.2114336e-06
   1.5262500e+01  -1.3767148e-05
   1.5287500e+01  -1.6876031e-05
   1.5312500e+01  -1.7518111e-05
   1.5337500e+01  -1.6439969e-05
   1.5362500e+01  -1.4127820e-05
   1.5387500e+01  -9.9657508e-06
   1.5412500e+01  -3.7228849e-06
   1.5437500e+01   3.0332743e-06
   1.5462500e+01   7.7706091e-06
   1.5487500e+01   9.7728767e-06
   1.5512500e+01   1.0876962e-05
   1.5537500e+01   1.2065268e-05
   1.5562500e+01   1.2928289e-05
   1.5587500e+01   1.4484108e-05
   1.5612500e+01   1.6184567e-05
   1.5637500e+01   1.7325285e-05
   1.5662500e+01   1.8871423e-05
   1.5687500e+01   2.0096384e-05
   1.5712500e+01   2.0004710e-05
   1.5737500e+01   1.9855582e-05
   1.5762500e+01   1.9715976e-05
   1.5787500e+01   1.9428229e-05
   1.5812500e+01   2.0702135e-05
   1.5837500e+01   2.2988351e-05
   1.5862500e+01   2.4131181e-05
   1.5887500e+01   2.3985747e-05
   1.5912500e+01   2.3317912e-05
   1.5937500e+01   2.0860652e-05
   1.5962500e+01   1.7256216e-05
   1.5987500e+01   1.4297620e-05
   1.6012500e+01   1.2352398e-05
   1.6037500e+01   1.0561979e-05
   1.6062500e+01   6.7952716e-06
   1.6087500e+01   1.3080667e-06
   1.6112500e+01  -3.0001705e-06
   1.6137500e+01  -5.2932255e-06
   1.6162500e+01  -6.7301903e-06
   1.6187500e+01  -9.1906555e-06
   1.6212500e+01  -1.3631028e-05
   1.6237500e+01  -1.9387160e-05
   1.6262500e+01  -2.4688474e-05
   1.6287500e+01  -2.7010855e-05
   1.6312500e+01  -2.6742938e-05
   1.6337500e+01  -2.5900079e-05
   1.6362500e+01  -2.6364004e-05
   1.6387500e+01  -2.8673805e-05
   1.6412500e+01  -3.2454277e-05
   1.6437500e+01  -3.6783709e-05
   1.6462500e+01  -3.9172423e-05
   1.6487500e+01  -3.8904781e-05
   1.6512500e+01  -3.6937593e-05
   1.6537500e+01  -3.3969334e-05
   1.6562500e+01  -3.0593485e-05
   1.6587500e+01  -2.6575974e-05
   1.6612500e+01  -2.2687892e-05
   1.6637500e+01  -2.0372506e-05
   1.6662500e+01  -1.7927438e-05
   1.6687500e+01  -1.3129303e-05
   1.6712500e+01  -6.9275373e-06
   1.6737500e+01  -1.7064299e-06
   1.6762500e+01   1.4136865e-06
   1.6787500e+01   2.4060235e-06
   1.6812500e+01   1.8343505e-06
   1.6837500e+01   6.4727903e-07
   1.6862500e+01  -1.2618712e-06
   1.6887500e+01  -3.2104894e-06
   1.6912500e+01  -4.1743556e-06
   1.6937500e+01  -4.3138417e-06
   1.6962500e+01  -2.5566134e-06
   1.6987500e+01   1.5100343e-06
   1.7012500e+01   7.1585609e-06
   1.7037500e+01   1.3807499e-05
   1.7062500e+01   2.0753283e-05
   1.7087500e+01   2.7796656e-05
   1.7112500e+01   3.4095773e-05
   1.7137500e+01   3.9126744e-05
   1.7162500e+01   4.1297003e-05
   1.7187500e+01   4.0051845e-05
   1.7212500e+01   3.7026641e-05
   1.7237500e+01   3.3631676e-05
   1.7262500e+01   3.0943151e-05
   1.7287500e+01   2.8985534e-05
   1.7312500e+01   2.7911000e-05
   1.7337500e+01   2.8851128e-05
   1.7362500e+01   3.4008970e-05
   1.7387500e+01   4.2530787e-05
   1.7412500e+01   4.9731055e-05
   1.7437500e+01   5.2303365e-05
   1.7462500e+01   4.9932561e-05
   1.7487500e+01   4.4074455e-05
   1.7512500e+01   3.6693565e-05
   1.7537500e+01   2.8617052e-05
   1.7562500e+01   1.8779798e-05
   1.7587500e+01   6.8715460e-06
   1.7612500e+01  -5.6944942e-06
   1.7637500e+01  -1.7263623e-05
   1.7662500e+01  -2.5775738e-05
   1.7687500e+01  -3.0447993e-05
   1.7712500e+01  -3.1938686e-05
   1.7737500e+01  -3.1225004e-05
   1.7762500e+01  -3.0234552e-05
   1.7787500e+01  -3.1510740e-05
   1.7812500e+01  -3.6120033e-05
   1.7837500e+01  -4.3452420e-05
   1.7862500e+01  -5.1035763e-05
   1.7887500e+01  -5.6725612e-05
   1.7912500e+01  -5.9706548e-05
   1.7937500e+01  -5.9586240e-05
   1.7962500e+01  -5.6233812e-05
   1.7987500e+01  -4.9167873e-05
   1.8012500e+01  -3.9588967e-05
   1.8037500e+01  -3.0219488e-05
   1.8062500e+01  -2.3558692e-05
   1.8087500e+01  -1.9754541e-05
   1.8112500e+01  -1.6264096e-05
   1.8137500e+01  -1.2150881e-05
   1.8162500e+01  -7.0518668e-06
   1.8187500e+01   1.9790608e-07
   1.8212500e+01   9.2356902e-06
   1.8237500e+01   1.9937792e-05
   1.8262500e+01   3.0903558e-05
   1.8287500e+01   3.8701992e-05
   1.8312500e+01   4.0587050e-05
   1.8337500e+01   3.7062524e-05
   1.8362500e+01   3.1479819e-05
   1.8387500e+01   2.5330403e-05
   1.8412500e+01   1.8568411e-05
   1.8437500e+01   1.1397950e-05
   1.8462500e+01   4.9918549e-06
   1.8487500e+01   1.5028541e-08
   1.8512500e+01  -4.0953681e-06
   1.8537500e+01  -6.3362519e-06
   1.8562500e+01  -6.7378843e-06
   1.8587500e+01  -8.3370199e-06
   1.8612500e+01  -1.1729138e-05
   1.8637500e+01  -1.4491421e-05
   1.8662500e+01  -1.5829510e-05
   1.8687500e+01  -1.5907632e-05
   1.8712500e+01  -1.5395196e-05
   1.8737500e+01  -1.2901250e-05
   1.8762500e+01  -7.7903715e-06
   1.8787500e+01  -2.2001736e-06
   1.8812500e+01   1.7884820e-06
   1.8837500e+01   4.7190661e-06
   1.8862500e+01   8.5013927e-06
   1.8887500e+01   1.4144861e-05
   1.8912500e+01   2.1755546e-05
   1.8937500e+01   2.8203106e-05
   1.8962500e+01   3.1721262e-05
   1.8987500e+01   3.3175147e-05
