  -1.5000000e+01   6.2405550e-01
  -1.4990000e+01   6.2188438e-01
  -1.4980000e+01   6.1909363e-01
  -1.4970000e+01   6.1568611e-01
  -1.4960000e+01   6.1166530e-01
  -1.4950000e+01   6.0703528e-01
  -1.4940000e+01   6.0180074e-01
  -1.4930000e+01   5.9596698e-01
  -1.4920000e+01   5.8953988e-01
  -1.4910000e+01   5.8252593e-01
  -1.4900000e+01   5.7493219e-01
  -1.4890000e+01   5.6676631e-01
  -1.4880000e+01   5.5803648e-01
  -1.4870000e+01   5.4875150e-01
  -1.4860000e+01   5.3892067e-01
  -1.4850000e+01   5.2855387e-01
  -1.4840000e+01   5.1766150e-01
  -1.4830000e+01   5.0625448e-01
  -1.4820000e+01   4.9434424e-01
  -1.4810000e+01   4.8194272e-01
  -1.4800000e+01   4.6906235e-01
  -1.4790000e+01   4.5571601e-01
  -1.4780000e+01   4.4191708e-01
  -1.4770000e+01   4.2767935e-01
  -1.4760000e+01   4.1301709e-01
  -1.4750000e+01   3.9794495e-01
  -1.4740000e+01   3.8247801e-01
  -1.4730000e+01   3.6663174e-01
  -1.4720000e+01   3.5042197e-01
  -1.4710000e+01   3.3386492e-01
  -1.4700000e+01   3.1697712e-01
  -1.4690000e+01   2.9977545e-01
  -1.4680000e+01   2.8227710e-01
  -1.4670000e+01   2.6449954e-01
  -1.4660000e+01   2.4646052e-01
  -1.4650000e+01   2.2817807e-01
  -1.4640000e+01   2.0967044e-01
  -1.4630000e+01   1.9095609e-01
  -1.4620000e+01   1.7205371e-01
  -1.4610000e+01   1.5298217e-01
  -1.4600000e+01   1.3376049e-01
  -1.4590000e+01   1.1440785e-01
  -1.4580000e+01   9.4943557e-02
  -1.4570000e+01   7.5387026e-02
  -1.4560000e+01   5.5757762e-02
  -1.4550000e+01   3.6075338e-02
  -1.4540000e+01   1.6359380e-02
  -1.4530000e+01  -3.3704569e-03
  -1.4520000e+01  -2.3094505e-02
  -1.4510000e+01  -4.2793104e-02
  -1.4500000e+01  -6.2446625e-02
  -1.4490000e+01  -8.2035482e-02
  -1.4480000e+01  -1.0154016e-01
  -1.4470000e+01  -1.2094122e-01
  -1.4460000e+01  -1.4021935e-01
  -1.4450000e+01  -1.5935535e-01
  -1.4440000e+01  -1.7833015e-01
  -1.4430000e+01  -1.9712486e-01
  -1.4420000e+01  -2.1572078e-01
  -1.4410000e+01  -2.3409939e-01
  -1.4400000e+01  -2.5224240e-01
  -1.4390000e+01  -2.7013175e-01
  -1.4380000e+01  -2.8774965e-01
  -1.4370000e+01  -3.0507857e-01
  -1.4360000e+01  -3.2210127e-01
  -1.4350000e+01  -3.3880082e-01
  -1.4340000e+01  -3.5516061e-01
  -1.4330000e+01  -3.7116439e-01
  -1.4320000e+01  -3.8679624e-01
  -1.4310000e+01  -4.0204063e-01
  -1.4300000e+01  -4.1688241e-01
  -1.4290000e+01  -4.3130684e-01
  -1.4280000e+01  -4.4529959e-01
  -1.4270000e+01  -4.5884676e-01
  -1.4260000e+01  -4.7193491e-01
  -1.4250000e+01  -4.8455106e-01
  -1.4240000e+01  -4.9668267e-01
  -1.4230000e+01  -5.0831772e-01
  -1.4220000e+01  -5.1944467e-01
  -1.4210000e+01  -5.3005250e-01
  -1.4200000e+01  -5.4013069e-01
  -1.4190000e+01  -5.4966926e-01
  -1.4180000e+01  -5.5865877e-01
  -1.4170000e+01  -5.6709034e-01
  -1.4160000e+01  -5.7495561e-01
  -1.4150000e+01  -5.8224683e-01
  -1.4140000e+01  -5.8895678e-01
  -1.4130000e+01  -5.9507887e-01
  -1.4120000e+01  -6.0060705e-01
  -1.4110000e+01  -6.0553589e-01
  -1.4100000e+01  -6.0986055e-01
  -1.4090000e+01  -6.1357679e-01
  -1.4080000e+01  -6.1668098e-01
  -1.4070000e+01  -6.1917011e-01
  -1.4060000e+01  -6.2104175e-01
  -1.4050000e+01  -6.2229413e-01
  -1.4040000e+01  -6.2292608e-01
  -1.4030000e+01  -6.2293703e-01
  -1.4020000e+01  -6.2232705e-01
  -1.4010000e+01  -6.2109682e-01
  -1.4000000e+01  -6.1924765e-01
  -1.3990000e+01  -6.1678145e-01
  -1.3980000e+01  -6.1370076e-01
  -1.3970000e+01  -6.1000872e-01
  -1.3960000e+01  -6.0570908e-01
  -1.3950000e+01  -6.0080621e-01
  -1.3940000e+01  -5.9530506e-01
  -1.3930000e+01  -5.8921119e-01
  -1.3920000e+01  -5.8253075e-01
  -1.3910000e+01  -5.7527046e-01
  -1.3900000e+01  -5.6743762e-01
  -1.3890000e+01  -5.5904013e-01
  -1.3880000e+01  -5.5008641e-01
  -1.3870000e+01  -5.4058545e-01
  -1.3860000e+01  -5.3054680e-01
  -1.3850000e+01  -5.1998051e-01
  -1.3840000e+01  -5.0889720e-01
  -1.3830000e+01  -4.9730796e-01
  -1.3820000e+01  -4.8522440e-01
  -1.3810000e+01  -4.7265864e-01
  -1.3800000e+01  -4.5962326e-01
  -1.3790000e+01  -4.4613129e-01
  -1.3780000e+01  -4.3219625e-01
  -1.3770000e+01  -4.1783208e-01
  -1.3760000e+01  -4.0305315e-01
  -1.3750000e+01  -3.8787423e-01
  -1.3740000e+01  -3.7231050e-01
  -1.3730000e+01  -3.5637753e-01
  -1.3720000e+01  -3.4009124e-01
  -1.3710000e+01  -3.2346789e-01
  -1.3700000e+01  -3.0652411e-01
  -1.3690000e+01  -2.8927682e-01
  -1.3680000e+01  -2.7174324e-01
  -1.3670000e+01  -2.5394088e-01
  -1.3660000e+01  -2.3588753e-01
  -1.3650000e+01  -2.1760120e-01
  -1.3640000e+01  -1.9910015e-01
  -1.3630000e+01  -1.8040285e-01
  -1.3620000e+01  -1.6152795e-01
  -1.3610000e+01  -1.4249428e-01
  -1.3600000e+01  -1.2332085e-01
  -1.3590000e+01  -1.0402677e-01
  -1.3580000e+01  -8.4631291e-02
  -1.3570000e+01  -6.5153756e-02
  -1.3560000e+01  -4.5613588e-02
  -1.3550000e+01  -2.6030270e-02
  -1.3540000e+01  -6.4233276e-03
  -1.3530000e+01   1.3187695e-02
  -1.3520000e+01   3.2783252e-02
  -1.3510000e+01   5.2343812e-02
  -1.3500000e+01   7.1849884e-02
  -1.3490000e+01   9.1282032e-02
  -1.3480000e+01   1.1062090e-01
  -1.3470000e+01   1.2984722e-01
  -1.3460000e+01   1.4894184e-01
  -1.3450000e+01   1.6788575e-01
  -1.3440000e+01   1.8666008e-01
  -1.3430000e+01   2.0524614e-01
  -1.3420000e+01   2.2362543e-01
  -1.3410000e+01   2.4177966e-01
  -1.3400000e+01   2.5969075e-01
  -1.3390000e+01   2.7734088e-01
  -1.3380000e+01   2.9471250e-01
  -1.3370000e+01   3.1178832e-01
  -1.3360000e+01   3.2855135e-01
  -1.3350000e+01   3.4498492e-01
  -1.3340000e+01   3.6107271e-01
  -1.3330000e+01   3.7679870e-01
  -1.3320000e+01   3.9214727e-01
  -1.3310000e+01   4.0710316e-01
  -1.3300000e+01   4.2165152e-01
  -1.3290000e+01   4.3577789e-01
  -1.3280000e+01   4.4946825e-01
  -1.3270000e+01   4.6270899e-01
  -1.3260000e+01   4.7548697e-01
  -1.3250000e+01   4.8778952e-01
  -1.3240000e+01   4.9960443e-01
  -1.3230000e+01   5.1091997e-01
  -1.3220000e+01   5.2172493e-01
  -1.3210000e+01   5.3200860e-01
  -1.3200000e+01   5.4176079e-01
  -1.3190000e+01   5.5097185e-01
  -1.3180000e+01   5.5963265e-01
  -1.3170000e+01   5.6773462e-01
  -1.3160000e+01   5.7526977e-01
  -1.3150000e+01   5.8223063e-01
  -1.3140000e+01   5.8861035e-01
  -1.3130000e+01   5.9440264e-01
  -1.3120000e+01   5.9960178e-01
  -1.3110000e+01   6.0420266e-01
  -1.3100000e+01   6.0820078e-01
  -1.3090000e+01   6.1159221e-01
  -1.3080000e+01   6.1437365e-01
  -1.3070000e+01   6.1654239e-01
  -1.3060000e+01   6.1809634e-01
  -1.3050000e+01   6.1903403e-01
  -1.3040000e+01   6.1935460e-01
  -1.3030000e+01   6.1905779e-01
  -1.3020000e+01   6.1814398e-01
  -1.3010000e+01   6.1661414e-01
  -1.3000000e+01   6.1446988e-01
  -1.2990000e+01   6.1171340e-01
  -1.2980000e+01   6.0834751e-01
  -1.2970000e+01   6.0437566e-01
  -1.2960000e+01   5.9980186e-01
  -1.2950000e+01   5.9463074e-01
  -1.2940000e+01   5.8886753e-01
  -1.2930000e+01   5.8251804e-01
  -1.2920000e+01   5.7558867e-01
  -1.2910000e+01   5.6808638e-01
  -1.2900000e+01   5.6001873e-01
  -1.2890000e+01   5.5139382e-01
  -1.2880000e+01   5.4222031e-01
  -1.2870000e+01   5.3250740e-01
  -1.2860000e+01   5.2226485e-01
  -1.2850000e+01   5.1150291e-01
  -1.2840000e+01   5.0023239e-01
  -1.2830000e+01   4.8846456e-01
  -1.2820000e+01   4.7621121e-01
  -1.2810000e+01   4.6348462e-01
  -1.2800000e+01   4.5029752e-01
  -1.2790000e+01   4.3666311e-01
  -1.2780000e+01   4.2259503e-01
  -1.2770000e+01   4.0810735e-01
  -1.2760000e+01   3.9321456e-01
  -1.2750000e+01   3.7793155e-01
  -1.2740000e+01   3.6227359e-01
  -1.2730000e+01   3.4625634e-01
  -1.2720000e+01   3.2989580e-01
  -1.2710000e+01   3.1320832e-01
  -1.2700000e+01   2.9621056e-01
  -1.2690000e+01   2.7891951e-01
  -1.2680000e+01   2.6135242e-01
  -1.2670000e+01   2.4352685e-01
  -1.2660000e+01   2.2546058e-01
  -1.2650000e+01   2.0717166e-01
  -1.2640000e+01   1.8867833e-01
  -1.2630000e+01   1.6999904e-01
  -1.2620000e+01   1.5115245e-01
  -1.2610000e+01   1.3215735e-01
  -1.2600000e+01   1.1303269e-01
  -1.2590000e+01   9.3797541e-02
  -1.2580000e+01   7.4471096e-02
  -1.2570000e+01   5.5072624e-02
  -1.2560000e+01   3.5621467e-02
  -1.2550000e+01   1.6137018e-02
  -1.2540000e+01  -3.3612997e-03
  -1.2530000e+01  -2.2854051e-02
  -1.2520000e+01  -4.2321809e-02
  -1.2510000e+01  -6.1745174e-02
  -1.2500000e+01  -8.1104790e-02
  -1.2490000e+01  -1.0038137e-01
  -1.2480000e+01  -1.1955571e-01
  -1.2470000e+01  -1.3860872e-01
  -1.2460000e+01  -1.5752141e-01
  -1.2450000e+01  -1.7627496e-01
  -1.2440000e+01  -1.9485068e-01
  -1.2430000e+01  -2.1323009e-01
  -1.2420000e+01  -2.3139489e-01
  -1.2410000e+01  -2.4932700e-01
  -1.2400000e+01  -2.6700858e-01
  -1.2390000e+01  -2.8442202e-01
  -1.2380000e+01  -3.0155001e-01
  -1.2370000e+01  -3.1837550e-01
  -1.2360000e+01  -3.3488177e-01
  -1.2350000e+01  -3.5105239e-01
  -1.2340000e+01  -3.6687128e-01
  -1.2330000e+01  -3.8232273e-01
  -1.2320000e+01  -3.9739137e-01
  -1.2310000e+01  -4.1206223e-01
  -1.2300000e+01  -4.2632072e-01
  -1.2290000e+01  -4.4015269e-01
  -1.2280000e+01  -4.5354440e-01
  -1.2270000e+01  -4.6648255e-01
  -1.2260000e+01  -4.7895429e-01
  -1.2250000e+01  -4.9094725e-01
  -1.2240000e+01  -5.0244953e-01
  -1.2230000e+01  -5.1344973e-01
  -1.2220000e+01  -5.2393692e-01
  -1.2210000e+01  -5.3390073e-01
  -1.2200000e+01  -5.4333127e-01
  -1.2190000e+01  -5.5221921e-01
  -1.2180000e+01  -5.6055575e-01
  -1.2170000e+01  -5.6833264e-01
  -1.2160000e+01  -5.7554220e-01
  -1.2150000e+01  -5.8217730e-01
  -1.2140000e+01  -5.8823140e-01
  -1.2130000e+01  -5.9369853e-01
  -1.2120000e+01  -5.9857330e-01
  -1.2110000e+01  -6.0285092e-01
  -1.2100000e+01  -6.0652720e-01
  -1.2090000e+01  -6.0959853e-01
  -1.2080000e+01  -6.1206193e-01
  -1.2070000e+01  -6.1391501e-01
  -1.2060000e+01  -6.1515598e-01
  -1.2050000e+01  -6.1578369e-01
  -1.2040000e+01  -6.1579756e-01
  -1.2030000e+01  -6.1519767e-01
  -1.2020000e+01  -6.1398467e-01
  -1.2010000e+01  -6.1215984e-01
  -1.2000000e+01  -6.0972507e-01
  -1.1990000e+01  -6.0668286e-01
  -1.1980000e+01  -6.0303629e-01
  -1.1970000e+01  -5.9878909e-01
  -1.1960000e+01  -5.9394553e-01
  -1.1950000e+01  -5.8851052e-01
  -1.1940000e+01  -5.8248955e-01
  -1.1930000e+01  -5.7588867e-01
  -1.1920000e+01  -5.6871453e-01
  -1.1910000e+01  -5.6097434e-01
  -1.1900000e+01  -5.5267589e-01
  -1.1890000e+01  -5.4382749e-01
  -1.1880000e+01  -5.3443804e-01
  -1.1870000e+01  -5.2451695e-01
  -1.1860000e+01  -5.1407417e-01
  -1.1850000e+01  -5.0312017e-01
  -1.1840000e+01  -4.9166590e-01
  -1.1830000e+01  -4.7972286e-01
  -1.1820000e+01  -4.6730300e-01
  -1.1810000e+01  -4.5441874e-01
  -1.1800000e+01  -4.4108298e-01
  -1.1790000e+01  -4.2730906e-01
  -1.1780000e+01  -4.1311075e-01
  -1.1770000e+01  -3.9850226e-01
  -1.1760000e+01  -3.8349819e-01
  -1.1750000e+01  -3.6811353e-01
  -1.1740000e+01  -3.5236367e-01
  -1.1730000e+01  -3.3626433e-01
  -1.1720000e+01  -3.1983161e-01
  -1.1710000e+01  -3.0308191e-01
  -1.1700000e+01  -2.8603197e-01
  -1.1690000e+01  -2.6869881e-01
  -1.1680000e+01  -2.5109974e-01
  -1.1670000e+01  -2.3325232e-01
  -1.1660000e+01  -2.1517437e-01
  -1.1650000e+01  -1.9688394e-01
  -1.1640000e+01  -1.7839927e-01
  -1.1630000e+01  -1.5973882e-01
  -1.1620000e+01  -1.4092119e-01
  -1.1610000e+01  -1.2196516e-01
  -1.1600000e+01  -1.0288963e-01
  -1.1590000e+01  -8.3713642e-02
  -1.1580000e+01  -6.4456304e-02
  -1.1570000e+01  -4.5136822e-02
  -1.1560000e+01  -2.5774457e-02
  -1.1550000e+01  -6.3885113e-03
  -1.1540000e+01   1.3001692e-02
  -1.1530000e+01   3.2376827e-02
  -1.1520000e+01   5.1717586e-02
  -1.1510000e+01   7.1004696e-02
  -1.1500000e+01   9.0218940e-02
  -1.1490000e+01   1.0934118e-01
  -1.1480000e+01   1.2835236e-01
  -1.1470000e+01   1.4723355e-01
  -1.1460000e+01   1.6596595e-01
  -1.1450000e+01   1.8453090e-01
  -1.1440000e+01   2.0290992e-01
  -1.1430000e+01   2.2108471e-01
  -1.1420000e+01   2.3903719e-01
  -1.1410000e+01   2.5674947e-01
  -1.1400000e+01   2.7420394e-01
  -1.1390000e+01   2.9138322e-01
  -1.1380000e+01   3.0827023e-01
  -1.1370000e+01   3.2484817e-01
  -1.1360000e+01   3.4110055e-01
  -1.1350000e+01   3.5701120e-01
  -1.1340000e+01   3.7256431e-01
  -1.1330000e+01   3.8774441e-01
  -1.1320000e+01   4.0253642e-01
  -1.1310000e+01   4.1692563e-01
  -1.1300000e+01   4.3089775e-01
  -1.1290000e+01   4.4443889e-01
  -1.1280000e+01   4.5753562e-01
  -1.1270000e+01   4.7017491e-01
  -1.1260000e+01   4.8234424e-01
  -1.1250000e+01   4.9403151e-01
  -1.1240000e+01   5.0522513e-01
  -1.1230000e+01   5.1591400e-01
  -1.1220000e+01   5.2608753e-01
  -1.1210000e+01   5.3573562e-01
  -1.1200000e+01   5.4484872e-01
  -1.1190000e+01   5.5341780e-01
  -1.1180000e+01   5.6143438e-01
  -1.1170000e+01   5.6889054e-01
  -1.1160000e+01   5.7577889e-01
  -1.1150000e+01   5.8209264e-01
  -1.1140000e+01   5.8782556e-01
  -1.1130000e+01   5.9297199e-01
  -1.1120000e+01   5.9752686e-01
  -1.1110000e+01   6.0148571e-01
  -1.1100000e+01   6.0484465e-01
  -1.1090000e+01   6.0760039e-01
  -1.1080000e+01   6.0975026e-01
  -1.1070000e+01   6.1129218e-01
  -1.1060000e+01   6.1222466e-01
  -1.1050000e+01   6.1254686e-01
  -1.1040000e+01   6.1225852e-01
  -1.1030000e+01   6.1135998e-01
  -1.1020000e+01   6.0985221e-01
  -1.1010000e+01   6.0773677e-01
  -1.1000000e+01   6.0501584e-01
  -1.0990000e+01   6.0169220e-01
  -1.0980000e+01   5.9776921e-01
  -1.0970000e+01   5.9325086e-01
  -1.0960000e+01   5.8814172e-01
  -1.0950000e+01   5.8244692e-01
  -1.0940000e+01   5.7617222e-01
  -1.0930000e+01   5.6932393e-01
  -1.0920000e+01   5.6190894e-01
  -1.0910000e+01   5.5393469e-01
  -1.0900000e+01   5.4540919e-01
  -1.0890000e+01   5.3634099e-01
  -1.0880000e+01   5.2673920e-01
  -1.0870000e+01   5.1661344e-01
  -1.0860000e+01   5.0597385e-01
  -1.0850000e+01   4.9483109e-01
  -1.0840000e+01   4.8319632e-01
  -1.0830000e+01   4.7108120e-01
  -1.0820000e+01   4.5849783e-01
  -1.0810000e+01   4.4545882e-01
  -1.0800000e+01   4.3197720e-01
  -1.0790000e+01   4.1806647e-01
  -1.0780000e+01   4.0374052e-01
  -1.0770000e+01   3.8901368e-01
  -1.0760000e+01   3.7390067e-01
  -1.0750000e+01   3.5841659e-01
  -1.0740000e+01   3.4257692e-01
  -1.0730000e+01   3.2639747e-01
  -1.0720000e+01   3.0989440e-01
  -1.0710000e+01   2.9308421e-01
  -1.0700000e+01   2.7598366e-01
  -1.0690000e+01   2.5860985e-01
  -1.0680000e+01   2.4098010e-01
  -1.0670000e+01   2.2311202e-01
  -1.0660000e+01   2.0502343e-01
  -1.0650000e+01   1.8673240e-01
  -1.0640000e+01   1.6825717e-01
  -1.0630000e+01   1.4961617e-01
  -1.0620000e+01   1.3082800e-01
  -1.0610000e+01   1.1191140e-01
  -1.0600000e+01   9.2885225e-02
  -1.0590000e+01   7.3768460e-02
  -1.0580000e+01   5.4580164e-02
  -1.0570000e+01   3.5339466e-02
  -1.0560000e+01   1.6065548e-02
  -1.0550000e+01  -3.2223776e-03
  -1.0540000e+01  -2.2505088e-02
  -1.0530000e+01  -4.1763365e-02
  -1.0520000e+01  -6.0978019e-02
  -1.0510000e+01  -8.0129904e-02
  -1.0500000e+01  -9.9199941e-02
  -1.0490000e+01  -1.1816913e-01
  -1.0480000e+01  -1.3701858e-01
  -1.0470000e+01  -1.5572952e-01
  -1.0460000e+01  -1.7428331e-01
  -1.0450000e+01  -1.9266149e-01
  -1.0440000e+01  -2.1084574e-01
  -1.0430000e+01  -2.2881797e-01
  -1.0420000e+01  -2.4656029e-01
  -1.0410000e+01  -2.6405505e-01
  -1.0400000e+01  -2.8128482e-01
  -1.0390000e+01  -2.9823247e-01
  -1.0380000e+01  -3.1488114e-01
  -1.0370000e+01  -3.3121427e-01
  -1.0360000e+01  -3.4721561e-01
  -1.0350000e+01  -3.6286924e-01
  -1.0340000e+01  -3.7815961e-01
  -1.0330000e+01  -3.9307151e-01
  -1.0320000e+01  -4.0759012e-01
  -1.0310000e+01  -4.2170101e-01
  -1.0300000e+01  -4.3539016e-01
  -1.0290000e+01  -4.4864397e-01
  -1.0280000e+01  -4.6144928e-01
  -1.0270000e+01  -4.7379337e-01
  -1.0260000e+01  -4.8566399e-01
  -1.0250000e+01  -4.9704935e-01
  -1.0240000e+01  -5.0793816e-01
  -1.0230000e+01  -5.1831962e-01
  -1.0220000e+01  -5.2818344e-01
  -1.0210000e+01  -5.3751982e-01
  -1.0200000e+01  -5.4631954e-01
  -1.0190000e+01  -5.5457386e-01
  -1.0180000e+01  -5.6227463e-01
  -1.0170000e+01  -5.6941422e-01
  -1.0160000e+01  -5.7598557e-01
  -1.0150000e+01  -5.8198220e-01
  -1.0140000e+01  -5.8739818e-01
  -1.0130000e+01  -5.9222819e-01
  -1.0120000e+01  -5.9646745e-01
  -1.0110000e+01  -6.0011182e-01
  -1.0100000e+01  -6.0315771e-01
  -1.0090000e+01  -6.0560216e-01
  -1.0080000e+01  -6.0744279e-01
  -1.0070000e+01  -6.0867783e-01
  -1.0060000e+01  -6.0930611e-01
  -1.0050000e+01  -6.0932705e-01
  -1.0040000e+01  -6.0874071e-01
  -1.0030000e+01  -6.0754774e-01
  -1.0020000e+01  -6.0574937e-01
  -1.0010000e+01  -6.0334747e-01
  -1.0000000e+01  -6.0034448e-01
  -9.9900000e+00  -5.9674357e-01
  -9.9800000e+00  -5.9254888e-01
  -9.9700000e+00  -5.8776524e-01
  -9.9600000e+00  -5.8239805e-01
  -9.9500000e+00  -5.7645329e-01
  -9.9400000e+00  -5.6993749e-01
  -9.9300000e+00  -5.6285774e-01
  -9.9200000e+00  -5.5522167e-01
  -9.9100000e+00  -5.4703746e-01
  -9.9000000e+00  -5.3831380e-01
  -9.8900000e+00  -5.2905989e-01
  -9.8800000e+00  -5.1928545e-01
  -9.8700000e+00  -5.0900069e-01
  -9.8600000e+00  -4.9821628e-01
  -9.8500000e+00  -4.8694340e-01
  -9.8400000e+00  -4.7519365e-01
  -9.8300000e+00  -4.6297909e-01
  -9.8200000e+00  -4.5031220e-01
  -9.8100000e+00  -4.3720590e-01
  -9.8000000e+00  -4.2367350e-01
  -9.7900000e+00  -4.0972868e-01
  -9.7800000e+00  -3.9538551e-01
  -9.7700000e+00  -3.8065844e-01
  -9.7600000e+00  -3.6556223e-01
  -9.7500000e+00  -3.5011198e-01
  -9.7400000e+00  -3.3432310e-01
  -9.7300000e+00  -3.1821132e-01
  -9.7200000e+00  -3.0179261e-01
  -9.7100000e+00  -2.8508322e-01
  -9.7000000e+00  -2.6809967e-01
  -9.6900000e+00  -2.5085867e-01
  -9.6800000e+00  -2.3337718e-01
  -9.6700000e+00  -2.1567232e-01
  -9.6600000e+00  -1.9776143e-01
  -9.6500000e+00  -1.7966196e-01
  -9.6400000e+00  -1.6139156e-01
  -9.6300000e+00  -1.4296796e-01
  -9.6200000e+00  -1.2440902e-01
  -9.6100000e+00  -1.0573269e-01
  -9.6000000e+00  -8.6956987e-02
  -9.5900000e+00  -6.8099995e-02
  -9.5800000e+00  -4.9179826e-02
  -9.5700000e+00  -3.0214617e-02
  -9.5600000e+00  -1.1222505e-02
  -9.5500000e+00   7.7783826e-03
  -9.5400000e+00   2.6769954e-02
  -9.5300000e+00   4.5734163e-02
  -9.5200000e+00   6.4653032e-02
  -9.5100000e+00   8.3508664e-02
  -9.5000000e+00   1.0228326e-01
  -9.4900000e+00   1.2095915e-01
  -9.4800000e+00   1.3951877e-01
  -9.4700000e+00   1.5794474e-01
  -9.4600000e+00   1.7621981e-01
  -9.4500000e+00   1.9432694e-01
  -9.4400000e+00   2.1224926e-01
  -9.4300000e+00   2.2997014e-01
  -9.4200000e+00   2.4747316e-01
  -9.4100000e+00   2.6474214e-01
  -9.4000000e+00   2.8176116e-01
  -9.3900000e+00   2.9851458e-01
  -9.3800000e+00   3.1498702e-01
  -9.3700000e+00   3.3116342e-01
  -9.3600000e+00   3.4702903e-01
  -9.3500000e+00   3.6256941e-01
  -9.3400000e+00   3.7777047e-01
  -9.3300000e+00   3.9261845e-01
  -9.3200000e+00   4.0709998e-01
  -9.3100000e+00   4.2120203e-01
  -9.3000000e+00   4.3491197e-01
  -9.2900000e+00   4.4821756e-01
  -9.2800000e+00   4.6110696e-01
  -9.2700000e+00   4.7356874e-01
  -9.2600000e+00   4.8559191e-01
  -9.2500000e+00   4.9716588e-01
  -9.2400000e+00   5.0828053e-01
  -9.2300000e+00   5.1892617e-01
  -9.2200000e+00   5.2909357e-01
  -9.2100000e+00   5.3877395e-01
  -9.2000000e+00   5.4795902e-01
  -9.1900000e+00   5.5664094e-01
  -9.1800000e+00   5.6481237e-01
  -9.1700000e+00   5.7246645e-01
  -9.1600000e+00   5.7959680e-01
  -9.1500000e+00   5.8619755e-01
  -9.1400000e+00   5.9226330e-01
  -9.1300000e+00   5.9778919e-01
  -9.1200000e+00   6.0277082e-01
  -9.1100000e+00   6.0720435e-01
  -9.1000000e+00   6.1108639e-01
  -9.0900000e+00   6.1441409e-01
  -9.0800000e+00   6.1718512e-01
  -9.0700000e+00   6.1939763e-01
  -9.0600000e+00   6.2105031e-01
  -9.0500000e+00   6.2214234e-01
  -9.0400000e+00   6.2267342e-01
  -9.0300000e+00   6.2264375e-01
  -9.0200000e+00   6.2205403e-01
  -9.0100000e+00   6.2090549e-01
  -9.0000000e+00   6.1919982e-01
  -8.9900000e+00   6.1693925e-01
  -8.9800000e+00   6.1412647e-01
  -8.9700000e+00   6.1076467e-01
  -8.9600000e+00   6.0685753e-01
  -8.9500000e+00   6.0240921e-01
  -8.9400000e+00   5.9742432e-01
  -8.9300000e+00   5.9190798e-01
  -8.9200000e+00   5.8586574e-01
  -8.9100000e+00   5.7930362e-01
  -8.9000000e+00   5.7222808e-01
  -8.8900000e+00   5.6464602e-01
  -8.8800000e+00   5.5656479e-01
  -8.8700000e+00   5.4799215e-01
  -8.8600000e+00   5.3893629e-01
  -8.8500000e+00   5.2940578e-01
  -8.8400000e+00   5.1940963e-01
  -8.8300000e+00   5.0895721e-01
  -8.8200000e+00   4.9805828e-01
  -8.8100000e+00   4.8672297e-01
  -8.8000000e+00   4.7496178e-01
  -8.7900000e+00   4.6278553e-01
  -8.7800000e+00   4.5020541e-01
  -8.7700000e+00   4.3723292e-01
  -8.7600000e+00   4.2387989e-01
  -8.7500000e+00   4.1015843e-01
  -8.7400000e+00   3.9608098e-01
  -8.7300000e+00   3.8166023e-01
  -8.7200000e+00   3.6690915e-01
  -8.7100000e+00   3.5184096e-01
  -8.7000000e+00   3.3646913e-01
  -8.6900000e+00   3.2080738e-01
  -8.6800000e+00   3.0486961e-01
  -8.6700000e+00   2.8866995e-01
  -8.6600000e+00   2.7222271e-01
  -8.6500000e+00   2.5554241e-01
  -8.6400000e+00   2.3864370e-01
  -8.6300000e+00   2.2154139e-01
  -8.6200000e+00   2.0425044e-01
  -8.6100000e+00   1.8678594e-01
  -8.6000000e+00   1.6916308e-01
  -8.5900000e+00   1.5139715e-01
  -8.5800000e+00   1.3350354e-01
  -8.5700000e+00   1.1549768e-01
  -8.5600000e+00   9.7395097e-02
  -8.5500000e+00   7.9211337e-02
  -8.5400000e+00   6.0961985e-02
  -8.5300000e+00   4.2662643e-02
  -8.5200000e+00   2.4328918e-02
  -8.5100000e+00   5.9764063e-03
  -8.5000000e+00  -1.2379317e-02
  -8.4900000e+00  -3.0722714e-02
  -8.4800000e+00  -4.9038295e-02
  -8.4700000e+00  -6.7310633e-02
  -8.4600000e+00  -8.5524374e-02
  -8.4500000e+00  -1.0366425e-01
  -8.4400000e+00  -1.2171511e-01
  -8.4300000e+00  -1.3966188e-01
  -8.4200000e+00  -1.5748965e-01
  -8.4100000e+00  -1.7518363e-01
  -8.4000000e+00  -1.9272917e-01
  -8.3900000e+00  -2.1011181e-01
  -8.3800000e+00  -2.2731722e-01
  -8.3700000e+00  -2.4433130e-01
  -8.3600000e+00  -2.6114011e-01
  -8.3500000e+00  -2.7772993e-01
  -8.3400000e+00  -2.9408728e-01
  -8.3300000e+00  -3.1019886e-01
  -8.3200000e+00  -3.2605164e-01
  -8.3100000e+00  -3.4163284e-01
  -8.3000000e+00  -3.5692992e-01
  -8.2900000e+00  -3.7193063e-01
  -8.2800000e+00  -3.8662298e-01
  -8.2700000e+00  -4.0099526e-01
  -8.2600000e+00  -4.1503606e-01
  -8.2500000e+00  -4.2873430e-01
  -8.2400000e+00  -4.4207916e-01
  -8.2300000e+00  -4.5506019e-01
  -8.2200000e+00  -4.6766722e-01
  -8.2100000e+00  -4.7989045e-01
  -8.2000000e+00  -4.9172040e-01
  -8.1900000e+00  -5.0314793e-01
  -8.1800000e+00  -5.1416428e-01
  -8.1700000e+00  -5.2476103e-01
  -8.1600000e+00  -5.3493012e-01
  -8.1500000e+00  -5.4466386e-01
  -8.1400000e+00  -5.5395496e-01
  -8.1300000e+00  -5.6279648e-01
  -8.1200000e+00  -5.7118187e-01
  -8.1100000e+00  -5.7910497e-01
  -8.1000000e+00  -5.8656001e-01
  -8.0900000e+00  -5.9354161e-01
  -8.0800000e+00  -6.0004481e-01
  -8.0700000e+00  -6.0606500e-01
  -8.0600000e+00  -6.1159803e-01
  -8.0500000e+00  -6.1664011e-01
  -8.0400000e+00  -6.2118787e-01
  -8.0300000e+00  -6.2523835e-01
  -8.0200000e+00  -6.2878898e-01
  -8.0100000e+00  -6.3183763e-01
  -8.0000000e+00  -6.3438253e-01
  -7.9900000e+00  -6.3642237e-01
  -7.9800000e+00  -6.3795620e-01
  -7.9700000e+00  -6.3898351e-01
  -7.9600000e+00  -6.3950418e-01
  -7.9500000e+00  -6.3951849e-01
  -7.9400000e+00  -6.3902713e-01
  -7.9300000e+00  -6.3803117e-01
  -7.9200000e+00  -6.3653212e-01
  -7.9100000e+00  -6.3453183e-01
  -7.9000000e+00  -6.3203258e-01
  -7.8900000e+00  -6.2903702e-01
  -7.8800000e+00  -6.2554820e-01
  -7.8700000e+00  -6.2156953e-01
  -7.8600000e+00  -6.1710481e-01
  -7.8500000e+00  -6.1215820e-01
  -7.8400000e+00  -6.0673425e-01
  -7.8300000e+00  -6.0083784e-01
  -7.8200000e+00  -5.9447422e-01
  -7.8100000e+00  -5.8764900e-01
  -7.8000000e+00  -5.8036814e-01
  -7.7900000e+00  -5.7263790e-01
  -7.7800000e+00  -5.6446493e-01
  -7.7700000e+00  -5.5585615e-01
  -7.7600000e+00  -5.4681884e-01
  -7.7500000e+00  -5.3736057e-01
  -7.7400000e+00  -5.2748923e-01
  -7.7300000e+00  -5.1721299e-01
  -7.7200000e+00  -5.0654034e-01
  -7.7100000e+00  -4.9548002e-01
  -7.7000000e+00  -4.8404107e-01
  -7.6900000e+00  -4.7223277e-01
  -7.6800000e+00  -4.6006469e-01
  -7.6700000e+00  -4.4754662e-01
  -7.6600000e+00  -4.3468861e-01
  -7.6500000e+00  -4.2150094e-01
  -7.6400000e+00  -4.0799410e-01
  -7.6300000e+00  -3.9417883e-01
  -7.6200000e+00  -3.8006602e-01
  -7.6100000e+00  -3.6566681e-01
  -7.6000000e+00  -3.5099250e-01
  -7.5900000e+00  -3.3605456e-01
  -7.5800000e+00  -3.2086465e-01
  -7.5700000e+00  -3.0543458e-01
  -7.5600000e+00  -2.8977630e-01
  -7.5500000e+00  -2.7390191e-01
  -7.5400000e+00  -2.5782363e-01
  -7.5300000e+00  -2.4155381e-01
  -7.5200000e+00  -2.2510490e-01
  -7.5100000e+00  -2.0848946e-01
  -7.5000000e+00  -1.9172012e-01
  -7.4900000e+00  -1.7480962e-01
  -7.4800000e+00  -1.5777074e-01
  -7.4700000e+00  -1.4061633e-01
  -7.4600000e+00  -1.2335930e-01
  -7.4500000e+00  -1.0601260e-01
  -7.4400000e+00  -8.8589186e-02
  -7.4300000e+00  -7.1102059e-02
  -7.4200000e+00  -5.3564220e-02
  -7.4100000e+00  -3.5988673e-02
  -7.4000000e+00  -1.8388413e-02
  -7.3900000e+00  -7.7641462e-04
  -7.3800000e+00   1.6834375e-02
  -7.3700000e+00   3.4431046e-02
  -7.3600000e+00   5.2000737e-02
  -7.3500000e+00   6.9530643e-02
  -7.3400000e+00   8.7008024e-02
  -7.3300000e+00   1.0442022e-01
  -7.3200000e+00   1.2175464e-01
  -7.3100000e+00   1.3899881e-01
  -7.3000000e+00   1.5614035e-01
  -7.2900000e+00   1.7316697e-01
  -7.2800000e+00   1.9006652e-01
  -7.2700000e+00   2.0682698e-01
  -7.2600000e+00   2.2343645e-01
  -7.2500000e+00   2.3988320e-01
  -7.2400000e+00   2.5615561e-01
  -7.2300000e+00   2.7224227e-01
  -7.2200000e+00   2.8813189e-01
  -7.2100000e+00   3.0381340e-01
  -7.2000000e+00   3.1927587e-01
  -7.1900000e+00   3.3450860e-01
  -7.1800000e+00   3.4950105e-01
  -7.1700000e+00   3.6424291e-01
  -7.1600000e+00   3.7872406e-01
  -7.1500000e+00   3.9293461e-01
  -7.1400000e+00   4.0686490e-01
  -7.1300000e+00   4.2050547e-01
  -7.1200000e+00   4.3384712e-01
  -7.1100000e+00   4.4688087e-01
  -7.1000000e+00   4.5959801e-01
  -7.0900000e+00   4.7199007e-01
  -7.0800000e+00   4.8404882e-01
  -7.0700000e+00   4.9576631e-01
  -7.0600000e+00   5.0713484e-01
  -7.0500000e+00   5.1814699e-01
  -7.0400000e+00   5.2879562e-01
  -7.0300000e+00   5.3907385e-01
  -7.0200000e+00   5.4897508e-01
  -7.0100000e+00   5.5849301e-01
  -7.0000000e+00   5.6762163e-01
  -6.9900000e+00   5.7635518e-01
  -6.9800000e+00   5.8468825e-01
  -6.9700000e+00   5.9261569e-01
  -6.9600000e+00   6.0013266e-01
  -6.9500000e+00   6.0723460e-01
  -6.9400000e+00   6.1391729e-01
  -6.9300000e+00   6.2017678e-01
  -6.9200000e+00   6.2600944e-01
  -6.9100000e+00   6.3141194e-01
  -6.9000000e+00   6.3638127e-01
  -6.8900000e+00   6.4091471e-01
  -6.8800000e+00   6.4500985e-01
  -6.8700000e+00   6.4866460e-01
  -6.8600000e+00   6.5187718e-01
  -6.8500000e+00   6.5464611e-01
  -6.8400000e+00   6.5697021e-01
  -6.8300000e+00   6.5884862e-01
  -6.8200000e+00   6.6028079e-01
  -6.8100000e+00   6.6126647e-01
  -6.8000000e+00   6.6180571e-01
  -6.7900000e+00   6.6189886e-01
  -6.7800000e+00   6.6154658e-01
  -6.7700000e+00   6.6074984e-01
  -6.7600000e+00   6.5950989e-01
  -6.7500000e+00   6.5782827e-01
  -6.7400000e+00   6.5570683e-01
  -6.7300000e+00   6.5314771e-01
  -6.7200000e+00   6.5015332e-01
  -6.7100000e+00   6.4672637e-01
  -6.7000000e+00   6.4286984e-01
  -6.6900000e+00   6.3858701e-01
  -6.6800000e+00   6.3388140e-01
  -6.6700000e+00   6.2875683e-01
  -6.6600000e+00   6.2321737e-01
  -6.6500000e+00   6.1726737e-01
  -6.6400000e+00   6.1091141e-01
  -6.6300000e+00   6.0415436e-01
  -6.6200000e+00   5.9700131e-01
  -6.6100000e+00   5.8945761e-01
  -6.6000000e+00   5.8152885e-01
  -6.5900000e+00   5.7322086e-01
  -6.5800000e+00   5.6453968e-01
  -6.5700000e+00   5.5549160e-01
  -6.5600000e+00   5.4608312e-01
  -6.5500000e+00   5.3632095e-01
  -6.5400000e+00   5.2621202e-01
  -6.5300000e+00   5.1576345e-01
  -6.5200000e+00   5.0498258e-01
  -6.5100000e+00   4.9387692e-01
  -6.5000000e+00   4.8245418e-01
  -6.4900000e+00   4.7072224e-01
  -6.4800000e+00   4.5868916e-01
  -6.4700000e+00   4.4636318e-01
  -6.4600000e+00   4.3375268e-01
  -6.4500000e+00   4.2086622e-01
  -6.4400000e+00   4.0771248e-01
  -6.4300000e+00   3.9430031e-01
  -6.4200000e+00   3.8063867e-01
  -6.4100000e+00   3.6673669e-01
  -6.4000000e+00   3.5260359e-01
  -6.3900000e+00   3.3824870e-01
  -6.3800000e+00   3.2368150e-01
  -6.3700000e+00   3.0891154e-01
  -6.3600000e+00   2.9394848e-01
  -6.3500000e+00   2.7880206e-01
  -6.3400000e+00   2.6348211e-01
  -6.3300000e+00   2.4799855e-01
  -6.3200000e+00   2.3236135e-01
  -6.3100000e+00   2.1658055e-01
  -6.3000000e+00   2.0066625e-01
  -6.2900000e+00   1.8462860e-01
  -6.2800000e+00   1.6847778e-01
  -6.2700000e+00   1.5222402e-01
  -6.2600000e+00   1.3587757e-01
  -6.2500000e+00   1.1944873e-01
  -6.2400000e+00   1.0294777e-01
  -6.2300000e+00   8.6385007e-02
  -6.2200000e+00   6.9770749e-02
  -6.2100000e+00   5.3115297e-02
  -6.2000000e+00   3.6428947e-02
  -6.1900000e+00   1.9721976e-02
  -6.1800000e+00   3.0046400e-03
  -6.1700000e+00  -1.3712836e-02
  -6.1600000e+00  -3.0420260e-02
  -6.1500000e+00  -4.7107484e-02
  -6.1400000e+00  -6.3764405e-02
  -6.1300000e+00  -8.0380977e-02
  -6.1200000e+00  -9.6947212e-02
  -6.1100000e+00  -1.1345319e-01
  -6.1000000e+00  -1.2988905e-01
  -6.0900000e+00  -1.4624503e-01
  -6.0800000e+00  -1.6251143e-01
  -6.0700000e+00  -1.7867866e-01
  -6.0600000e+00  -1.9473720e-01
  -6.0500000e+00  -2.1067765e-01
  -6.0400000e+00  -2.2649069e-01
  -6.0300000e+00  -2.4216715e-01
  -6.0200000e+00  -2.5769793e-01
  -6.0100000e+00  -2.7307408e-01
  -6.0000000e+00  -2.8828676e-01
  -5.9900000e+00  -3.0332727e-01
  -5.9800000e+00  -3.1818703e-01
  -5.9700000e+00  -3.3285761e-01
  -5.9600000e+00  -3.4733072e-01
  -5.9500000e+00  -3.6159823e-01
  -5.9400000e+00  -3.7565213e-01
  -5.9300000e+00  -3.8948458e-01
  -5.9200000e+00  -4.0308793e-01
  -5.9100000e+00  -4.1645464e-01
  -5.9000000e+00  -4.2957738e-01
  -5.8900000e+00  -4.4244896e-01
  -5.8800000e+00  -4.5506239e-01
  -5.8700000e+00  -4.6741084e-01
  -5.8600000e+00  -4.7948766e-01
  -5.8500000e+00  -4.9128639e-01
  -5.8400000e+00  -5.0280076e-01
  -5.8300000e+00  -5.1402467e-01
  -5.8200000e+00  -5.2495223e-01
  -5.8100000e+00  -5.3557774e-01
  -5.8000000e+00  -5.4589570e-01
  -5.7900000e+00  -5.5590078e-01
  -5.7800000e+00  -5.6558790e-01
  -5.7700000e+00  -5.7495213e-01
  -5.7600000e+00  -5.8398878e-01
  -5.7500000e+00  -5.9269336e-01
  -5.7400000e+00  -6.0106157e-01
  -5.7300000e+00  -6.0908934e-01
  -5.7200000e+00  -6.1677280e-01
  -5.7100000e+00  -6.2410828e-01
  -5.7000000e+00  -6.3109235e-01
  -5.6900000e+00  -6.3772176e-01
  -5.6800000e+00  -6.4399350e-01
  -5.6700000e+00  -6.4990476e-01
  -5.6600000e+00  -6.5545295e-01
  -5.6500000e+00  -6.6063569e-01
  -5.6400000e+00  -6.6545082e-01
  -5.6300000e+00  -6.6989639e-01
  -5.6200000e+00  -6.7397067e-01
  -5.6100000e+00  -6.7767214e-01
  -5.6000000e+00  -6.8099950e-01
  -5.5900000e+00  -6.8395166e-01
  -5.5800000e+00  -6.8652774e-01
  -5.5700000e+00  -6.8872709e-01
  -5.5600000e+00  -6.9054924e-01
  -5.5500000e+00  -6.9199396e-01
  -5.5400000e+00  -6.9306121e-01
  -5.5300000e+00  -6.9375118e-01
  -5.5200000e+00  -6.9406425e-01
  -5.5100000e+00  -6.9400101e-01
  -5.5000000e+00  -6.9356225e-01
  -5.4900000e+00  -6.9274898e-01
  -5.4800000e+00  -6.9156238e-01
  -5.4700000e+00  -6.9000387e-01
  -5.4600000e+00  -6.8807503e-01
  -5.4500000e+00  -6.8577765e-01
  -5.4400000e+00  -6.8311373e-01
  -5.4300000e+00  -6.8008543e-01
  -5.4200000e+00  -6.7669511e-01
  -5.4100000e+00  -6.7294533e-01
  -5.4000000e+00  -6.6883881e-01
  -5.3900000e+00  -6.6437848e-01
  -5.3800000e+00  -6.5956742e-01
  -5.3700000e+00  -6.5440890e-01
  -5.3600000e+00  -6.4890635e-01
  -5.3500000e+00  -6.4306340e-01
  -5.3400000e+00  -6.3688382e-01
  -5.3300000e+00  -6.3037154e-01
  -5.3200000e+00  -6.2353067e-01
  -5.3100000e+00  -6.1636547e-01
  -5.3000000e+00  -6.0888035e-01
  -5.2900000e+00  -6.0107987e-01
  -5.2800000e+00  -5.9296874e-01
  -5.2700000e+00  -5.8455183e-01
  -5.2600000e+00  -5.7583412e-01
  -5.2500000e+00  -5.6682074e-01
  -5.2400000e+00  -5.5751697e-01
  -5.2300000e+00  -5.4792819e-01
  -5.2200000e+00  -5.3805993e-01
  -5.2100000e+00  -5.2791784e-01
  -5.2000000e+00  -5.1750766e-01
  -5.1900000e+00  -5.0683529e-01
  -5.1800000e+00  -4.9590671e-01
  -5.1700000e+00  -4.8472801e-01
  -5.1600000e+00  -4.7330539e-01
  -5.1500000e+00  -4.6164515e-01
  -5.1400000e+00  -4.4975367e-01
  -5.1300000e+00  -4.3763745e-01
  -5.1200000e+00  -4.2530305e-01
  -5.1100000e+00  -4.1275712e-01
  -5.1000000e+00  -4.0000640e-01
  -5.0900000e+00  -3.8705769e-01
  -5.0800000e+00  -3.7391788e-01
  -5.0700000e+00  -3.6059390e-01
  -5.0600000e+00  -3.4709277e-01
  -5.0500000e+00  -3.3342156e-01
  -5.0400000e+00  -3.1958738e-01
  -5.0300000e+00  -3.0559741e-01
  -5.0200000e+00  -2.9145887e-01
  -5.0100000e+00  -2.7717902e-01
  -5.0000000e+00  -2.6276516e-01
  -4.9900000e+00  -2.4822463e-01
  -4.9800000e+00  -2.3356479e-01
  -4.9700000e+00  -2.1879304e-01
  -4.9600000e+00  -2.0391679e-01
  -4.9500000e+00  -1.8894347e-01
  -4.9400000e+00  -1.7388054e-01
  -4.9300000e+00  -1.5873545e-01
  -4.9200000e+00  -1.4351567e-01
  -4.9100000e+00  -1.2822866e-01
  -4.9000000e+00  -1.1288191e-01
  -4.8900000e+00  -9.7482868e-02
  -4.8800000e+00  -8.2038994e-02
  -4.8700000e+00  -6.6557733e-02
  -4.8600000e+00  -5.1046511e-02
  -4.8500000e+00  -3.5512740e-02
  -4.8400000e+00  -1.9963804e-02
  -4.8300000e+00  -4.4070631e-03
  -4.8200000e+00   1.1150153e-02
  -4.8100000e+00   2.6700547e-02
  -4.8000000e+00   4.2236861e-02
  -4.7900000e+00   5.7751876e-02
  -4.7800000e+00   7.3238417e-02
  -4.7700000e+00   8.8689354e-02
  -4.7600000e+00   1.0409761e-01
  -4.7500000e+00   1.1945616e-01
  -4.7400000e+00   1.3475803e-01
  -4.7300000e+00   1.4999632e-01
  -4.7200000e+00   1.6516418e-01
  -4.7100000e+00   1.8025482e-01
  -4.7000000e+00   1.9526154e-01
  -4.6900000e+00   2.1017769e-01
  -4.6800000e+00   2.2499671e-01
  -4.6700000e+00   2.3971209e-01
  -4.6600000e+00   2.5431744e-01
  -4.6500000e+00   2.6880641e-01
  -4.6400000e+00   2.8317277e-01
  -4.6300000e+00   2.9741035e-01
  -4.6200000e+00   3.1151309e-01
  -4.6100000e+00   3.2547499e-01
  -4.6000000e+00   3.3929019e-01
  -4.5900000e+00   3.5295288e-01
  -4.5800000e+00   3.6645738e-01
  -4.5700000e+00   3.7979810e-01
  -4.5600000e+00   3.9296954e-01
  -4.5500000e+00   4.0596632e-01
  -4.5400000e+00   4.1878316e-01
  -4.5300000e+00   4.3141489e-01
  -4.5200000e+00   4.4385644e-01
  -4.5100000e+00   4.5610286e-01
  -4.5000000e+00   4.6814931e-01
  -4.4900000e+00   4.7999106e-01
  -4.4800000e+00   4.9162351e-01
  -4.4700000e+00   5.0304215e-01
  -4.4600000e+00   5.1424262e-01
  -4.4500000e+00   5.2522064e-01
  -4.4400000e+00   5.3597209e-01
  -4.4300000e+00   5.4649295e-01
  -4.4200000e+00   5.5677932e-01
  -4.4100000e+00   5.6682743e-01
  -4.4000000e+00   5.7663364e-01
  -4.3900000e+00   5.8619442e-01
  -4.3800000e+00   5.9550637e-01
  -4.3700000e+00   6.0456623e-01
  -4.3600000e+00   6.1337085e-01
  -4.3500000e+00   6.2191721e-01
  -4.3400000e+00   6.3020242e-01
  -4.3300000e+00   6.3822373e-01
  -4.3200000e+00   6.4597849e-01
  -4.3100000e+00   6.5346421e-01
  -4.3000000e+00   6.6067850e-01
  -4.2900000e+00   6.6761913e-01
  -4.2800000e+00   6.7428396e-01
  -4.2700000e+00   6.8067102e-01
  -4.2600000e+00   6.8677844e-01
  -4.2500000e+00   6.9260450e-01
  -4.2400000e+00   6.9814758e-01
  -4.2300000e+00   7.0340621e-01
  -4.2200000e+00   7.0837904e-01
  -4.2100000e+00   7.1306486e-01
  -4.2000000e+00   7.1746256e-01
  -4.1900000e+00   7.2157120e-01
  -4.1800000e+00   7.2538991e-01
  -4.1700000e+00   7.2891800e-01
  -4.1600000e+00   7.3215486e-01
  -4.1500000e+00   7.3510003e-01
  -4.1400000e+00   7.3775317e-01
  -4.1300000e+00   7.4011406e-01
  -4.1200000e+00   7.4218259e-01
  -4.1100000e+00   7.4395880e-01
  -4.1000000e+00   7.4544281e-01
  -4.0900000e+00   7.4663489e-01
  -4.0800000e+00   7.4753542e-01
  -4.0700000e+00   7.4814489e-01
  -4.0600000e+00   7.4846391e-01
  -4.0500000e+00   7.4849320e-01
  -4.0400000e+00   7.4823360e-01
  -4.0300000e+00   7.4768605e-01
  -4.0200000e+00   7.4685162e-01
  -4.0100000e+00   7.4573146e-01
  -4.0000000e+00   7.4432686e-01
  -3.9900000e+00   7.4263918e-01
  -3.9800000e+00   7.4066993e-01
  -3.9700000e+00   7.3842069e-01
  -3.9600000e+00   7.3589314e-01
  -3.9500000e+00   7.3308907e-01
  -3.9400000e+00   7.3001038e-01
  -3.9300000e+00   7.2665904e-01
  -3.9200000e+00   7.2303714e-01
  -3.9100000e+00   7.1914685e-01
  -3.9000000e+00   7.1499044e-01
  -3.8900000e+00   7.1057025e-01
  -3.8800000e+00   7.0588875e-01
  -3.8700000e+00   7.0094844e-01
  -3.8600000e+00   6.9575195e-01
  -3.8500000e+00   6.9030198e-01
  -3.8400000e+00   6.8460130e-01
  -3.8300000e+00   6.7865277e-01
  -3.8200000e+00   6.7245932e-01
  -3.8100000e+00   6.6602397e-01
  -3.8000000e+00   6.5934980e-01
  -3.7900000e+00   6.5243995e-01
  -3.7800000e+00   6.4529767e-01
  -3.7700000e+00   6.3792624e-01
  -3.7600000e+00   6.3032901e-01
  -3.7500000e+00   6.2250941e-01
  -3.7400000e+00   6.1447092e-01
  -3.7300000e+00   6.0621709e-01
  -3.7200000e+00   5.9775151e-01
  -3.7100000e+00   5.8907784e-01
  -3.7000000e+00   5.8019979e-01
  -3.6900000e+00   5.7112112e-01
  -3.6800000e+00   5.6184565e-01
  -3.6700000e+00   5.5237723e-01
  -3.6600000e+00   5.4271978e-01
  -3.6500000e+00   5.3287722e-01
  -3.6400000e+00   5.2285357e-01
  -3.6300000e+00   5.1265284e-01
  -3.6200000e+00   5.0227911e-01
  -3.6100000e+00   4.9173648e-01
  -3.6000000e+00   4.8102908e-01
  -3.5900000e+00   4.7016109e-01
  -3.5800000e+00   4.5913670e-01
  -3.5700000e+00   4.4796015e-01
  -3.5600000e+00   4.3663567e-01
  -3.5500000e+00   4.2516756e-01
  -3.5400000e+00   4.1356010e-01
  -3.5300000e+00   4.0181762e-01
  -3.5200000e+00   3.8994444e-01
  -3.5100000e+00   3.7794494e-01
  -3.5000000e+00   3.6582346e-01
  -3.4900000e+00   3.5358439e-01
  -3.4800000e+00   3.4123213e-01
  -3.4700000e+00   3.2877106e-01
  -3.4600000e+00   3.1620559e-01
  -3.4500000e+00   3.0354014e-01
  -3.4400000e+00   2.9077912e-01
  -3.4300000e+00   2.7792694e-01
  -3.4200000e+00   2.6498802e-01
  -3.4100000e+00   2.5196677e-01
  -3.4000000e+00   2.3886760e-01
  -3.3900000e+00   2.2569492e-01
  -3.3800000e+00   2.1245311e-01
  -3.3700000e+00   1.9914658e-01
  -3.3600000e+00   1.8577970e-01
  -3.3500000e+00   1.7235682e-01
  -3.3400000e+00   1.5888231e-01
  -3.3300000e+00   1.4536051e-01
  -3.3200000e+00   1.3179573e-01
  -3.3100000e+00   1.1819227e-01
  -3.3000000e+00   1.0455442e-01
  -3.2900000e+00   9.0886444e-02
  -3.2800000e+00   7.7192574e-02
  -3.2700000e+00   6.3477027e-02
  -3.2600000e+00   4.9743992e-02
  -3.2500000e+00   3.5997634e-02
  -3.2400000e+00   2.2242086e-02
  -3.2300000e+00   8.4814541e-03
  -3.2200000e+00  -5.2801872e-03
  -3.2100000e+00  -1.9038795e-02
  -3.2000000e+00  -3.2790359e-02
  -3.1900000e+00  -4.6530905e-02
  -3.1800000e+00  -6.0256493e-02
  -3.1700000e+00  -7.3963219e-02
  -3.1600000e+00  -8.7647218e-02
  -3.1500000e+00  -1.0130466e-01
  -3.1400000e+00  -1.1493177e-01
  -3.1300000e+00  -1.2852479e-01
  -3.1200000e+00  -1.4208001e-01
  -3.1100000e+00  -1.5559379e-01
  -3.1000000e+00  -1.6906250e-01
  -3.0900000e+00  -1.8248257e-01
  -3.0800000e+00  -1.9585047e-01
  -3.0700000e+00  -2.0916272e-01
  -3.0600000e+00  -2.2241589e-01
  -3.0500000e+00  -2.3560660e-01
  -3.0400000e+00  -2.4873150e-01
  -3.0300000e+00  -2.6178732e-01
  -3.0200000e+00  -2.7477081e-01
  -3.0100000e+00  -2.8767879e-01
  -3.0000000e+00  -3.0050812e-01
  -2.9900000e+00  -3.1325574e-01
  -2.9800000e+00  -3.2591859e-01
  -2.9700000e+00  -3.3849372e-01
  -2.9600000e+00  -3.5097820e-01
  -2.9500000e+00  -3.6336917e-01
  -2.9400000e+00  -3.7566380e-01
  -2.9300000e+00  -3.8785935e-01
  -2.9200000e+00  -3.9995311e-01
  -2.9100000e+00  -4.1194245e-01
  -2.9000000e+00  -4.2382476e-01
  -2.8900000e+00  -4.3559753e-01
  -2.8800000e+00  -4.4725827e-01
  -2.8700000e+00  -4.5880458e-01
  -2.8600000e+00  -4.7023408e-01
  -2.8500000e+00  -4.8154449e-01
  -2.8400000e+00  -4.9273356e-01
  -2.8300000e+00  -5.0379910e-01
  -2.8200000e+00  -5.1473899e-01
  -2.8100000e+00  -5.2555117e-01
  -2.8000000e+00  -5.3623362e-01
  -2.7900000e+00  -5.4678439e-01
  -2.7800000e+00  -5.5720160e-01
  -2.7700000e+00  -5.6748342e-01
  -2.7600000e+00  -5.7762806e-01
  -2.7500000e+00  -5.8763382e-01
  -2.7400000e+00  -5.9749905e-01
  -2.7300000e+00  -6.0722215e-01
  -2.7200000e+00  -6.1680157e-01
  -2.7100000e+00  -6.2623585e-01
  -2.7000000e+00  -6.3552356e-01
  -2.6900000e+00  -6.4466334e-01
  -2.6800000e+00  -6.5365389e-01
  -2.6700000e+00  -6.6249397e-01
  -2.6600000e+00  -6.7118238e-01
  -2.6500000e+00  -6.7971799e-01
  -2.6400000e+00  -6.8809974e-01
  -2.6300000e+00  -6.9632661e-01
  -2.6200000e+00  -7.0439764e-01
  -2.6100000e+00  -7.1231192e-01
  -2.6000000e+00  -7.2006862e-01
  -2.5900000e+00  -7.2766693e-01
  -2.5800000e+00  -7.3510614e-01
  -2.5700000e+00  -7.4238555e-01
  -2.5600000e+00  -7.4950454e-01
  -2.5500000e+00  -7.5646255e-01
  -2.5400000e+00  -7.6325904e-01
  -2.5300000e+00  -7.6989358e-01
  -2.5200000e+00  -7.7636573e-01
  -2.5100000e+00  -7.8267514e-01
  -2.5000000e+00  -7.8882151e-01
  -2.4900000e+00  -7.9480458e-01
  -2.4800000e+00  -8.0062416e-01
  -2.4700000e+00  -8.0628007e-01
  -2.4600000e+00  -8.1177223e-01
  -2.4500000e+00  -8.1710058e-01
  -2.4400000e+00  -8.2226512e-01
  -2.4300000e+00  -8.2726588e-01
  -2.4200000e+00  -8.3210296e-01
  -2.4100000e+00  -8.3677650e-01
  -2.4000000e+00  -8.4128668e-01
  -2.3900000e+00  -8.4563373e-01
  -2.3800000e+00  -8.4981793e-01
  -2.3700000e+00  -8.5383960e-01
  -2.3600000e+00  -8.5769910e-01
  -2.3500000e+00  -8.6139685e-01
  -2.3400000e+00  -8.6493328e-01
  -2.3300000e+00  -8.6830890e-01
  -2.3200000e+00  -8.7152424e-01
  -2.3100000e+00  -8.7457987e-01
  -2.3000000e+00  -8.7747641e-01
  -2.2900000e+00  -8.8021451e-01
  -2.2800000e+00  -8.8279487e-01
  -2.2700000e+00  -8.8521821e-01
  -2.2600000e+00  -8.8748530e-01
  -2.2500000e+00  -8.8959695e-01
  -2.2400000e+00  -8.9155400e-01
  -2.2300000e+00  -8.9335731e-01
  -2.2200000e+00  -8.9500782e-01
  -2.2100000e+00  -8.9650644e-01
  -2.2000000e+00  -8.9785417e-01
  -2.1900000e+00  -8.9905201e-01
  -2.1800000e+00  -9.0010099e-01
  -2.1700000e+00  -9.0100220e-01
  -2.1600000e+00  -9.0175673e-01
  -2.1500000e+00  -9.0236571e-01
  -2.1400000e+00  -9.0283030e-01
  -2.1300000e+00  -9.0315169e-01
  -2.1200000e+00  -9.0333109e-01
  -2.1100000e+00  -9.0336973e-01
  -2.1000000e+00  -9.0326889e-01
  -2.0900000e+00  -9.0302986e-01
  -2.0800000e+00  -9.0265395e-01
  -2.0700000e+00  -9.0214250e-01
  -2.0600000e+00  -9.0149687e-01
  -2.0500000e+00  -9.0071843e-01
  -2.0400000e+00  -8.9980861e-01
  -2.0300000e+00  -8.9876882e-01
  -2.0200000e+00  -8.9760050e-01
  -2.0100000e+00  -8.9630512e-01
  -2.0000000e+00  -8.9488416e-01
  -1.9900000e+00  -8.9333912e-01
  -1.9800000e+00  -8.9167151e-01
  -1.9700000e+00  -8.8988288e-01
  -1.9600000e+00  -8.8797477e-01
  -1.9500000e+00  -8.8594873e-01
  -1.9400000e+00  -8.8380636e-01
  -1.9300000e+00  -8.8154924e-01
  -1.9200000e+00  -8.7917897e-01
  -1.9100000e+00  -8.7669717e-01
  -1.9000000e+00  -8.7410546e-01
  -1.8900000e+00  -8.7140550e-01
  -1.8800000e+00  -8.6859891e-01
  -1.8700000e+00  -8.6568738e-01
  -1.8600000e+00  -8.6267255e-01
  -1.8500000e+00  -8.5955610e-01
  -1.8400000e+00  -8.5633972e-01
  -1.8300000e+00  -8.5302510e-01
  -1.8200000e+00  -8.4961393e-01
  -1.8100000e+00  -8.4610792e-01
  -1.8000000e+00  -8.4250877e-01
  -1.7900000e+00  -8.3881819e-01
  -1.7800000e+00  -8.3503791e-01
  -1.7700000e+00  -8.3116962e-01
  -1.7600000e+00  -8.2721507e-01
  -1.7500000e+00  -8.2317597e-01
  -1.7400000e+00  -8.1905405e-01
  -1.7300000e+00  -8.1485103e-01
  -1.7200000e+00  -8.1056864e-01
  -1.7100000e+00  -8.0620862e-01
  -1.7000000e+00  -8.0177267e-01
  -1.6900000e+00  -7.9726253e-01
  -1.6800000e+00  -7.9267993e-01
  -1.6700000e+00  -7.8802658e-01
  -1.6600000e+00  -7.8330421e-01
  -1.6500000e+00  -7.7851452e-01
  -1.6400000e+00  -7.7365924e-01
  -1.6300000e+00  -7.6874006e-01
  -1.6200000e+00  -7.6375870e-01
  -1.6100000e+00  -7.5871685e-01
  -1.6000000e+00  -7.5361621e-01
  -1.5900000e+00  -7.4845846e-01
  -1.5800000e+00  -7.4324528e-01
  -1.5700000e+00  -7.3797835e-01
  -1.5600000e+00  -7.3265933e-01
  -1.5500000e+00  -7.2728989e-01
  -1.5400000e+00  -7.2187168e-01
  -1.5300000e+00  -7.1640633e-01
  -1.5200000e+00  -7.1089549e-01
  -1.5100000e+00  -7.0534078e-01
  -1.5000000e+00  -6.9974382e-01
  -1.4900000e+00  -6.9410621e-01
  -1.4800000e+00  -6.8842954e-01
  -1.4700000e+00  -6.8271541e-01
  -1.4600000e+00  -6.7696539e-01
  -1.4500000e+00  -6.7118105e-01
  -1.4400000e+00  -6.6536392e-01
  -1.4300000e+00  -6.5951556e-01
  -1.4200000e+00  -6.5363750e-01
  -1.4100000e+00  -6.4773124e-01
  -1.4000000e+00  -6.4179830e-01
  -1.3900000e+00  -6.3584015e-01
  -1.3800000e+00  -6.2985829e-01
  -1.3700000e+00  -6.2385418e-01
  -1.3600000e+00  -6.1782926e-01
  -1.3500000e+00  -6.1178497e-01
  -1.3400000e+00  -6.0572274e-01
  -1.3300000e+00  -5.9964396e-01
  -1.3200000e+00  -5.9355004e-01
  -1.3100000e+00  -5.8744236e-01
  -1.3000000e+00  -5.8132228e-01
  -1.2900000e+00  -5.7519114e-01
  -1.2800000e+00  -5.6905028e-01
  -1.2700000e+00  -5.6290102e-01
  -1.2600000e+00  -5.5674466e-01
  -1.2500000e+00  -5.5058249e-01
  -1.2400000e+00  -5.4441578e-01
  -1.2300000e+00  -5.3824578e-01
  -1.2200000e+00  -5.3207373e-01
  -1.2100000e+00  -5.2590085e-01
  -1.2000000e+00  -5.1972835e-01
  -1.1900000e+00  -5.1355742e-01
  -1.1800000e+00  -5.0738923e-01
  -1.1700000e+00  -5.0122494e-01
  -1.1600000e+00  -4.9506568e-01
  -1.1500000e+00  -4.8891258e-01
  -1.1400000e+00  -4.8276674e-01
  -1.1300000e+00  -4.7662926e-01
  -1.1200000e+00  -4.7050119e-01
  -1.1100000e+00  -4.6438359e-01
  -1.1000000e+00  -4.5827751e-01
  -1.0900000e+00  -4.5218396e-01
  -1.0800000e+00  -4.4610393e-01
  -1.0700000e+00  -4.4003843e-01
  -1.0600000e+00  -4.3398841e-01
  -1.0500000e+00  -4.2795482e-01
  -1.0400000e+00  -4.2193859e-01
  -1.0300000e+00  -4.1594064e-01
  -1.0200000e+00  -4.0996188e-01
  -1.0100000e+00  -4.0400317e-01
  -1.0000000e+00  -3.9806538e-01
  -9.9000000e-01  -3.9214935e-01
  -9.8000000e-01  -3.8625592e-01
  -9.7000000e-01  -3.8038589e-01
  -9.6000000e-01  -3.7454007e-01
  -9.5000000e-01  -3.6871921e-01
  -9.4000000e-01  -3.6292409e-01
  -9.3000000e-01  -3.5715544e-01
  -9.2000000e-01  -3.5141399e-01
  -9.1000000e-01  -3.4570045e-01
  -9.0000000e-01  -3.4001550e-01
  -8.9000000e-01  -3.3435983e-01
  -8.8000000e-01  -3.2873408e-01
  -8.7000000e-01  -3.2313891e-01
  -8.6000000e-01  -3.1757492e-01
  -8.5000000e-01  -3.1204273e-01
  -8.4000000e-01  -3.0654292e-01
  -8.3000000e-01  -3.0107608e-01
  -8.2000000e-01  -2.9564276e-01
  -8.1000000e-01  -2.9024349e-01
  -8.0000000e-01  -2.8487881e-01
  -7.9000000e-01  -2.7954922e-01
  -7.8000000e-01  -2.7425521e-01
  -7.7000000e-01  -2.6899727e-01
  -7.6000000e-01  -2.6377584e-01
  -7.5000000e-01  -2.5859139e-01
  -7.4000000e-01  -2.5344433e-01
  -7.3000000e-01  -2.4833508e-01
  -7.2000000e-01  -2.4326405e-01
  -7.1000000e-01  -2.3823161e-01
  -7.0000000e-01  -2.3323813e-01
  -6.9000000e-01  -2.2828397e-01
  -6.8000000e-01  -2.2336946e-01
  -6.7000000e-01  -2.1849493e-01
  -6.6000000e-01  -2.1366070e-01
  -6.5000000e-01  -2.0886704e-01
  -6.4000000e-01  -2.0411426e-01
  -6.3000000e-01  -1.9940260e-01
  -6.2000000e-01  -1.9473234e-01
  -6.1000000e-01  -1.9010369e-01
  -6.0000000e-01  -1.8551690e-01
  -5.9000000e-01  -1.8097217e-01
  -5.8000000e-01  -1.7646970e-01
  -5.7000000e-01  -1.7200968e-01
  -5.6000000e-01  -1.6759227e-01
  -5.5000000e-01  -1.6321764e-01
  -5.4000000e-01  -1.5888593e-01
  -5.3000000e-01  -1.5459728e-01
  -5.2000000e-01  -1.5035180e-01
  -5.1000000e-01  -1.4614961e-01
  -5.0000000e-01  -1.4199079e-01
  -4.9000000e-01  -1.3787545e-01
  -4.8000000e-01  -1.3380363e-01
  -4.7000000e-01  -1.2977542e-01
  -4.6000000e-01  -1.2579084e-01
  -4.5000000e-01  -1.2184995e-01
  -4.4000000e-01  -1.1795277e-01
  -4.3000000e-01  -1.1409930e-01
  -4.2000000e-01  -1.1028956e-01
  -4.1000000e-01  -1.0652353e-01
  -4.0000000e-01  -1.0280120e-01
  -3.9000000e-01  -9.9122532e-02
  -3.8000000e-01  -9.5487490e-02
  -3.7000000e-01  -9.1896021e-02
  -3.6000000e-01  -8.8348064e-02
  -3.5000000e-01  -8.4843548e-02
  -3.4000000e-01  -8.1382391e-02
  -3.3000000e-01  -7.7964500e-02
  -3.2000000e-01  -7.4589774e-02
  -3.1000000e-01  -7.1258102e-02
  -3.0000000e-01  -6.7969363e-02
  -2.9000000e-01  -6.4723426e-02
  -2.8000000e-01  -6.1520151e-02
  -2.7000000e-01  -5.8359391e-02
  -2.6000000e-01  -5.5240985e-02
  -2.5000000e-01  -5.2164770e-02
  -2.4000000e-01  -4.9130568e-02
  -2.3000000e-01  -4.6138197e-02
  -2.2000000e-01  -4.3187467e-02
  -2.1000000e-01  -4.0278178e-02
  -2.0000000e-01  -3.7410125e-02
  -1.9000000e-01  -3.4583097e-02
  -1.8000000e-01  -3.1796877e-02
  -1.7000000e-01  -2.9051245e-02
  -1.6000000e-01  -2.6345977e-02
  -1.5000000e-01  -2.3680847e-02
  -1.4000000e-01  -2.1055635e-02
  -1.3000000e-01  -1.8470121e-02
  -1.2000000e-01  -1.5924096e-02
  -1.1000000e-01  -1.3417364e-02
  -1.0000000e-01  -1.0949751e-02
  -9.0000000e-02  -8.5211075e-03
  -8.0000000e-02  -6.1313249e-03
  -7.0000000e-02  -3.7803411e-03
  -6.0000000e-02  -1.4681546e-03
  -5.0000000e-02   8.0516443e-04
  -4.0000000e-02   3.0394652e-03
  -3.0000000e-02   5.2345123e-03
  -2.0000000e-02   7.3899901e-03
  -1.0000000e-02   9.5055198e-03
   0.0000000e+00   1.1580687e-02
   1.0000000e-02   1.3615081e-02
   2.0000000e-02   1.5608336e-02
   3.0000000e-02   1.7560170e-02
   4.0000000e-02   1.9470412e-02
   5.0000000e-02   2.1339013e-02
   6.0000000e-02   2.3166048e-02
   7.0000000e-02   2.4951704e-02
   8.0000000e-02   2.6696262e-02
   9.0000000e-02   2.8400081e-02
   1.0000000e-01   3.0063577e-02
   1.1000000e-01   3.1687209e-02
   1.2000000e-01   3.3271466e-02
   1.3000000e-01   3.4816855e-02
   1.4000000e-01   3.6323896e-02
   1.5000000e-01   3.7793114e-02
   1.6000000e-01   3.9225038e-02
   1.7000000e-01   4.0620191e-02
   1.8000000e-01   4.1979098e-02
   1.9000000e-01   4.3302275e-02
   2.0000000e-01   4.4590234e-02
   2.1000000e-01   4.5843483e-02
   2.2000000e-01   4.7062520e-02
   2.3000000e-01   4.8247839e-02
   2.4000000e-01   4.9399926e-02
   2.5000000e-01   5.0519263e-02
   2.6000000e-01   5.1606323e-02
   2.7000000e-01   5.2661575e-02
   2.8000000e-01   5.3685481e-02
   2.9000000e-01   5.4678500e-02
   3.0000000e-01   5.5641082e-02
   3.1000000e-01   5.6573674e-02
   3.2000000e-01   5.7476718e-02
   3.3000000e-01   5.8350651e-02
   3.4000000e-01   5.9195905e-02
   3.5000000e-01   6.0012908e-02
   3.6000000e-01   6.0802083e-02
   3.7000000e-01   6.1563850e-02
   3.8000000e-01   6.2298624e-02
   3.9000000e-01   6.3006817e-02
   4.0000000e-01   6.3688837e-02
   4.1000000e-01   6.4345086e-02
   4.2000000e-01   6.4975965e-02
   4.3000000e-01   6.5581871e-02
   4.4000000e-01   6.6163196e-02
   4.5000000e-01   6.6720330e-02
   4.6000000e-01   6.7253660e-02
   4.7000000e-01   6.7763567e-02
   4.8000000e-01   6.8250432e-02
   4.9000000e-01   6.8714630e-02
   5.0000000e-01   6.9156534e-02
   5.1000000e-01   6.9576514e-02
   5.2000000e-01   6.9974936e-02
   5.3000000e-01   7.0352163e-02
   5.4000000e-01   7.0708556e-02
   5.5000000e-01   7.1044470e-02
   5.6000000e-01   7.1360260e-02
   5.7000000e-01   7.1656276e-02
   5.8000000e-01   7.1932867e-02
   5.9000000e-01   7.2190375e-02
   6.0000000e-01   7.2429142e-02
   6.1000000e-01   7.2649507e-02
   6.2000000e-01   7.2851804e-02
   6.3000000e-01   7.3036365e-02
   6.4000000e-01   7.3203520e-02
   6.5000000e-01   7.3353593e-02
   6.6000000e-01   7.3486908e-02
   6.7000000e-01   7.3603784e-02
   6.8000000e-01   7.3704538e-02
   6.9000000e-01   7.3789483e-02
   7.0000000e-01   7.3858929e-02
   7.1000000e-01   7.3913185e-02
   7.2000000e-01   7.3952553e-02
   7.3000000e-01   7.3977335e-02
   7.4000000e-01   7.3987829e-02
   7.5000000e-01   7.3984330e-02
   7.6000000e-01   7.3967130e-02
   7.7000000e-01   7.3936518e-02
   7.8000000e-01   7.3892780e-02
   7.9000000e-01   7.3836197e-02
   8.0000000e-01   7.3767051e-02
   8.1000000e-01   7.3685617e-02
   8.2000000e-01   7.3592168e-02
   8.3000000e-01   7.3486976e-02
   8.4000000e-01   7.3370308e-02
   8.5000000e-01   7.3242427e-02
   8.6000000e-01   7.3103595e-02
   8.7000000e-01   7.2954071e-02
   8.8000000e-01   7.2794109e-02
   8.9000000e-01   7.2623962e-02
   9.0000000e-01   7.2443879e-02
   9.1000000e-01   7.2254105e-02
   9.2000000e-01   7.2054884e-02
   9.3000000e-01   7.1846455e-02
   9.4000000e-01   7.1629057e-02
   9.5000000e-01   7.1402922e-02
   9.6000000e-01   7.1168282e-02
   9.7000000e-01   7.0925365e-02
   9.8000000e-01   7.0674396e-02
   9.9000000e-01   7.0415597e-02
   1.0000000e+00   7.0149188e-02
   1.0100000e+00   6.9875383e-02
   1.0200000e+00   6.9594398e-02
   1.0300000e+00   6.9306442e-02
   1.0400000e+00   6.9011722e-02
   1.0500000e+00   6.8710443e-02
   1.0600000e+00   6.8402808e-02
   1.0700000e+00   6.8089014e-02
   1.0800000e+00   6.7769257e-02
   1.0900000e+00   6.7443732e-02
   1.1000000e+00   6.7112627e-02
   1.1100000e+00   6.6776131e-02
   1.1200000e+00   6.6434427e-02
   1.1300000e+00   6.6087699e-02
   1.1400000e+00   6.5736125e-02
   1.1500000e+00   6.5379882e-02
   1.1600000e+00   6.5019143e-02
   1.1700000e+00   6.4654079e-02
   1.1800000e+00   6.4284857e-02
   1.1900000e+00   6.3911645e-02
   1.2000000e+00   6.3534605e-02
   1.2100000e+00   6.3153896e-02
   1.2200000e+00   6.2769676e-02
   1.2300000e+00   6.2382101e-02
   1.2400000e+00   6.1991323e-02
   1.2500000e+00   6.1597491e-02
   1.2600000e+00   6.1200752e-02
   1.2700000e+00   6.0801252e-02
   1.2800000e+00   6.0399133e-02
   1.2900000e+00   5.9994534e-02
   1.3000000e+00   5.9587592e-02
   1.3100000e+00   5.9178442e-02
   1.3200000e+00   5.8767217e-02
   1.3300000e+00   5.8354046e-02
   1.3400000e+00   5.7939057e-02
   1.3500000e+00   5.7522375e-02
   1.3600000e+00   5.7104122e-02
   1.3700000e+00   5.6684420e-02
   1.3800000e+00   5.6263386e-02
   1.3900000e+00   5.5841136e-02
   1.4000000e+00   5.5417783e-02
   1.4100000e+00   5.4993440e-02
   1.4200000e+00   5.4568214e-02
   1.4300000e+00   5.4142213e-02
   1.4400000e+00   5.3715542e-02
   1.4500000e+00   5.3288303e-02
   1.4600000e+00   5.2860597e-02
   1.4700000e+00   5.2432521e-02
   1.4800000e+00   5.2004173e-02
   1.4900000e+00   5.1575645e-02
   1.5000000e+00   5.1147031e-02
   1.5100000e+00   5.0718421e-02
   1.5200000e+00   5.0289902e-02
   1.5300000e+00   4.9861561e-02
   1.5400000e+00   4.9433481e-02
   1.5500000e+00   4.9005745e-02
   1.5600000e+00   4.8578434e-02
   1.5700000e+00   4.8151625e-02
   1.5800000e+00   4.7725396e-02
   1.5900000e+00   4.7299821e-02
   1.6000000e+00   4.6874972e-02
   1.6100000e+00   4.6450922e-02
   1.6200000e+00   4.6027739e-02
   1.6300000e+00   4.5605490e-02
   1.6400000e+00   4.5184243e-02
   1.6500000e+00   4.4764061e-02
   1.6600000e+00   4.4345006e-02
   1.6700000e+00   4.3927139e-02
   1.6800000e+00   4.3510519e-02
   1.6900000e+00   4.3095205e-02
   1.7000000e+00   4.2681251e-02
   1.7100000e+00   4.2268713e-02
   1.7200000e+00   4.1857643e-02
   1.7300000e+00   4.1448093e-02
   1.7400000e+00   4.1040112e-02
   1.7500000e+00   4.0633748e-02
   1.7600000e+00   4.0229049e-02
   1.7700000e+00   3.9826060e-02
   1.7800000e+00   3.9424825e-02
   1.7900000e+00   3.9025387e-02
   1.8000000e+00   3.8627786e-02
   1.8100000e+00   3.8232063e-02
   1.8200000e+00   3.7838256e-02
   1.8300000e+00   3.7446403e-02
   1.8400000e+00   3.7056540e-02
   1.8500000e+00   3.6668700e-02
   1.8600000e+00   3.6282918e-02
   1.8700000e+00   3.5899226e-02
   1.8800000e+00   3.5517654e-02
   1.8900000e+00   3.5138233e-02
   1.9000000e+00   3.4760991e-02
   1.9100000e+00   3.4385956e-02
   1.9200000e+00   3.4013153e-02
   1.9300000e+00   3.3642609e-02
   1.9400000e+00   3.3274348e-02
   1.9500000e+00   3.2908391e-02
   1.9600000e+00   3.2544763e-02
   1.9700000e+00   3.2183482e-02
   1.9800000e+00   3.1824570e-02
   1.9900000e+00   3.1468046e-02
   2.0000000e+00   3.1113926e-02
   2.0100000e+00   3.0762230e-02
   2.0200000e+00   3.0412971e-02
   2.0300000e+00   3.0066167e-02
   2.0400000e+00   2.9721830e-02
   2.0500000e+00   2.9379975e-02
   2.0600000e+00   2.9040613e-02
   2.0700000e+00   2.8703757e-02
   2.0800000e+00   2.8369417e-02
   2.0900000e+00   2.8037603e-02
   2.1000000e+00   2.7708325e-02
   2.1100000e+00   2.7381590e-02
   2.1200000e+00   2.7057407e-02
   2.1300000e+00   2.6735783e-02
   2.1400000e+00   2.6416723e-02
   2.1500000e+00   2.6100232e-02
   2.1600000e+00   2.5786317e-02
   2.1700000e+00   2.5474979e-02
   2.1800000e+00   2.5166224e-02
   2.1900000e+00   2.4860054e-02
   2.2000000e+00   2.4556470e-02
   2.2100000e+00   2.4255474e-02
   2.2200000e+00   2.3957067e-02
   2.2300000e+00   2.3661248e-02
   2.2400000e+00   2.3368019e-02
   2.2500000e+00   2.3077377e-02
   2.2600000e+00   2.2789321e-02
   2.2700000e+00   2.2503849e-02
   2.2800000e+00   2.2220959e-02
   2.2900000e+00   2.1940646e-02
   2.3000000e+00   2.1662908e-02
   2.3100000e+00   2.1387741e-02
   2.3200000e+00   2.1115139e-02
   2.3300000e+00   2.0845098e-02
   2.3400000e+00   2.0577613e-02
   2.3500000e+00   2.0312676e-02
   2.3600000e+00   2.0050282e-02
   2.3700000e+00   1.9790424e-02
   2.3800000e+00   1.9533094e-02
   2.3900000e+00   1.9278286e-02
   2.4000000e+00   1.9025990e-02
   2.4100000e+00   1.8776199e-02
   2.4200000e+00   1.8528904e-02
   2.4300000e+00   1.8284096e-02
   2.4400000e+00   1.8041764e-02
   2.4500000e+00   1.7801900e-02
   2.4600000e+00   1.7564493e-02
   2.4700000e+00   1.7329534e-02
   2.4800000e+00   1.7097010e-02
   2.4900000e+00   1.6866911e-02
   2.5000000e+00   1.6639226e-02
   2.5100000e+00   1.6413944e-02
   2.5200000e+00   1.6191052e-02
   2.5300000e+00   1.5970538e-02
   2.5400000e+00   1.5752390e-02
   2.5500000e+00   1.5536596e-02
   2.5600000e+00   1.5323142e-02
   2.5700000e+00   1.5112016e-02
   2.5800000e+00   1.4903205e-02
   2.5900000e+00   1.4696695e-02
   2.6000000e+00   1.4492472e-02
   2.6100000e+00   1.4290523e-02
   2.6200000e+00   1.4090834e-02
   2.6300000e+00   1.3893390e-02
   2.6400000e+00   1.3698178e-02
   2.6500000e+00   1.3505182e-02
   2.6600000e+00   1.3314389e-02
   2.6700000e+00   1.3125784e-02
   2.6800000e+00   1.2939351e-02
   2.6900000e+00   1.2755076e-02
   2.7000000e+00   1.2572944e-02
   2.7100000e+00   1.2392939e-02
   2.7200000e+00   1.2215047e-02
   2.7300000e+00   1.2039251e-02
   2.7400000e+00   1.1865536e-02
   2.7500000e+00   1.1693887e-02
   2.7600000e+00   1.1524288e-02
   2.7700000e+00   1.1356724e-02
   2.7800000e+00   1.1191177e-02
   2.7900000e+00   1.1027634e-02
   2.8000000e+00   1.0866077e-02
   2.8100000e+00   1.0706490e-02
   2.8200000e+00   1.0548858e-02
   2.8300000e+00   1.0393165e-02
   2.8400000e+00   1.0239394e-02
   2.8500000e+00   1.0087530e-02
   2.8600000e+00   9.9375553e-03
   2.8700000e+00   9.7894548e-03
   2.8800000e+00   9.6432120e-03
   2.8900000e+00   9.4988106e-03
   2.9000000e+00   9.3562345e-03
   2.9100000e+00   9.2154674e-03
   2.9200000e+00   9.0764930e-03
   2.9300000e+00   8.9392952e-03
   2.9400000e+00   8.8038577e-03
   2.9500000e+00   8.6701642e-03
   2.9600000e+00   8.5381986e-03
   2.9700000e+00   8.4079447e-03
   2.9800000e+00   8.2793863e-03
   2.9900000e+00   8.1525072e-03
   3.0000000e+00   8.0272914e-03
   3.0100000e+00   7.9037228e-03
   3.0200000e+00   7.7817853e-03
   3.0300000e+00   7.6614629e-03
   3.0400000e+00   7.5427397e-03
   3.0500000e+00   7.4255996e-03
   3.0600000e+00   7.3100269e-03
   3.0700000e+00   7.1960057e-03
   3.0800000e+00   7.0835203e-03
   3.0900000e+00   6.9725548e-03
   3.1000000e+00   6.8630937e-03
   3.1100000e+00   6.7551213e-03
   3.1200000e+00   6.6486221e-03
   3.1300000e+00   6.5435806e-03
   3.1400000e+00   6.4399813e-03
   3.1500000e+00   6.3378090e-03
   3.1600000e+00   6.2370483e-03
   3.1700000e+00   6.1376841e-03
   3.1800000e+00   6.0397011e-03
   3.1900000e+00   5.9430844e-03
   3.2000000e+00   5.8478190e-03
   3.2100000e+00   5.7538900e-03
   3.2200000e+00   5.6612824e-03
   3.2300000e+00   5.5699817e-03
   3.2400000e+00   5.4799731e-03
   3.2500000e+00   5.3912421e-03
   3.2600000e+00   5.3037742e-03
   3.2700000e+00   5.2175550e-03
   3.2800000e+00   5.1325702e-03
   3.2900000e+00   5.0488055e-03
   3.3000000e+00   4.9662469e-03
   3.3100000e+00   4.8848803e-03
   3.3200000e+00   4.8046918e-03
   3.3300000e+00   4.7256675e-03
   3.3400000e+00   4.6477937e-03
   3.3500000e+00   4.5710567e-03
   3.3600000e+00   4.4954430e-03
   3.3700000e+00   4.4209391e-03
   3.3800000e+00   4.3475317e-03
   3.3900000e+00   4.2752075e-03
   3.4000000e+00   4.2039533e-03
   3.4100000e+00   4.1337561e-03
   3.4200000e+00   4.0646030e-03
   3.4300000e+00   3.9964810e-03
   3.4400000e+00   3.9293774e-03
   3.4500000e+00   3.8632797e-03
   3.4600000e+00   3.7981751e-03
   3.4700000e+00   3.7340514e-03
   3.4800000e+00   3.6708961e-03
   3.4900000e+00   3.6086970e-03
   3.5000000e+00   3.5474420e-03
   3.5100000e+00   3.4871191e-03
   3.5200000e+00   3.4277163e-03
   3.5300000e+00   3.3692219e-03
   3.5400000e+00   3.3116241e-03
   3.5500000e+00   3.2549113e-03
   3.5600000e+00   3.1990720e-03
   3.5700000e+00   3.1440949e-03
   3.5800000e+00   3.0899686e-03
   3.5900000e+00   3.0366819e-03
   3.6000000e+00   2.9842239e-03
   3.6100000e+00   2.9325834e-03
   3.6200000e+00   2.8817497e-03
   3.6300000e+00   2.8317120e-03
   3.6400000e+00   2.7824596e-03
   3.6500000e+00   2.7339820e-03
   3.6600000e+00   2.6862687e-03
   3.6700000e+00   2.6393094e-03
   3.6800000e+00   2.5930939e-03
   3.6900000e+00   2.5476120e-03
   3.7000000e+00   2.5028537e-03
   3.7100000e+00   2.4588090e-03
   3.7200000e+00   2.4154682e-03
   3.7300000e+00   2.3728215e-03
   3.7400000e+00   2.3308593e-03
   3.7500000e+00   2.2895721e-03
   3.7600000e+00   2.2489504e-03
   3.7700000e+00   2.2089850e-03
   3.7800000e+00   2.1696666e-03
   3.7900000e+00   2.1309862e-03
   3.8000000e+00   2.0929346e-03
   3.8100000e+00   2.0555031e-03
   3.8200000e+00   2.0186827e-03
   3.8300000e+00   1.9824648e-03
   3.8400000e+00   1.9468407e-03
   3.8500000e+00   1.9118019e-03
   3.8600000e+00   1.8773401e-03
   3.8700000e+00   1.8434468e-03
   3.8800000e+00   1.8101138e-03
   3.8900000e+00   1.7773330e-03
   3.9000000e+00   1.7450964e-03
   3.9100000e+00   1.7133960e-03
   3.9200000e+00   1.6822239e-03
   3.9300000e+00   1.6515724e-03
   3.9400000e+00   1.6214338e-03
   3.9500000e+00   1.5918006e-03
   3.9600000e+00   1.5626651e-03
   3.9700000e+00   1.5340202e-03
   3.9800000e+00   1.5058583e-03
   3.9900000e+00   1.4781724e-03
   4.0000000e+00   1.4509553e-03
   4.0100000e+00   1.4241999e-03
   4.0200000e+00   1.3978992e-03
   4.0300000e+00   1.3720465e-03
   4.0400000e+00   1.3466350e-03
   4.0500000e+00   1.3216578e-03
   4.0600000e+00   1.2971085e-03
   4.0700000e+00   1.2729805e-03
   4.0800000e+00   1.2492672e-03
   4.0900000e+00   1.2259625e-03
   4.1000000e+00   1.2030600e-03
   4.1100000e+00   1.1805534e-03
   4.1200000e+00   1.1584367e-03
   4.1300000e+00   1.1367038e-03
   4.1400000e+00   1.1153488e-03
   4.1500000e+00   1.0943658e-03
   4.1600000e+00   1.0737489e-03
   4.1700000e+00   1.0534924e-03
   4.1800000e+00   1.0335907e-03
   4.1900000e+00   1.0140382e-03
   4.2000000e+00   9.9482942e-04
   4.2100000e+00   9.7595887e-04
   4.2200000e+00   9.5742122e-04
   4.2300000e+00   9.3921118e-04
   4.2400000e+00   9.2132354e-04
   4.2500000e+00   9.0375315e-04
   4.2600000e+00   8.8649495e-04
   4.2700000e+00   8.6954393e-04
   4.2800000e+00   8.5289515e-04
   4.2900000e+00   8.3654376e-04
   4.3000000e+00   8.2048495e-04
   4.3100000e+00   8.0471400e-04
   4.3200000e+00   7.8922623e-04
   4.3300000e+00   7.7401706e-04
   4.3400000e+00   7.5908194e-04
   4.3500000e+00   7.4441641e-04
   4.3600000e+00   7.3001606e-04
   4.3700000e+00   7.1587655e-04
   4.3800000e+00   7.0199359e-04
   4.3900000e+00   6.8836297e-04
   4.4000000e+00   6.7498053e-04
   4.4100000e+00   6.6184217e-04
   4.4200000e+00   6.4894385e-04
   4.4300000e+00   6.3628159e-04
   4.4400000e+00   6.2385146e-04
   4.4500000e+00   6.1164961e-04
   4.4600000e+00   5.9967222e-04
   4.4700000e+00   5.8791554e-04
   4.4800000e+00   5.7637588e-04
   4.4900000e+00   5.6504960e-04
   4.5000000e+00   5.5393310e-04
   4.5100000e+00   5.4302286e-04
   4.5200000e+00   5.3231538e-04
   4.5300000e+00   5.2180726e-04
   4.5400000e+00   5.1149510e-04
   4.5500000e+00   5.0137558e-04
   4.5600000e+00   4.9144543e-04
   4.5700000e+00   4.8170143e-04
   4.5800000e+00   4.7214039e-04
   4.5900000e+00   4.6275920e-04
   4.6000000e+00   4.5355476e-04
   4.6100000e+00   4.4452405e-04
   4.6200000e+00   4.3566409e-04
   4.6300000e+00   4.2697194e-04
   4.6400000e+00   4.1844470e-04
   4.6500000e+00   4.1007953e-04
   4.6600000e+00   4.0187363e-04
   4.6700000e+00   3.9382423e-04
   4.6800000e+00   3.8592862e-04
   4.6900000e+00   3.7818413e-04
   4.7000000e+00   3.7058813e-04
   4.7100000e+00   3.6313803e-04
   4.7200000e+00   3.5583129e-04
   4.7300000e+00   3.4866539e-04
   4.7400000e+00   3.4163788e-04
   4.7500000e+00   3.3474632e-04
   4.7600000e+00   3.2798834e-04
   4.7700000e+00   3.2136157e-04
   4.7800000e+00   3.1486372e-04
   4.7900000e+00   3.0849251e-04
   4.8000000e+00   3.0224571e-04
   4.8100000e+00   2.9612111e-04
   4.8200000e+00   2.9011656e-04
   4.8300000e+00   2.8422992e-04
   4.8400000e+00   2.7845912e-04
   4.8500000e+00   2.7280208e-04
   4.8600000e+00   2.6725679e-04
   4.8700000e+00   2.6182126e-04
   4.8800000e+00   2.5649354e-04
   4.8900000e+00   2.5127170e-04
   4.9000000e+00   2.4615385e-04
   4.9100000e+00   2.4113814e-04
   4.9200000e+00   2.3622274e-04
   4.9300000e+00   2.3140585e-04
   4.9400000e+00   2.2668571e-04
   4.9500000e+00   2.2206059e-04
   4.9600000e+00   2.1752879e-04
   4.9700000e+00   2.1308862e-04
   4.9800000e+00   2.0873844e-04
   4.9900000e+00   2.0447664e-04
   5.0000000e+00   2.0030163e-04
   5.0100000e+00   1.9621181e-04
   5.0200000e+00   1.9220548e-04
   5.0300000e+00   1.8828094e-04
   5.0400000e+00   1.8443650e-04
   5.0500000e+00   1.8067055e-04
   5.0600000e+00   1.7698148e-04
   5.0700000e+00   1.7336772e-04
   5.0800000e+00   1.6982773e-04
   5.0900000e+00   1.6636000e-04
   5.1000000e+00   1.6296307e-04
   5.1100000e+00   1.5963549e-04
   5.1200000e+00   1.5637583e-04
   5.1300000e+00   1.5318272e-04
   5.1400000e+00   1.5005480e-04
   5.1500000e+00   1.4699074e-04
   5.1600000e+00   1.4398922e-04
   5.1700000e+00   1.4104899e-04
   5.1800000e+00   1.3816878e-04
   5.1900000e+00   1.3534737e-04
   5.2000000e+00   1.3258356e-04
   5.2100000e+00   1.2987617e-04
   5.2200000e+00   1.2722406e-04
   5.2300000e+00   1.2462609e-04
   5.2400000e+00   1.2208116e-04
   5.2500000e+00   1.1958819e-04
   5.2600000e+00   1.1714612e-04
   5.2700000e+00   1.1475390e-04
   5.2800000e+00   1.1241052e-04
   5.2900000e+00   1.1011499e-04
   5.3000000e+00   1.0786632e-04
   5.3100000e+00   1.0566356e-04
   5.3200000e+00   1.0350578e-04
   5.3300000e+00   1.0139205e-04
   5.3400000e+00   9.9321471e-05
   5.3500000e+00   9.7293171e-05
   5.3600000e+00   9.5306282e-05
   5.3700000e+00   9.3359960e-05
   5.3800000e+00   9.1453376e-05
   5.3900000e+00   8.9585719e-05
   5.4000000e+00   8.7756195e-05
   5.4100000e+00   8.5964025e-05
   5.4200000e+00   8.4208446e-05
   5.4300000e+00   8.2488712e-05
   5.4400000e+00   8.0804092e-05
   5.4500000e+00   7.9153867e-05
   5.4600000e+00   7.7537337e-05
   5.4700000e+00   7.5953813e-05
   5.4800000e+00   7.4402621e-05
   5.4900000e+00   7.2883102e-05
   5.5000000e+00   7.1394609e-05
   5.5100000e+00   6.9936509e-05
   5.5200000e+00   6.8508180e-05
   5.5300000e+00   6.7109016e-05
   5.5400000e+00   6.5738421e-05
   5.5500000e+00   6.4395812e-05
   5.5600000e+00   6.3080618e-05
   5.5700000e+00   6.1792278e-05
   5.5800000e+00   6.0530245e-05
   5.5900000e+00   5.9293982e-05
   5.6000000e+00   5.8082962e-05
   5.6100000e+00   5.6896671e-05
   5.6200000e+00   5.5734603e-05
   5.6300000e+00   5.4596263e-05
   5.6400000e+00   5.3481168e-05
   5.6500000e+00   5.2388843e-05
   5.6600000e+00   5.1318824e-05
   5.6700000e+00   5.0270653e-05
   5.6800000e+00   4.9243887e-05
   5.6900000e+00   4.8238087e-05
   5.7000000e+00   4.7252826e-05
   5.7100000e+00   4.6287684e-05
   5.7200000e+00   4.5342251e-05
   5.7300000e+00   4.4416124e-05
   5.7400000e+00   4.3508908e-05
   5.7500000e+00   4.2620219e-05
   5.7600000e+00   4.1749678e-05
   5.7700000e+00   4.0896914e-05
   5.7800000e+00   4.0061564e-05
   5.7900000e+00   3.9243273e-05
   5.8000000e+00   3.8441692e-05
   5.8100000e+00   3.7656480e-05
   5.8200000e+00   3.6887304e-05
   5.8300000e+00   3.6133835e-05
   5.8400000e+00   3.5395754e-05
   5.8500000e+00   3.4672745e-05
   5.8600000e+00   3.3964501e-05
   5.8700000e+00   3.3270721e-05
   5.8800000e+00   3.2591109e-05
   5.8900000e+00   3.1925376e-05
   5.9000000e+00   3.1273239e-05
   5.9100000e+00   3.0634420e-05
   5.9200000e+00   3.0008647e-05
   5.9300000e+00   2.9395654e-05
   5.9400000e+00   2.8795180e-05
   5.9500000e+00   2.8206969e-05
   5.9600000e+00   2.7630771e-05
   5.9700000e+00   2.7066341e-05
   5.9800000e+00   2.6513438e-05
   5.9900000e+00   2.5971826e-05
   6.0000000e+00   2.5441276e-05
   6.0100000e+00   2.4921562e-05
   6.0200000e+00   2.4412462e-05
   6.0300000e+00   2.3913760e-05
   6.0400000e+00   2.3425242e-05
   6.0500000e+00   2.2946702e-05
   6.0600000e+00   2.2477936e-05
   6.0700000e+00   2.2018743e-05
   6.0800000e+00   2.1568929e-05
   6.0900000e+00   2.1128302e-05
   6.1000000e+00   2.0696675e-05
   6.1100000e+00   2.0273863e-05
   6.1200000e+00   1.9859686e-05
   6.1300000e+00   1.9453969e-05
   6.1400000e+00   1.9056539e-05
   6.1500000e+00   1.8667226e-05
   6.1600000e+00   1.8285864e-05
   6.1700000e+00   1.7912292e-05
   6.1800000e+00   1.7546349e-05
   6.1900000e+00   1.7187882e-05
   6.2000000e+00   1.6836735e-05
   6.2100000e+00   1.6492761e-05
   6.2200000e+00   1.6155813e-05
   6.2300000e+00   1.5825747e-05
   6.2400000e+00   1.5502423e-05
   6.2500000e+00   1.5185703e-05
   6.2600000e+00   1.4875452e-05
   6.2700000e+00   1.4571538e-05
   6.2800000e+00   1.4273832e-05
   6.2900000e+00   1.3982207e-05
   6.3000000e+00   1.3696539e-05
   6.3100000e+00   1.3416705e-05
   6.3200000e+00   1.3142588e-05
   6.3300000e+00   1.2874070e-05
   6.3400000e+00   1.2611036e-05
   6.3500000e+00   1.2353376e-05
   6.3600000e+00   1.2100978e-05
   6.3700000e+00   1.1853737e-05
   6.3800000e+00   1.1611545e-05
   6.3900000e+00   1.1374301e-05
   6.4000000e+00   1.1141903e-05
   6.4100000e+00   1.0914253e-05
   6.4200000e+00   1.0691252e-05
   6.4300000e+00   1.0472807e-05
   6.4400000e+00   1.0258824e-05
   6.4500000e+00   1.0049212e-05
   6.4600000e+00   9.8438823e-06
   6.4700000e+00   9.6427468e-06
   6.4800000e+00   9.4457201e-06
   6.4900000e+00   9.2527182e-06
   6.5000000e+00   9.0636590e-06
   6.5100000e+00   8.8784619e-06
   6.5200000e+00   8.6970480e-06
   6.5300000e+00   8.5193401e-06
   6.5400000e+00   8.3452624e-06
   6.5500000e+00   8.1747410e-06
   6.5600000e+00   8.0077030e-06
   6.5700000e+00   7.8440774e-06
   6.5800000e+00   7.6837945e-06
   6.5900000e+00   7.5267859e-06
   6.6000000e+00   7.3729849e-06
   6.6100000e+00   7.2223259e-06
   6.6200000e+00   7.0747448e-06
   6.6300000e+00   6.9301786e-06
   6.6400000e+00   6.7885659e-06
   6.6500000e+00   6.6498462e-06
   6.6600000e+00   6.5139605e-06
   6.6700000e+00   6.3808509e-06
   6.6800000e+00   6.2504607e-06
   6.6900000e+00   6.1227343e-06
   6.7000000e+00   5.9976174e-06
   6.7100000e+00   5.8750567e-06
   6.7200000e+00   5.7549999e-06
   6.7300000e+00   5.6373958e-06
   6.7400000e+00   5.5221945e-06
   6.7500000e+00   5.4093468e-06
   6.7600000e+00   5.2988047e-06
   6.7700000e+00   5.1905210e-06
   6.7800000e+00   5.0844496e-06
   6.7900000e+00   4.9805454e-06
   6.8000000e+00   4.8787640e-06
   6.8100000e+00   4.7790621e-06
   6.8200000e+00   4.6813973e-06
   6.8300000e+00   4.5857279e-06
   6.8400000e+00   4.4920131e-06
   6.8500000e+00   4.4002131e-06
   6.8600000e+00   4.3102887e-06
   6.8700000e+00   4.2222016e-06
   6.8800000e+00   4.1359143e-06
   6.8900000e+00   4.0513900e-06
   6.9000000e+00   3.9685927e-06
   6.9100000e+00   3.8874872e-06
   6.9200000e+00   3.8080388e-06
   6.9300000e+00   3.7302137e-06
   6.9400000e+00   3.6539788e-06
   6.9500000e+00   3.5793016e-06
   6.9600000e+00   3.5061502e-06
   6.9700000e+00   3.4344935e-06
   6.9800000e+00   3.3643009e-06
   6.9900000e+00   3.2955426e-06
   7.0000000e+00   3.2281892e-06
   7.0100000e+00   3.1622121e-06
   7.0200000e+00   3.0975831e-06
   7.0300000e+00   3.0342747e-06
   7.0400000e+00   2.9722599e-06
   7.0500000e+00   2.9115123e-06
   7.0600000e+00   2.8520060e-06
   7.0700000e+00   2.7937157e-06
   7.0800000e+00   2.7366164e-06
   7.0900000e+00   2.6806839e-06
   7.1000000e+00   2.6258944e-06
   7.1100000e+00   2.5722244e-06
   7.1200000e+00   2.5196511e-06
   7.1300000e+00   2.4681522e-06
   7.1400000e+00   2.4177056e-06
   7.1500000e+00   2.3682899e-06
   7.1600000e+00   2.3198840e-06
   7.1700000e+00   2.2724672e-06
   7.1800000e+00   2.2260194e-06
   7.1900000e+00   2.1805208e-06
   7.2000000e+00   2.1359520e-06
   7.2100000e+00   2.0922939e-06
   7.2200000e+00   2.0495280e-06
   7.2300000e+00   2.0076361e-06
   7.2400000e+00   1.9666002e-06
   7.2500000e+00   1.9264030e-06
   7.2600000e+00   1.8870272e-06
   7.2700000e+00   1.8484562e-06
   7.2800000e+00   1.8106733e-06
   7.2900000e+00   1.7736626e-06
   7.3000000e+00   1.7374083e-06
   7.3100000e+00   1.7018949e-06
   7.3200000e+00   1.6671073e-06
   7.3300000e+00   1.6330306e-06
   7.3400000e+00   1.5996504e-06
   7.3500000e+00   1.5669523e-06
   7.3600000e+00   1.5349225e-06
   7.3700000e+00   1.5035473e-06
   7.3800000e+00   1.4728133e-06
   7.3900000e+00   1.4427075e-06
   7.4000000e+00   1.4132170e-06
   7.4100000e+00   1.3843292e-06
   7.4200000e+00   1.3560318e-06
   7.4300000e+00   1.3283127e-06
   7.4400000e+00   1.3011602e-06
   7.4500000e+00   1.2745626e-06
   7.4600000e+00   1.2485087e-06
   7.4700000e+00   1.2229872e-06
   7.4800000e+00   1.1979874e-06
   7.4900000e+00   1.1734986e-06
   7.5000000e+00   1.1495103e-06
   7.5100000e+00   1.1260123e-06
   7.5200000e+00   1.1029946e-06
   7.5300000e+00   1.0804473e-06
   7.5400000e+00   1.0583609e-06
   7.5500000e+00   1.0367260e-06
   7.5600000e+00   1.0155333e-06
   7.5700000e+00   9.9477378e-07
   7.5800000e+00   9.7443860e-07
   7.5900000e+00   9.5451907e-07
   7.6000000e+00   9.3500673e-07
   7.6100000e+00   9.1589323e-07
   7.6200000e+00   8.9717044e-07
   7.6300000e+00   8.7883037e-07
   7.6400000e+00   8.6086519e-07
   7.6500000e+00   8.4326726e-07
   7.6600000e+00   8.2602907e-07
   7.6700000e+00   8.0914326e-07
   7.6800000e+00   7.9260264e-07
   7.6900000e+00   7.7640016e-07
   7.7000000e+00   7.6052890e-07
   7.7100000e+00   7.4498209e-07
   7.7200000e+00   7.2975312e-07
   7.7300000e+00   7.1483548e-07
   7.7400000e+00   7.0022281e-07
   7.7500000e+00   6.8590889e-07
   7.7600000e+00   6.7188760e-07
   7.7700000e+00   6.5815297e-07
   7.7800000e+00   6.4469914e-07
   7.7900000e+00   6.3152038e-07
   7.8000000e+00   6.1861106e-07
   7.8100000e+00   6.0596568e-07
   7.8200000e+00   5.9357885e-07
   7.8300000e+00   5.8144528e-07
   7.8400000e+00   5.6955980e-07
   7.8500000e+00   5.5791734e-07
   7.8600000e+00   5.4651294e-07
   7.8700000e+00   5.3534173e-07
   7.8800000e+00   5.2439895e-07
   7.8900000e+00   5.1367992e-07
   7.9000000e+00   5.0318009e-07
   7.9100000e+00   4.9289497e-07
   7.9200000e+00   4.8282017e-07
   7.9300000e+00   4.7295140e-07
   7.9400000e+00   4.6328445e-07
   7.9500000e+00   4.5381519e-07
   7.9600000e+00   4.4453959e-07
   7.9700000e+00   4.3545369e-07
   7.9800000e+00   4.2655361e-07
   7.9900000e+00   4.1783557e-07
   8.0000000e+00   4.0929583e-07
   8.0100000e+00   4.0093076e-07
   8.0200000e+00   3.9273679e-07
   8.0300000e+00   3.8471043e-07
   8.0400000e+00   3.7684824e-07
   8.0500000e+00   3.6914689e-07
   8.0600000e+00   3.6160307e-07
   8.0700000e+00   3.5421358e-07
   8.0800000e+00   3.4697526e-07
   8.0900000e+00   3.3988503e-07
   8.1000000e+00   3.3293986e-07
   8.1100000e+00   3.2613678e-07
   8.1200000e+00   3.1947290e-07
   8.1300000e+00   3.1294537e-07
   8.1400000e+00   3.0655141e-07
   8.1500000e+00   3.0028829e-07
   8.1600000e+00   2.9415334e-07
   8.1700000e+00   2.8814394e-07
   8.1800000e+00   2.8225753e-07
   8.1900000e+00   2.7649159e-07
   8.2000000e+00   2.7084367e-07
   8.2100000e+00   2.6531136e-07
   8.2200000e+00   2.5989229e-07
   8.2300000e+00   2.5458416e-07
   8.2400000e+00   2.4938470e-07
   8.2500000e+00   2.4429169e-07
   8.2600000e+00   2.3930296e-07
   8.2700000e+00   2.3441638e-07
   8.2800000e+00   2.2962987e-07
   8.2900000e+00   2.2494137e-07
   8.3000000e+00   2.2034891e-07
   8.3100000e+00   2.1585050e-07
   8.3200000e+00   2.1144424e-07
   8.3300000e+00   2.0712824e-07
   8.3400000e+00   2.0290067e-07
   8.3500000e+00   1.9875972e-07
   8.3600000e+00   1.9470361e-07
   8.3700000e+00   1.9073063e-07
   8.3800000e+00   1.8683908e-07
   8.3900000e+00   1.8302729e-07
   8.4000000e+00   1.7929363e-07
   8.4100000e+00   1.7563653e-07
   8.4200000e+00   1.7205441e-07
   8.4300000e+00   1.6854574e-07
   8.4400000e+00   1.6510904e-07
   8.4500000e+00   1.6174283e-07
   8.4600000e+00   1.5844567e-07
   8.4700000e+00   1.5521617e-07
   8.4800000e+00   1.5205293e-07
   8.4900000e+00   1.4895462e-07
   8.5000000e+00   1.4591990e-07
   8.5100000e+00   1.4294749e-07
   8.5200000e+00   1.4003612e-07
   8.5300000e+00   1.3718454e-07
   8.5400000e+00   1.3439153e-07
   8.5500000e+00   1.3165591e-07
   8.5600000e+00   1.2897651e-07
   8.5700000e+00   1.2635218e-07
   8.5800000e+00   1.2378180e-07
   8.5900000e+00   1.2126428e-07
   8.6000000e+00   1.1879854e-07
   8.6100000e+00   1.1638353e-07
   8.6200000e+00   1.1401822e-07
   8.6300000e+00   1.1170160e-07
   8.6400000e+00   1.0943268e-07
   8.6500000e+00   1.0721049e-07
   8.6600000e+00   1.0503408e-07
   8.6700000e+00   1.0290253e-07
   8.6800000e+00   1.0081492e-07
   8.6900000e+00   9.8770367e-08
   8.7000000e+00   9.6767995e-08
   8.7100000e+00   9.4806949e-08
   8.7200000e+00   9.2886393e-08
   8.7300000e+00   9.1005506e-08
   8.7400000e+00   8.9163486e-08
   8.7500000e+00   8.7359546e-08
   8.7600000e+00   8.5592917e-08
   8.7700000e+00   8.3862844e-08
   8.7800000e+00   8.2168588e-08
   8.7900000e+00   8.0509428e-08
   8.8000000e+00   7.8884653e-08
   8.8100000e+00   7.7293572e-08
   8.8200000e+00   7.5735503e-08
   8.8300000e+00   7.4209784e-08
   8.8400000e+00   7.2715761e-08
   8.8500000e+00   7.1252798e-08
   8.8600000e+00   6.9820269e-08
   8.8700000e+00   6.8417564e-08
   8.8800000e+00   6.7044082e-08
   8.8900000e+00   6.5699239e-08
   8.9000000e+00   6.4382460e-08
   8.9100000e+00   6.3093183e-08
   8.9200000e+00   6.1830857e-08
   8.9300000e+00   6.0594943e-08
   8.9400000e+00   5.9384914e-08
   8.9500000e+00   5.8200253e-08
   8.9600000e+00   5.7040454e-08
   8.9700000e+00   5.5905023e-08
   8.9800000e+00   5.4793474e-08
   8.9900000e+00   5.3705333e-08
   9.0000000e+00   5.2640135e-08
   9.0100000e+00   5.1597425e-08
   9.0200000e+00   5.0576759e-08
   9.0300000e+00   4.9577700e-08
   9.0400000e+00   4.8599822e-08
   9.0500000e+00   4.7642708e-08
   9.0600000e+00   4.6705948e-08
   9.0700000e+00   4.5789142e-08
   9.0800000e+00   4.4891900e-08
   9.0900000e+00   4.4013839e-08
   9.1000000e+00   4.3154582e-08
   9.1100000e+00   4.2313763e-08
   9.1200000e+00   4.1491024e-08
   9.1300000e+00   4.0686013e-08
   9.1400000e+00   3.9898386e-08
   9.1500000e+00   3.9127807e-08
   9.1600000e+00   3.8373947e-08
   9.1700000e+00   3.7636483e-08
   9.1800000e+00   3.6915102e-08
   9.1900000e+00   3.6209494e-08
   9.2000000e+00   3.5519359e-08
   9.2100000e+00   3.4844402e-08
   9.2200000e+00   3.4184335e-08
   9.2300000e+00   3.3538875e-08
   9.2400000e+00   3.2907748e-08
   9.2500000e+00   3.2290683e-08
   9.2600000e+00   3.1687417e-08
   9.2700000e+00   3.1097693e-08
   9.2800000e+00   3.0521258e-08
   9.2900000e+00   2.9957867e-08
   9.3000000e+00   2.9407279e-08
   9.3100000e+00   2.8869258e-08
   9.3200000e+00   2.8343575e-08
   9.3300000e+00   2.7830006e-08
   9.3400000e+00   2.7328331e-08
   9.3500000e+00   2.6838335e-08
   9.3600000e+00   2.6359810e-08
   9.3700000e+00   2.5892552e-08
   9.3800000e+00   2.5436360e-08
   9.3900000e+00   2.4991039e-08
   9.4000000e+00   2.4556401e-08
   9.4100000e+00   2.4132258e-08
   9.4200000e+00   2.3718430e-08
   9.4300000e+00   2.3314740e-08
   9.4400000e+00   2.2921016e-08
   9.4500000e+00   2.2537089e-08
   9.4600000e+00   2.2162795e-08
   9.4700000e+00   2.1797975e-08
   9.4800000e+00   2.1442473e-08
   9.4900000e+00   2.1096137e-08
   9.5000000e+00   2.0758819e-08
   9.5100000e+00   2.0430375e-08
   9.5200000e+00   2.0110664e-08
   9.5300000e+00   1.9799551e-08
   9.5400000e+00   1.9496901e-08
   9.5500000e+00   1.9202587e-08
   9.5600000e+00   1.8916482e-08
   9.5700000e+00   1.8638463e-08
   9.5800000e+00   1.8368413e-08
   9.5900000e+00   1.8106216e-08
   9.6000000e+00   1.7851760e-08
   9.6100000e+00   1.7604936e-08
   9.6200000e+00   1.7365638e-08
   9.6300000e+00   1.7133765e-08
   9.6400000e+00   1.6909218e-08
   9.6500000e+00   1.6691900e-08
   9.6600000e+00   1.6481719e-08
   9.6700000e+00   1.6278585e-08
   9.6800000e+00   1.6082411e-08
   9.6900000e+00   1.5893113e-08
   9.7000000e+00   1.5710611e-08
   9.7100000e+00   1.5534826e-08
   9.7200000e+00   1.5365684e-08
   9.7300000e+00   1.5203112e-08
   9.7400000e+00   1.5047041e-08
   9.7500000e+00   1.4897404e-08
   9.7600000e+00   1.4754137e-08
   9.7700000e+00   1.4617179e-08
   9.7800000e+00   1.4486471e-08
   9.7900000e+00   1.4361958e-08
   9.8000000e+00   1.4243587e-08
   9.8100000e+00   1.4131306e-08
   9.8200000e+00   1.4025068e-08
   9.8300000e+00   1.3924828e-08
   9.8400000e+00   1.3830542e-08
   9.8500000e+00   1.3742171e-08
   9.8600000e+00   1.3659676e-08
   9.8700000e+00   1.3583023e-08
   9.8800000e+00   1.3512178e-08
   9.8900000e+00   1.3447112e-08
   9.9000000e+00   1.3387796e-08
   9.9100000e+00   1.3334206e-08
   9.9200000e+00   1.3286318e-08
   9.9300000e+00   1.3244112e-08
   9.9400000e+00   1.3207570e-08
   9.9500000e+00   1.3176676e-08
   9.9600000e+00   1.3151417e-08
   9.9700000e+00   1.3131782e-08
   9.9800000e+00   1.3117763e-08
   9.9900000e+00   1.3109354e-08
   1.0000000e+01   1.3106552e-08
