  -1.5000000e+01   8.4357663e-01
  -1.4900000e+01   8.1019895e-01
  -1.4800000e+01   6.9647464e-01
  -1.4700000e+01   5.1368162e-01
  -1.4600000e+01   2.7994730e-01
  -1.4500000e+01   1.8450890e-02
  -1.4400000e+01  -2.4487528e-01
  -1.4300000e+01  -4.8391741e-01
  -1.4200000e+01  -6.7496993e-01
  -1.4100000e+01  -7.9908634e-01
  -1.4000000e+01  -8.4395815e-01
  -1.3900000e+01  -8.0513546e-01
  -1.3800000e+01  -6.8646828e-01
  -1.3700000e+01  -4.9972472e-01
  -1.3600000e+01  -2.6342395e-01
  -1.3500000e+01  -9.9968745e-04
  -1.3400000e+01   2.6152371e-01
  -1.3300000e+01   4.9811206e-01
  -1.3200000e+01   6.8530313e-01
  -1.3100000e+01   8.0453336e-01
  -1.3000000e+01   8.4397881e-01
  -1.2900000e+01   7.9972771e-01
  -1.2800000e+01   6.7616841e-01
  -1.2700000e+01   4.8555415e-01
  -1.2600000e+01   2.4678796e-01
  -1.2500000e+01  -1.6451942e-02
  -1.2400000e+01  -2.7806032e-01
  -1.2300000e+01  -5.1209374e-01
  -1.2200000e+01  -6.9534332e-01
  -1.2100000e+01  -8.0963639e-01
  -1.2000000e+01  -8.4363861e-01
  -1.1900000e+01  -7.9397803e-01
  -1.1800000e+01  -6.6557943e-01
  -1.1700000e+01  -4.7117597e-01
  -1.1600000e+01  -2.3004646e-01
  -1.1500000e+01   3.3896536e-02
  -1.1400000e+01   2.9447804e-01
  -1.1300000e+01   5.2585645e-01
  -1.1200000e+01   7.0508619e-01
  -1.1100000e+01   8.1439323e-01
  -1.1000000e+01   8.4293770e-01
  -1.0900000e+01   7.8788886e-01
  -1.0800000e+01   6.5470586e-01
  -1.0700000e+01   4.5659633e-01
  -1.0600000e+01   2.1320659e-01
  -1.0500000e+01  -5.1326637e-02
  -1.0400000e+01  -3.1076985e-01
  -1.0300000e+01  -5.3939433e-01
  -1.0200000e+01  -7.1452760e-01
  -1.0100000e+01  -8.1880187e-01
  -1.0000000e+01  -8.4187637e-01
  -9.9000000e+00  -7.8159879e-01
  -9.8000000e+00  -6.4456312e-01
  -9.7000000e+00  -4.4484692e-01
  -9.6000000e+00  -2.0229202e-01
  -9.5000000e+00   5.9569747e-02
  -9.4000000e+00   3.1586088e-01
  -9.3000000e+00   5.4273581e-01
  -9.2000000e+00   7.1956547e-01
  -9.1000000e+00   8.3073438e-01
  -9.0000000e+00   8.6690371e-01
  -8.9000000e+00   8.2565192e-01
  -8.8000000e+00   7.1146743e-01
  -8.7000000e+00   5.3512782e-01
  -8.6000000e+00   3.1255346e-01
  -8.5000000e+00   6.3264414e-02
  -8.4000000e+00  -1.9140369e-01
  -8.3000000e+00  -4.3015808e-01
  -8.2000000e+00  -6.3351941e-01
  -8.1000000e+00  -7.8536035e-01
  -8.0000000e+00  -8.7409741e-01
  -7.9000000e+00  -8.9345783e-01
  -7.8000000e+00  -8.4278377e-01
  -7.7000000e+00  -7.2687678e-01
  -7.6000000e+00  -5.5542210e-01
  -7.5000000e+00  -3.4206349e-01
  -7.4000000e+00  -1.0322186e-01
  -7.3000000e+00   1.4323583e-01
  -7.2000000e+00   3.7936699e-01
  -7.1000000e+00   5.8845784e-01
  -7.0000000e+00   7.5616963e-01
  -6.9000000e+00   8.7145290e-01
  -6.8000000e+00   9.2717918e-01
  -6.7000000e+00   9.2046377e-01
  -6.6000000e+00   8.5267792e-01
  -6.5000000e+00   7.2917079e-01
  -6.4000000e+00   5.5874055e-01
  -6.3000000e+00   3.5290821e-01
  -6.2000000e+00   1.2505694e-01
  -6.1000000e+00  -1.1049646e-01
  -6.0000000e+00  -3.3943234e-01
  -5.9000000e+00  -5.4830117e-01
  -5.8000000e+00  -7.2528762e-01
  -5.7000000e+00  -8.6082614e-01
  -5.6000000e+00  -9.4804171e-01
  -5.5000000e+00  -9.8300262e-01
  -5.4000000e+00  -9.6478529e-01
  -5.3000000e+00  -8.9536255e-01
  -5.2000000e+00  -7.7933672e-01
  -5.1000000e+00  -6.2354592e-01
  -5.0000000e+00  -4.3657694e-01
  -4.9000000e+00  -2.2822023e-01
  -4.8000000e+00  -8.9023176e-03
  -4.7000000e+00   2.1087124e-01
  -4.6000000e+00   4.2103325e-01
  -4.5000000e+00   6.1240882e-01
  -4.4000000e+00   7.7708790e-01
  -4.3000000e+00   9.0870496e-01
  -4.2000000e+00   1.0026205e+00
  -4.1000000e+00   1.0560051e+00
  -4.0000000e+00   1.0678313e+00
  -3.9000000e+00   1.0387830e+00
  -3.8000000e+00   9.7109648e-01
  -3.7000000e+00   8.6834573e-01
  -3.6000000e+00   7.3519006e-01
  -3.5000000e+00   5.7709877e-01
  -3.4000000e+00   4.0006839e-01
  -3.3000000e+00   2.1034606e-01
  -3.2000000e+00   1.4170713e-02
  -3.1000000e+00  -1.8245857e-01
  -3.0000000e+00  -3.7398002e-01
  -2.9000000e+00  -5.5542814e-01
  -2.8000000e+00  -7.2255192e-01
  -2.7000000e+00  -8.7189238e-01
  -2.6000000e+00  -1.0008212e+00
  -2.5000000e+00  -1.1075439e+00
  -2.4000000e+00  -1.1910714e+00
  -2.3000000e+00  -1.2511663e+00
  -2.2000000e+00  -1.2882678e+00
  -2.1000000e+00  -1.3034023e+00
  -2.0000000e+00  -1.2980843e+00
  -1.9000000e+00  -1.2742133e+00
  -1.8000000e+00  -1.2339703e+00
  -1.7000000e+00  -1.1797186e+00
  -1.6000000e+00  -1.1139117e+00
  -1.5000000e+00  -1.0390103e+00
  -1.4000000e+00  -9.5741090e-01
  -1.3000000e+00  -8.7138559e-01
  -1.2000000e+00  -7.8303495e-01
  -1.1000000e+00  -6.9425250e-01
  -1.0000000e+00  -6.0670090e-01
  -9.0000000e-01  -5.2179852e-01
  -8.0000000e-01  -4.4071534e-01
  -7.0000000e-01  -3.6437672e-01
  -6.0000000e-01  -2.9347343e-01
  -5.0000000e-01  -2.2847632e-01
  -4.0000000e-01  -1.6965354e-01
  -3.0000000e-01  -1.1708739e-01
  -2.0000000e-01  -7.0683749e-02
  -1.0000000e-01  -3.0146066e-02
   0.0000000e+00   5.5294418e-03
   1.0000000e-01   3.5318272e-02
   2.0000000e-01   5.8345734e-02
   3.0000000e-01   7.6068483e-02
   4.0000000e-01   8.9229100e-02
   5.0000000e-01   9.8452740e-02
   6.0000000e-01   1.0430560e-01
   7.0000000e-01   1.0730824e-01
   8.0000000e-01   1.0793829e-01
   9.0000000e-01   1.0663048e-01
   1.0000000e+00   1.0377627e-01
   1.1000000e+00   9.9723959e-02
   1.2000000e+00   9.4779421e-02
   1.3000000e+00   8.9207650e-02
   1.4000000e+00   8.3234827e-02
   1.5000000e+00   7.7050906e-02
   1.6000000e+00   7.0812535e-02
   1.7000000e+00   6.4646198e-02
   1.8000000e+00   5.8651445e-02
   1.9000000e+00   5.2904130e-02
   2.0000000e+00   4.7459551e-02
   2.1000000e+00   4.2355456e-02
   2.2000000e+00   3.7614841e-02
   2.3000000e+00   3.3248524e-02
   2.4000000e+00   2.9257474e-02
   2.5000000e+00   2.5634878e-02
   2.6000000e+00   2.2367959e-02
   2.7000000e+00   1.9439542e-02
   2.8000000e+00   1.6829386e-02
   2.9000000e+00   1.4515301e-02
   3.0000000e+00   1.2474061e-02
   3.1000000e+00   1.0682143e-02
   3.2000000e+00   9.1163064e-03
   3.3000000e+00   7.7540343e-03
   3.4000000e+00   6.5738614e-03
   3.5000000e+00   5.5555988e-03
   3.6000000e+00   4.6804789e-03
   3.7000000e+00   3.9312331e-03
   3.8000000e+00   3.2921167e-03
   3.9000000e+00   2.7488915e-03
   4.0000000e+00   2.2887789e-03
   4.1000000e+00   1.9003883e-03
   4.2000000e+00   1.5736320e-03
   4.3000000e+00   1.2996297e-03
   4.4000000e+00   1.0706077e-03
   4.5000000e+00   8.7979822e-04
   4.6000000e+00   7.2133939e-04
   4.7000000e+00   5.9017968e-04
   4.8000000e+00   4.8198744e-04
   4.9000000e+00   3.9306695e-04
   5.0000000e+00   3.2028138e-04
   5.1000000e+00   2.6093225e-04
   5.2000000e+00   2.1258070e-04
   5.3000000e+00   1.7318884e-04
   5.4000000e+00   1.4109642e-04
   5.5000000e+00   1.1495081e-04
   5.6000000e+00   9.3650075e-05
   5.7000000e+00   7.6296428e-05
   5.8000000e+00   6.2158465e-05
   5.9000000e+00   5.0640311e-05
   6.0000000e+00   4.1256506e-05
   6.1000000e+00   3.3611550e-05
   6.2000000e+00   2.7383227e-05
   6.3000000e+00   2.2309033e-05
   6.4000000e+00   1.8175103e-05
   6.5000000e+00   1.4807203e-05
   6.6000000e+00   1.2063386e-05
   6.7000000e+00   9.8280081e-06
   6.8000000e+00   8.0068533e-06
   6.9000000e+00   6.5231653e-06
   7.0000000e+00   5.3144108e-06
   7.1000000e+00   4.3296442e-06
   7.2000000e+00   3.5273600e-06
   7.3000000e+00   2.8737444e-06
   7.4000000e+00   2.3412493e-06
   7.5000000e+00   1.9074313e-06
   7.6000000e+00   1.5540063e-06
   7.7000000e+00   1.2660784e-06
   7.8000000e+00   1.0315123e-06
   7.9000000e+00   8.4042150e-07
   8.0000000e+00   6.8475218e-07
   8.1000000e+00   5.5794329e-07
   8.2000000e+00   4.5465016e-07
   8.3000000e+00   3.7051929e-07
   8.4000000e+00   3.0200479e-07
   8.5000000e+00   2.4621896e-07
   8.6000000e+00   2.0081058e-07
   8.7000000e+00   1.6386582e-07
   8.8000000e+00   1.3382755e-07
   8.9000000e+00   1.0942974e-07
   9.0000000e+00   8.9644088e-08
   9.1000000e+00   7.3636693e-08
   9.2000000e+00   6.0732881e-08
   9.3000000e+00   5.0388793e-08
   9.4000000e+00   4.2168453e-08
   9.5000000e+00   3.5725398e-08
   9.6000000e+00   3.0788071e-08
   9.7000000e+00   2.7148375e-08
   9.8000000e+00   2.4652909e-08
   9.9000000e+00   2.3196496e-08
   1.0000000e+01   2.2717750e-08
