  -5.0000000e+00  -1.2266864e-01
  -4.9875000e+00  -1.2346831e-01
  -4.9750000e+00  -1.2426359e-01
  -4.9625000e+00  -1.2505445e-01
  -4.9500000e+00  -1.2584088e-01
  -4.9375000e+00  -1.2662282e-01
  -4.9250000e+00  -1.2740024e-01
  -4.9125000e+00  -1.2817310e-01
  -4.9000000e+00  -1.2894138e-01
  -4.8875000e+00  -1.2970505e-01
  -4.8750000e+00  -1.3046409e-01
  -4.8625000e+00  -1.3121847e-01
  -4.8500000e+00  -1.3196815e-01
  -4.8375000e+00  -1.3271312e-01
  -4.8250000e+00  -1.3345333e-01
  -4.8125000e+00  -1.3418876e-01
  -4.8000000e+00  -1.3491937e-01
  -4.7875000e+00  -1.3564514e-01
  -4.7750000e+00  -1.3636603e-01
  -4.7625000e+00  -1.3708203e-01
  -4.7500000e+00  -1.3779309e-01
  -4.7375000e+00  -1.3849921e-01
  -4.7250000e+00  -1.3920034e-01
  -4.7125000e+00  -1.3989647e-01
  -4.7000000e+00  -1.4058757e-01
  -4.6875000e+00  -1.4127361e-01
  -4.6750000e+00  -1.4195457e-01
  -4.6625000e+00  -1.4263040e-01
  -4.6500000e+00  -1.4330110e-01
  -4.6375000e+00  -1.4396662e-01
  -4.6250000e+00  -1.4462694e-01
  -4.6125000e+00  -1.4528205e-01
  -4.6000000e+00  -1.4593190e-01
  -4.5875000e+00  -1.4657649e-01
  -4.5750000e+00  -1.4721578e-01
  -4.5625000e+00  -1.4784975e-01
  -4.5500000e+00  -1.4847837e-01
  -4.5375000e+00  -1.4910164e-01
  -4.5250000e+00  -1.4971951e-01
  -4.5125000e+00  -1.5033196e-01
  -4.5000000e+00  -1.5093898e-01
  -4.4875000e+00  -1.5154053e-01
  -4.4750000e+00  -1.5213659e-01
  -4.4625000e+00  -1.5272714e-01
  -4.4500000e+00  -1.5331215e-01
  -4.4375000e+00  -1.5389160e-01
  -4.4250000e+00  -1.5446547e-01
  -4.4125000e+00  -1.5503373e-01
  -4.4000000e+00  -1.5559637e-01
  -4.3875000e+00  -1.5615336e-01
  -4.3750000e+00  -1.5670468e-01
  -4.3625000e+00  -1.5725032e-01
  -4.3500000e+00  -1.5779024e-01
  -4.3375000e+00  -1.5832443e-01
  -4.3250000e+00  -1.5885287e-01
  -4.3125000e+00  -1.5937554e-01
  -4.3000000e+00  -1.5989242e-01
  -4.2875000e+00  -1.6040347e-01
  -4.2750000e+00  -1.6090870e-01
  -4.2625000e+00  -1.6140807e-01
  -4.2500000e+00  -1.6190156e-01
  -4.2375000e+00  -1.6238916e-01
  -4.2250000e+00  -1.6287084e-01
  -4.2125000e+00  -1.6334659e-01
  -4.2000000e+00  -1.6381639e-01
  -4.1875000e+00  -1.6428022e-01
  -4.1750000e+00  -1.6473806e-01
  -4.1625000e+00  -1.6518990e-01
  -4.1500000e+00  -1.6563572e-01
  -4.1375000e+00  -1.6607550e-01
  -4.1250000e+00  -1.6650923e-01
  -4.1125000e+00  -1.6693688e-01
  -4.1000000e+00  -1.6735846e-01
  -4.0875000e+00  -1.6777392e-01
  -4.0750000e+00  -1.6818327e-01
  -4.0625000e+00  -1.6858649e-01
  -4.0500000e+00  -1.6898355e-01
  -4.0375000e+00  -1.6937444e-01
  -4.0250000e+00  -1.6975916e-01
  -4.0125000e+00  -1.7013767e-01
  -4.0000000e+00  -1.7050997e-01
  -3.9875000e+00  -1.7087605e-01
  -3.9750000e+00  -1.7123588e-01
  -3.9625000e+00  -1.7158946e-01
  -3.9500000e+00  -1.7193677e-01
  -3.9375000e+00  -1.7227780e-01
  -3.9250000e+00  -1.7261254e-01
  -3.9125000e+00  -1.7294098e-01
  -3.9000000e+00  -1.7326309e-01
  -3.8875000e+00  -1.7357888e-01
  -3.8750000e+00  -1.7388832e-01
  -3.8625000e+00  -1.7419142e-01
  -3.8500000e+00  -1.7448814e-01
  -3.8375000e+00  -1.7477849e-01
  -3.8250000e+00  -1.7506245e-01
  -3.8125000e+00  -1.7534001e-01
  -3.8000000e+00  -1.7561116e-01
  -3.7875000e+00  -1.7587589e-01
  -3.7750000e+00  -1.7613419e-01
  -3.7625000e+00  -1.7638604e-01
  -3.7500000e+00  -1.7663144e-01
  -3.7375000e+00  -1.7687038e-01
  -3.7250000e+00  -1.7710284e-01
  -3.7125000e+00  -1.7732883e-01
  -3.7000000e+00  -1.7754833e-01
  -3.6875000e+00  -1.7776133e-01
  -3.6750000e+00  -1.7796783e-01
  -3.6625000e+00  -1.7816781e-01
  -3.6500000e+00  -1.7836128e-01
  -3.6375000e+00  -1.7854822e-01
  -3.6250000e+00  -1.7872863e-01
  -3.6125000e+00  -1.7890249e-01
  -3.6000000e+00  -1.7906982e-01
  -3.5875000e+00  -1.7923058e-01
  -3.5750000e+00  -1.7938479e-01
  -3.5625000e+00  -1.7953244e-01
  -3.5500000e+00  -1.7967351e-01
  -3.5375000e+00  -1.7980801e-01
  -3.5250000e+00  -1.7993592e-01
  -3.5125000e+00  -1.8005725e-01
  -3.5000000e+00  -1.8017198e-01
  -3.4875000e+00  -1.8028012e-01
  -3.4750000e+00  -1.8038166e-01
  -3.4625000e+00  -1.8047659e-01
  -3.4500000e+00  -1.8056491e-01
  -3.4375000e+00  -1.8064662e-01
  -3.4250000e+00  -1.8072172e-01
  -3.4125000e+00  -1.8079020e-01
  -3.4000000e+00  -1.8085206e-01
  -3.3875000e+00  -1.8090729e-01
  -3.3750000e+00  -1.8095591e-01
  -3.3625000e+00  -1.8099790e-01
  -3.3500000e+00  -1.8103326e-01
  -3.3375000e+00  -1.8106200e-01
  -3.3250000e+00  -1.8108410e-01
  -3.3125000e+00  -1.8109958e-01
  -3.3000000e+00  -1.8110843e-01
  -3.2875000e+00  -1.8111065e-01
  -3.2750000e+00  -1.8110624e-01
  -3.2625000e+00  -1.8109519e-01
  -3.2500000e+00  -1.8107752e-01
  -3.2375000e+00  -1.8105322e-01
  -3.2250000e+00  -1.8102229e-01
  -3.2125000e+00  -1.8098473e-01
  -3.2000000e+00  -1.8094055e-01
  -3.1875000e+00  -1.8088974e-01
  -3.1750000e+00  -1.8083231e-01
  -3.1625000e+00  -1.8076827e-01
  -3.1500000e+00  -1.8069760e-01
  -3.1375000e+00  -1.8062033e-01
  -3.1250000e+00  -1.8053645e-01
  -3.1125000e+00  -1.8044596e-01
  -3.1000000e+00  -1.8034887e-01
  -3.0875000e+00  -1.8024518e-01
  -3.0750000e+00  -1.8013490e-01
  -3.0625000e+00  -1.8001804e-01
  -3.0500000e+00  -1.7989459e-01
  -3.0375000e+00  -1.7976457e-01
  -3.0250000e+00  -1.7962797e-01
  -3.0125000e+00  -1.7948481e-01
  -3.0000000e+00  -1.7933509e-01
  -2.9875000e+00  -1.7917882e-01
  -2.9750000e+00  -1.7901599e-01
  -2.9625000e+00  -1.7884663e-01
  -2.9500000e+00  -1.7867073e-01
  -2.9375000e+00  -1.7848830e-01
  -2.9250000e+00  -1.7829934e-01
  -2.9125000e+00  -1.7810388e-01
  -2.9000000e+00  -1.7790190e-01
  -2.8875000e+00  -1.7769343e-01
  -2.8750000e+00  -1.7747846e-01
  -2.8625000e+00  -1.7725701e-01
  -2.8500000e+00  -1.7702909e-01
  -2.8375000e+00  -1.7679470e-01
  -2.8250000e+00  -1.7655386e-01
  -2.8125000e+00  -1.7630657e-01
  -2.8000000e+00  -1.7605284e-01
  -2.7875000e+00  -1.7579269e-01
  -2.7750000e+00  -1.7552612e-01
  -2.7625000e+00  -1.7525315e-01
  -2.7500000e+00  -1.7497379e-01
  -2.7375000e+00  -1.7468804e-01
  -2.7250000e+00  -1.7439592e-01
  -2.7125000e+00  -1.7409745e-01
  -2.7000000e+00  -1.7379262e-01
  -2.6875000e+00  -1.7348146e-01
  -2.6750000e+00  -1.7316398e-01
  -2.6625000e+00  -1.7284019e-01
  -2.6500000e+00  -1.7251010e-01
  -2.6375000e+00  -1.7217372e-01
  -2.6250000e+00  -1.7183108e-01
  -2.6125000e+00  -1.7148217e-01
  -2.6000000e+00  -1.7112702e-01
  -2.5875000e+00  -1.7076564e-01
  -2.5750000e+00  -1.7039805e-01
  -2.5625000e+00  -1.7002425e-01
  -2.5500000e+00  -1.6964426e-01
  -2.5375000e+00  -1.6925811e-01
  -2.5250000e+00  -1.6886579e-01
  -2.5125000e+00  -1.6846734e-01
  -2.5000000e+00  -1.6806276e-01
  -2.4875000e+00  -1.6765207e-01
  -2.4750000e+00  -1.6723529e-01
  -2.4625000e+00  -1.6681243e-01
  -2.4500000e+00  -1.6638352e-01
  -2.4375000e+00  -1.6594856e-01
  -2.4250000e+00  -1.6550757e-01
  -2.4125000e+00  -1.6506058e-01
  -2.4000000e+00  -1.6460760e-01
  -2.3875000e+00  -1.6414864e-01
  -2.3750000e+00  -1.6368373e-01
  -2.3625000e+00  -1.6321287e-01
  -2.3500000e+00  -1.6273610e-01
  -2.3375000e+00  -1.6225343e-01
  -2.3250000e+00  -1.6176488e-01
  -2.3125000e+00  -1.6127046e-01
  -2.3000000e+00  -1.6077020e-01
  -2.2875000e+00  -1.6026412e-01
  -2.2750000e+00  -1.5975222e-01
  -2.2625000e+00  -1.5923455e-01
  -2.2500000e+00  -1.5871110e-01
  -2.2375000e+00  -1.5818191e-01
  -2.2250000e+00  -1.5764700e-01
  -2.2125000e+00  -1.5710638e-01
  -2.2000000e+00  -1.5656009e-01
  -2.1875000e+00  -1.5600813e-01
  -2.1750000e+00  -1.5545053e-01
  -2.1625000e+00  -1.5488731e-01
  -2.1500000e+00  -1.5431851e-01
  -2.1375000e+00  -1.5374413e-01
  -2.1250000e+00  -1.5316420e-01
  -2.1125000e+00  -1.5257874e-01
  -2.1000000e+00  -1.5198778e-01
  -2.0875000e+00  -1.5139135e-01
  -2.0750000e+00  -1.5078946e-01
  -2.0625000e+00  -1.5018213e-01
  -2.0500000e+00  -1.4956940e-01
  -2.0375000e+00  -1.4895128e-01
  -2.0250000e+00  -1.4832781e-01
  -2.0125000e+00  -1.4769900e-01
  -2.0000000e+00  -1.4706488e-01
  -1.9875000e+00  -1.4642547e-01
  -1.9750000e+00  -1.4578080e-01
  -1.9625000e+00  -1.4513089e-01
  -1.9500000e+00  -1.4447578e-01
  -1.9375000e+00  -1.4381547e-01
  -1.9250000e+00  -1.4315001e-01
  -1.9125000e+00  -1.4247941e-01
  -1.9000000e+00  -1.4180371e-01
  -1.8875000e+00  -1.4112292e-01
  -1.8750000e+00  -1.4043708e-01
  -1.8625000e+00  -1.3974621e-01
  -1.8500000e+00  -1.3905034e-01
  -1.8375000e+00  -1.3834950e-01
  -1.8250000e+00  -1.3764371e-01
  -1.8125000e+00  -1.3693300e-01
  -1.8000000e+00  -1.3621740e-01
  -1.7875000e+00  -1.3549694e-01
  -1.7750000e+00  -1.3477165e-01
  -1.7625000e+00  -1.3404154e-01
  -1.7500000e+00  -1.3330667e-01
  -1.7375000e+00  -1.3256704e-01
  -1.7250000e+00  -1.3182270e-01
  -1.7125000e+00  -1.3107366e-01
  -1.7000000e+00  -1.3031996e-01
  -1.6875000e+00  -1.2956164e-01
  -1.6750000e+00  -1.2879871e-01
  -1.6625000e+00  -1.2803121e-01
  -1.6500000e+00  -1.2725916e-01
  -1.6375000e+00  -1.2648261e-01
  -1.6250000e+00  -1.2570157e-01
  -1.6125000e+00  -1.2491608e-01
  -1.6000000e+00  -1.2412616e-01
  -1.5875000e+00  -1.2333186e-01
  -1.5750000e+00  -1.2253320e-01
  -1.5625000e+00  -1.2173020e-01
  -1.5500000e+00  -1.2092291e-01
  -1.5375000e+00  -1.2011135e-01
  -1.5250000e+00  -1.1929556e-01
  -1.5125000e+00  -1.1847556e-01
  -1.5000000e+00  -1.1765139e-01
  -1.4875000e+00  -1.1682308e-01
  -1.4750000e+00  -1.1599066e-01
  -1.4625000e+00  -1.1515417e-01
  -1.4500000e+00  -1.1431363e-01
  -1.4375000e+00  -1.1346909e-01
  -1.4250000e+00  -1.1262057e-01
  -1.4125000e+00  -1.1176811e-01
  -1.4000000e+00  -1.1091173e-01
  -1.3875000e+00  -1.1005149e-01
  -1.3750000e+00  -1.0918740e-01
  -1.3625000e+00  -1.0831950e-01
  -1.3500000e+00  -1.0744783e-01
  -1.3375000e+00  -1.0657241e-01
  -1.3250000e+00  -1.0569329e-01
  -1.3125000e+00  -1.0481050e-01
  -1.3000000e+00  -1.0392408e-01
  -1.2875000e+00  -1.0303405e-01
  -1.2750000e+00  -1.0214045e-01
  -1.2625000e+00  -1.0124332e-01
  -1.2500000e+00  -1.0034268e-01
  -1.2375000e+00  -9.9438590e-02
  -1.2250000e+00  -9.8531067e-02
  -1.2125000e+00  -9.7620149e-02
  -1.2000000e+00  -9.6705873e-02
  -1.1875000e+00  -9.5788274e-02
  -1.1750000e+00  -9.4867387e-02
  -1.1625000e+00  -9.3943248e-02
  -1.1500000e+00  -9.3015892e-02
  -1.1375000e+00  -9.2085356e-02
  -1.1250000e+00  -9.1151675e-02
  -1.1125000e+00  -9.0214885e-02
  -1.1000000e+00  -8.9275024e-02
  -1.0875000e+00  -8.8332127e-02
  -1.0750000e+00  -8.7386231e-02
  -1.0625000e+00  -8.6437372e-02
  -1.0500000e+00  -8.5485589e-02
  -1.0375000e+00  -8.4530917e-02
  -1.0250000e+00  -8.3573394e-02
  -1.0125000e+00  -8.2613058e-02
  -1.0000000e+00  -8.1649945e-02
  -9.8750000e-01  -8.0684094e-02
  -9.7500000e-01  -7.9715542e-02
  -9.6250000e-01  -7.8744327e-02
  -9.5000000e-01  -7.7770486e-02
  -9.3750000e-01  -7.6794058e-02
  -9.2500000e-01  -7.5815080e-02
  -9.1250000e-01  -7.4833592e-02
  -9.0000000e-01  -7.3849630e-02
  -8.8750000e-01  -7.2863233e-02
  -8.7500000e-01  -7.1874440e-02
  -8.6250000e-01  -7.0883289e-02
  -8.5000000e-01  -6.9889818e-02
  -8.3750000e-01  -6.8894066e-02
  -8.2500000e-01  -6.7896072e-02
  -8.1250000e-01  -6.6895873e-02
  -8.0000000e-01  -6.5893510e-02
  -7.8750000e-01  -6.4889020e-02
  -7.7500000e-01  -6.3882442e-02
  -7.6250000e-01  -6.2873816e-02
  -7.5000000e-01  -6.1863180e-02
  -7.3750000e-01  -6.0850574e-02
  -7.2500000e-01  -5.9836037e-02
  -7.1250000e-01  -5.8819607e-02
  -7.0000000e-01  -5.7801325e-02
  -6.8750000e-01  -5.6781230e-02
  -6.7500000e-01  -5.5759360e-02
  -6.6250000e-01  -5.4735757e-02
  -6.5000000e-01  -5.3710459e-02
  -6.3750000e-01  -5.2683506e-02
  -6.2500000e-01  -5.1654939e-02
  -6.1250000e-01  -5.0624796e-02
  -6.0000000e-01  -4.9593118e-02
  -5.8750000e-01  -4.8559946e-02
  -5.7500000e-01  -4.7525318e-02
  -5.6250000e-01  -4.6489275e-02
  -5.5000000e-01  -4.5451858e-02
  -5.3750000e-01  -4.4413106e-02
  -5.2500000e-01  -4.3373060e-02
  -5.1250000e-01  -4.2331760e-02
  -5.0000000e-01  -4.2075716e-02
  -4.8750000e-01  -4.2589710e-02
  -4.7500000e-01  -4.3080635e-02
  -4.6250000e-01  -4.3546513e-02
  -4.5000000e-01  -4.3985172e-02
  -4.3750000e-01  -4.4394206e-02
  -4.2500000e-01  -4.4770955e-02
  -4.1250000e-01  -4.5112436e-02
  -4.0000000e-01  -4.5415308e-02
  -3.8750000e-01  -4.5675839e-02
  -3.7500000e-01  -4.5889785e-02
  -3.6250000e-01  -4.6052241e-02
  -3.5000000e-01  -4.6158030e-02
  -3.3750000e-01  -4.6200496e-02
  -3.2500000e-01  -4.6172517e-02
  -3.1250000e-01  -4.6065492e-02
  -3.0000000e-01  -4.5869653e-02
  -2.8750000e-01  -4.5573392e-02
  -2.7500000e-01  -4.5163170e-02
  -2.6250000e-01  -4.4621971e-02
  -2.5000000e-01  -4.3931477e-02
  -2.3750000e-01  -4.3063922e-02
  -2.2500000e-01  -4.1993963e-02
  -2.1250000e-01  -4.0681611e-02
  -2.0000000e-01  -3.9081273e-02
  -1.8750000e-01  -3.7137547e-02
  -1.7500000e-01  -3.4763315e-02
  -1.6250000e-01  -3.1862140e-02
  -1.5000000e-01  -2.8302580e-02
  -1.3750000e-01  -2.3884640e-02
  -1.2500000e-01  -1.8330651e-02
  -1.1250000e-01  -1.1234741e-02
  -1.0000000e-01  -2.0098303e-03
  -8.7500000e-02   1.0116195e-02
  -7.5000000e-02   2.7392129e-02
  -6.2500000e-02   5.2644647e-02
  -5.0000000e-02   9.2972990e-02
  -3.7500000e-02   1.6632100e-01
  -2.5000000e-02   3.3822073e-01
  -1.2500000e-02   1.1797954e+00
   0.0000000e+00  -1.4873964e+00
   1.2500000e-02  -5.5396221e-01
   2.5000000e-02  -3.7098252e-01
   3.7500000e-02  -2.9292992e-01
   5.0000000e-02  -2.4969205e-01
   6.2500000e-02  -2.2222458e-01
   7.5000000e-02  -2.0329997e-01
   8.7500000e-02  -1.8945867e-01
   1.0000000e-01  -1.7893810e-01
   1.1250000e-01  -1.7068267e-01
   1.2500000e-01  -1.6404907e-01
   1.3750000e-01  -1.5860184e-01
   1.5000000e-01  -1.5406415e-01
   1.6250000e-01  -1.5022660e-01
   1.7500000e-01  -1.4695163e-01
   1.8750000e-01  -1.4412566e-01
   2.0000000e-01  -1.4166796e-01
   2.1250000e-01  -1.3951007e-01
   2.2500000e-01  -1.3760331e-01
   2.3750000e-01  -1.3590838e-01
   2.5000000e-01  -1.3439503e-01
   2.6250000e-01  -1.3303477e-01
   2.7500000e-01  -1.3180668e-01
   2.8750000e-01  -1.3069297e-01
   3.0000000e-01  -1.2967813e-01
   3.1250000e-01  -1.2874899e-01
   3.2500000e-01  -1.2789622e-01
   3.3750000e-01  -1.2710999e-01
   3.5000000e-01  -1.2638121e-01
   3.6250000e-01  -1.2570442e-01
   3.7500000e-01  -1.2507753e-01
   3.8750000e-01  -1.2448199e-01
   4.0000000e-01  -1.2393082e-01
   4.1250000e-01  -1.2341153e-01
   4.2500000e-01  -1.2291809e-01
   4.3750000e-01  -1.2244660e-01
   4.5000000e-01  -1.2198480e-01
   4.6250000e-01  -1.2157331e-01
   4.7500000e-01  -1.2112979e-01
   4.8750000e-01  -1.2071595e-01
   5.0000000e-01  -1.2018439e-01
   5.1250000e-01  -1.2026197e-01
   5.2500000e-01  -1.1973312e-01
   5.3750000e-01  -1.1938046e-01
   5.5000000e-01  -1.1902927e-01
   5.6250000e-01  -1.1869966e-01
   5.7500000e-01  -1.1837760e-01
   5.8750000e-01  -1.1804299e-01
   6.0000000e-01  -1.1772923e-01
   6.1250000e-01  -1.1742034e-01
   6.2500000e-01  -1.1711071e-01
   6.3750000e-01  -1.1680573e-01
   6.5000000e-01  -1.1651344e-01
   6.6250000e-01  -1.1620449e-01
   6.7500000e-01  -1.1591141e-01
   6.8750000e-01  -1.1560302e-01
   7.0000000e-01  -1.1530505e-01
   7.1250000e-01  -1.1500811e-01
   7.2500000e-01  -1.1470753e-01
   7.3750000e-01  -1.1440291e-01
   7.5000000e-01  -1.1410054e-01
   7.6250000e-01  -1.1380380e-01
   7.7500000e-01  -1.1349028e-01
   7.8750000e-01  -1.1319000e-01
   8.0000000e-01  -1.1287887e-01
   8.1250000e-01  -1.1256330e-01
   8.2500000e-01  -1.1224793e-01
   8.3750000e-01  -1.1193082e-01
   8.5000000e-01  -1.1161335e-01
   8.6250000e-01  -1.1129572e-01
   8.7500000e-01  -1.1096565e-01
   8.8750000e-01  -1.1064032e-01
   9.0000000e-01  -1.1030484e-01
   9.1250000e-01  -1.0997534e-01
   9.2500000e-01  -1.0963760e-01
   9.3750000e-01  -1.0929479e-01
   9.5000000e-01  -1.0895001e-01
   9.6250000e-01  -1.0860395e-01
   9.7500000e-01  -1.0825413e-01
   9.8750000e-01  -1.0789446e-01
   1.0000000e+00  -1.0753876e-01
   1.0125000e+00  -1.0717522e-01
   1.0250000e+00  -1.0681386e-01
   1.0375000e+00  -1.0644115e-01
   1.0500000e+00  -1.0606765e-01
   1.0625000e+00  -1.0569256e-01
   1.0750000e+00  -1.0531317e-01
   1.0875000e+00  -1.0492891e-01
   1.1000000e+00  -1.0454278e-01
   1.1125000e+00  -1.0415779e-01
   1.1250000e+00  -1.0376108e-01
   1.1375000e+00  -1.0336713e-01
   1.1500000e+00  -1.0296345e-01
   1.1625000e+00  -1.0256459e-01
   1.1750000e+00  -1.0215817e-01
   1.1875000e+00  -1.0174632e-01
   1.2000000e+00  -1.0133196e-01
   1.2125000e+00  -1.0091556e-01
   1.2250000e+00  -1.0049817e-01
   1.2375000e+00  -1.0007811e-01
   1.2500000e+00  -9.9648375e-02
   1.2625000e+00  -9.9221337e-02
   1.2750000e+00  -9.8789248e-02
   1.2875000e+00  -9.8357099e-02
   1.3000000e+00  -9.7915349e-02
   1.3125000e+00  -9.7476306e-02
   1.3250000e+00  -9.7035845e-02
   1.3375000e+00  -9.6591616e-02
   1.3500000e+00  -9.6144369e-02
   1.3625000e+00  -9.5693738e-02
   1.3750000e+00  -9.5237544e-02
   1.3875000e+00  -9.4779610e-02
   1.4000000e+00  -9.4326790e-02
   1.4125000e+00  -9.3861340e-02
   1.4250000e+00  -9.3403669e-02
   1.4375000e+00  -9.2933289e-02
   1.4500000e+00  -9.2468250e-02
   1.4625000e+00  -9.2002102e-02
   1.4750000e+00  -9.1530561e-02
   1.4875000e+00  -9.1056214e-02
   1.5000000e+00  -9.0580804e-02
   1.5125000e+00  -9.0105479e-02
   1.5250000e+00  -8.9629501e-02
   1.5375000e+00  -8.9146548e-02
   1.5500000e+00  -8.8660938e-02
   1.5625000e+00  -8.8183696e-02
   1.5750000e+00  -8.7691798e-02
   1.5875000e+00  -8.7211488e-02
   1.6000000e+00  -8.6721246e-02
   1.6125000e+00  -8.6227923e-02
   1.6250000e+00  -8.5739264e-02
   1.6375000e+00  -8.5250280e-02
   1.6500000e+00  -8.4759323e-02
   1.6625000e+00  -8.4267118e-02
   1.6750000e+00  -8.3772837e-02
   1.6875000e+00  -8.3273052e-02
   1.7000000e+00  -8.2772010e-02
   1.7125000e+00  -8.2282339e-02
   1.7250000e+00  -8.1778955e-02
   1.7375000e+00  -8.1283721e-02
   1.7500000e+00  -8.0778193e-02
   1.7625000e+00  -8.0287596e-02
   1.7750000e+00  -7.9783041e-02
   1.7875000e+00  -7.9276295e-02
   1.8000000e+00  -7.8774945e-02
   1.8125000e+00  -7.8275487e-02
   1.8250000e+00  -7.7774599e-02
   1.8375000e+00  -7.7268379e-02
   1.8500000e+00  -7.6756645e-02
   1.8625000e+00  -7.6261373e-02
   1.8750000e+00  -7.5765300e-02
   1.8875000e+00  -7.5247388e-02
   1.9000000e+00  -7.4742120e-02
   1.9125000e+00  -7.4251489e-02
   1.9250000e+00  -7.3763171e-02
   1.9375000e+00  -7.3240386e-02
   1.9500000e+00  -7.2695487e-02
   1.9625000e+00  -7.2239408e-02
   1.9750000e+00  -7.1603602e-02
   1.9875000e+00  -7.1316519e-02
   2.0000000e+00  -7.0790547e-02
   2.0125000e+00  -7.0274756e-02
   2.0250000e+00  -6.9791821e-02
   2.0375000e+00  -6.9257458e-02
   2.0500000e+00  -6.8782620e-02
   2.0625000e+00  -6.8262848e-02
   2.0750000e+00  -6.7782425e-02
   2.0875000e+00  -6.7272094e-02
   2.1000000e+00  -6.6790074e-02
   2.1125000e+00  -6.6283198e-02
   2.1250000e+00  -6.5799009e-02
   2.1375000e+00  -6.5307319e-02
   2.1500000e+00  -6.4809104e-02
   2.1625000e+00  -6.4319744e-02
   2.1750000e+00  -6.3834609e-02
   2.1875000e+00  -6.3349053e-02
   2.2000000e+00  -6.2863324e-02
   2.2125000e+00  -6.2378812e-02
   2.2250000e+00  -6.1896477e-02
   2.2375000e+00  -6.1415969e-02
   2.2500000e+00  -6.0934424e-02
   2.2625000e+00  -6.0450673e-02
   2.2750000e+00  -5.9973203e-02
   2.2875000e+00  -5.9500246e-02
   2.3000000e+00  -5.9020314e-02
   2.3125000e+00  -5.8551498e-02
   2.3250000e+00  -5.8075062e-02
   2.3375000e+00  -5.7608719e-02
   2.3500000e+00  -5.7138524e-02
   2.3625000e+00  -5.6669368e-02
   2.3750000e+00  -5.6206019e-02
   2.3875000e+00  -5.5744019e-02
   2.4000000e+00  -5.5282147e-02
   2.4125000e+00  -5.4821426e-02
   2.4250000e+00  -5.4362478e-02
   2.4375000e+00  -5.3905505e-02
   2.4500000e+00  -5.3450953e-02
   2.4625000e+00  -5.2999538e-02
   2.4750000e+00  -5.2550444e-02
   2.4875000e+00  -5.2100532e-02
   2.5000000e+00  -5.1652182e-02
   2.5125000e+00  -5.1210045e-02
   2.5250000e+00  -5.0765097e-02
   2.5375000e+00  -5.0326205e-02
   2.5500000e+00  -4.9885601e-02
   2.5625000e+00  -4.9451377e-02
   2.5750000e+00  -4.9015041e-02
   2.5875000e+00  -4.8582479e-02
   2.6000000e+00  -4.8153895e-02
   2.6125000e+00  -4.7726155e-02
   2.6250000e+00  -4.7299641e-02
   2.6375000e+00  -4.6875388e-02
   2.6500000e+00  -4.6453610e-02
   2.6625000e+00  -4.6034102e-02
   2.6750000e+00  -4.5616611e-02
   2.6875000e+00  -4.5201133e-02
   2.7000000e+00  -4.4788401e-02
   2.7125000e+00  -4.4379298e-02
   2.7250000e+00  -4.3972052e-02
   2.7375000e+00  -4.3564728e-02
   2.7500000e+00  -4.3162228e-02
   2.7625000e+00  -4.2761315e-02
   2.7750000e+00  -4.2361982e-02
   2.7875000e+00  -4.1966135e-02
   2.8000000e+00  -4.1572245e-02
   2.8125000e+00  -4.1179491e-02
   2.8250000e+00  -4.0791666e-02
   2.8375000e+00  -4.0404645e-02
   2.8500000e+00  -4.0019059e-02
   2.8625000e+00  -3.9636708e-02
   2.8750000e+00  -3.9257377e-02
   2.8875000e+00  -3.8880473e-02
   2.9000000e+00  -3.8505845e-02
   2.9125000e+00  -3.8133616e-02
   2.9250000e+00  -3.7763977e-02
   2.9375000e+00  -3.7396976e-02
   2.9500000e+00  -3.7032160e-02
   2.9625000e+00  -3.6668787e-02
   2.9750000e+00  -3.6307742e-02
   2.9875000e+00  -3.5951075e-02
   3.0000000e+00  -3.5595937e-02
   3.0125000e+00  -3.5242034e-02
   3.0250000e+00  -3.4893175e-02
   3.0375000e+00  -3.4543780e-02
   3.0500000e+00  -3.4199866e-02
   3.0625000e+00  -3.3855767e-02
   3.0750000e+00  -3.3515598e-02
   3.0875000e+00  -3.3178519e-02
   3.1000000e+00  -3.2841978e-02
   3.1125000e+00  -3.2508424e-02
   3.1250000e+00  -3.2178389e-02
   3.1375000e+00  -3.1850840e-02
   3.1500000e+00  -3.1525349e-02
   3.1625000e+00  -3.1202030e-02
   3.1750000e+00  -3.0881031e-02
   3.1875000e+00  -3.0562416e-02
   3.2000000e+00  -3.0246300e-02
   3.2125000e+00  -2.9933006e-02
   3.2250000e+00  -2.9622812e-02
   3.2375000e+00  -2.9314976e-02
   3.2500000e+00  -2.9008047e-02
   3.2625000e+00  -2.8703674e-02
   3.2750000e+00  -2.8403970e-02
   3.2875000e+00  -2.8104167e-02
   3.3000000e+00  -2.7808050e-02
   3.3125000e+00  -2.7514306e-02
   3.3250000e+00  -2.7222554e-02
   3.3375000e+00  -2.6933099e-02
   3.3500000e+00  -2.6647512e-02
   3.3625000e+00  -2.6361385e-02
   3.3750000e+00  -2.6080213e-02
   3.3875000e+00  -2.5801692e-02
   3.4000000e+00  -2.5523499e-02
   3.4125000e+00  -2.5247432e-02
   3.4250000e+00  -2.4974620e-02
   3.4375000e+00  -2.4704685e-02
   3.4500000e+00  -2.4437083e-02
   3.4625000e+00  -2.4171627e-02
   3.4750000e+00  -2.3908419e-02
   3.4875000e+00  -2.3647776e-02
   3.5000000e+00  -2.3390081e-02
   3.5125000e+00  -2.3135023e-02
   3.5250000e+00  -2.2880510e-02
   3.5375000e+00  -2.2625110e-02
   3.5500000e+00  -2.2374983e-02
   3.5625000e+00  -2.2132394e-02
   3.5750000e+00  -2.1878713e-02
   3.5875000e+00  -2.1643185e-02
   3.6000000e+00  -2.1390987e-02
   3.6125000e+00  -2.1232923e-02
   3.6250000e+00  -2.0960100e-02
   3.6375000e+00  -2.0702330e-02
   3.6500000e+00  -2.0464926e-02
   3.6625000e+00  -2.0239710e-02
   3.6750000e+00  -2.0008744e-02
   3.6875000e+00  -1.9780518e-02
   3.7000000e+00  -1.9558853e-02
   3.7125000e+00  -1.9338703e-02
   3.7250000e+00  -1.9118820e-02
   3.7375000e+00  -1.8900739e-02
   3.7500000e+00  -1.8685281e-02
   3.7625000e+00  -1.8472359e-02
   3.7750000e+00  -1.8261720e-02
   3.7875000e+00  -1.8053228e-02
   3.8000000e+00  -1.7846843e-02
   3.8125000e+00  -1.7642502e-02
   3.8250000e+00  -1.7440015e-02
   3.8375000e+00  -1.7239117e-02
   3.8500000e+00  -1.7039915e-02
   3.8625000e+00  -1.6843194e-02
   3.8750000e+00  -1.6649179e-02
   3.8875000e+00  -1.6456385e-02
   3.9000000e+00  -1.6265018e-02
   3.9125000e+00  -1.6076806e-02
   3.9250000e+00  -1.5889468e-02
   3.9375000e+00  -1.5704548e-02
   3.9500000e+00  -1.5521367e-02
   3.9625000e+00  -1.5340109e-02
   3.9750000e+00  -1.5160492e-02
   3.9875000e+00  -1.4983268e-02
   4.0000000e+00  -1.4807052e-02
   4.0125000e+00  -1.4633349e-02
   4.0250000e+00  -1.4461391e-02
   4.0375000e+00  -1.4290751e-02
   4.0500000e+00  -1.4122075e-02
   4.0625000e+00  -1.3955437e-02
   4.0750000e+00  -1.3790537e-02
   4.0875000e+00  -1.3627253e-02
   4.1000000e+00  -1.3465623e-02
   4.1125000e+00  -1.3305697e-02
   4.1250000e+00  -1.3147484e-02
   4.1375000e+00  -1.2990969e-02
   4.1500000e+00  -1.2836118e-02
   4.1625000e+00  -1.2682892e-02
   4.1750000e+00  -1.2531265e-02
   4.1875000e+00  -1.2381273e-02
   4.2000000e+00  -1.2233016e-02
   4.2125000e+00  -1.2086483e-02
   4.2250000e+00  -1.1941411e-02
   4.2375000e+00  -1.1797731e-02
   4.2500000e+00  -1.1655853e-02
   4.2625000e+00  -1.1515546e-02
   4.2750000e+00  -1.1376517e-02
   4.2875000e+00  -1.1239345e-02
   4.3000000e+00  -1.1103388e-02
   4.3125000e+00  -1.0969176e-02
   4.3250000e+00  -1.0836219e-02
   4.3375000e+00  -1.0704984e-02
   4.3500000e+00  -1.0574942e-02
   4.3625000e+00  -1.0446570e-02
   4.3750000e+00  -1.0319554e-02
   4.3875000e+00  -1.0193853e-02
   4.4000000e+00  -1.0069706e-02
   4.4125000e+00  -9.9469651e-03
   4.4250000e+00  -9.8255156e-03
   4.4375000e+00  -9.7054151e-03
   4.4500000e+00  -9.5867083e-03
   4.4625000e+00  -9.4693765e-03
   4.4750000e+00  -9.3533841e-03
   4.4875000e+00  -9.2387069e-03
   4.5000000e+00  -9.1253304e-03
   4.5125000e+00  -9.0132443e-03
   4.5250000e+00  -8.9024394e-03
   4.5375000e+00  -8.7929089e-03
   4.5500000e+00  -8.6846494e-03
   4.5625000e+00  -8.5776548e-03
   4.5750000e+00  -8.4719024e-03
   4.5875000e+00  -8.3673525e-03
   4.6000000e+00  -8.2639911e-03
   4.6125000e+00  -8.1618552e-03
   4.6250000e+00  -8.0609399e-03
   4.6375000e+00  -7.9611705e-03
   4.6500000e+00  -7.8625717e-03
   4.6625000e+00  -7.7651546e-03
   4.6750000e+00  -7.6688592e-03
   4.6875000e+00  -7.5737165e-03
   4.7000000e+00  -7.4796923e-03
   4.7125000e+00  -7.3867817e-03
   4.7250000e+00  -7.2949841e-03
   4.7375000e+00  -7.2042591e-03
   4.7500000e+00  -7.1146467e-03
   4.7625000e+00  -7.0260818e-03
   4.7750000e+00  -6.9385692e-03
   4.7875000e+00  -6.8521532e-03
   4.8000000e+00  -6.7667513e-03
   4.8125000e+00  -6.6823420e-03
   4.8250000e+00  -6.5989772e-03
   4.8375000e+00  -6.5166591e-03
   4.8500000e+00  -6.4353443e-03
   4.8625000e+00  -6.3550005e-03
   4.8750000e+00  -6.2756196e-03
   4.8875000e+00  -6.1972024e-03
   4.9000000e+00  -6.1197481e-03
   4.9125000e+00  -6.0432526e-03
   4.9250000e+00  -5.9677096e-03
   4.9375000e+00  -5.8931075e-03
   4.9500000e+00  -5.8194200e-03
   4.9625000e+00  -5.7465991e-03
   4.9750000e+00  -5.6746068e-03
   4.9875000e+00  -5.6035071e-03
   5.0000000e+00  -5.5334690e-03
   5.0125000e+00  -5.4644268e-03
   5.0250000e+00  -5.3959251e-03
   5.0375000e+00  -5.3281805e-03
   5.0500000e+00  -5.2619073e-03
   5.0625000e+00  -5.1958963e-03
   5.0750000e+00  -5.1307731e-03
   5.0875000e+00  -5.0671727e-03
   5.1000000e+00  -5.0031026e-03
   5.1125000e+00  -4.9419170e-03
   5.1250000e+00  -4.8792227e-03
   5.1375000e+00  -4.8211890e-03
   5.1500000e+00  -4.8720447e-03
   5.1625000e+00  -4.6897105e-03
   5.1750000e+00  -4.6305324e-03
   5.1875000e+00  -4.5742200e-03
   5.2000000e+00  -4.5184965e-03
   5.2125000e+00  -4.4621370e-03
   5.2250000e+00  -4.4060949e-03
   5.2375000e+00  -4.3509281e-03
   5.2500000e+00  -4.2965973e-03
   5.2625000e+00  -4.2430519e-03
   5.2750000e+00  -4.1906737e-03
   5.2875000e+00  -4.1382792e-03
   5.3000000e+00  -4.0865938e-03
   5.3125000e+00  -4.0354556e-03
   5.3250000e+00  -3.9854191e-03
   5.3375000e+00  -3.9359338e-03
   5.3500000e+00  -3.8867739e-03
   5.3625000e+00  -3.8387342e-03
   5.3750000e+00  -3.7907334e-03
   5.3875000e+00  -3.7436789e-03
   5.4000000e+00  -3.6974153e-03
   5.4125000e+00  -3.6512478e-03
   5.4250000e+00  -3.6058368e-03
   5.4375000e+00  -3.5610115e-03
   5.4500000e+00  -3.5167841e-03
   5.4625000e+00  -3.4733894e-03
   5.4750000e+00  -3.4305208e-03
   5.4875000e+00  -3.3882313e-03
   5.5000000e+00  -3.3460830e-03
   5.5125000e+00  -3.3046080e-03
   5.5250000e+00  -3.2639369e-03
   5.5375000e+00  -3.2236016e-03
   5.5500000e+00  -3.1837660e-03
   5.5625000e+00  -3.1444902e-03
   5.5750000e+00  -3.1057182e-03
   5.5875000e+00  -3.0674054e-03
   5.6000000e+00  -3.0296377e-03
   5.6125000e+00  -2.9923792e-03
   5.6250000e+00  -2.9555965e-03
   5.6375000e+00  -2.9192771e-03
   5.6500000e+00  -2.8834115e-03
   5.6625000e+00  -2.8479844e-03
   5.6750000e+00  -2.8129751e-03
   5.6875000e+00  -2.7783797e-03
   5.7000000e+00  -2.7442592e-03
   5.7125000e+00  -2.7107105e-03
   5.7250000e+00  -2.6775821e-03
   5.7375000e+00  -2.6446060e-03
   5.7500000e+00  -2.6123357e-03
   5.7625000e+00  -2.5802976e-03
   5.7750000e+00  -2.5488220e-03
   5.7875000e+00  -2.5174644e-03
   5.8000000e+00  -2.4867930e-03
   5.8125000e+00  -2.4564882e-03
   5.8250000e+00  -2.4264608e-03
   5.8375000e+00  -2.3967832e-03
   5.8500000e+00  -2.3674808e-03
   5.8625000e+00  -2.3385513e-03
   5.8750000e+00  -2.3099906e-03
   5.8875000e+00  -2.2817955e-03
   5.9000000e+00  -2.2539597e-03
   5.9125000e+00  -2.2264745e-03
   5.9250000e+00  -2.1993300e-03
   5.9375000e+00  -2.1725139e-03
   5.9500000e+00  -2.1460161e-03
   5.9625000e+00  -2.1198378e-03
   5.9750000e+00  -2.0939935e-03
   5.9875000e+00  -2.0684868e-03
   6.0000000e+00  -2.0432943e-03
   6.0125000e+00  -2.0184002e-03
   6.0250000e+00  -1.9938208e-03
   6.0375000e+00  -1.9695583e-03
   6.0500000e+00  -1.9455776e-03
   6.0625000e+00  -1.9218635e-03
   6.0750000e+00  -1.8984466e-03
   6.0875000e+00  -1.8753507e-03
   6.1000000e+00  -1.8525594e-03
   6.1125000e+00  -1.8300406e-03
   6.1250000e+00  -1.8077779e-03
   6.1375000e+00  -1.7857729e-03
   6.1500000e+00  -1.7640323e-03
   6.1625000e+00  -1.7425610e-03
   6.1750000e+00  -1.7213625e-03
   6.1875000e+00  -1.7004422e-03
   6.2000000e+00  -1.6798017e-03
   6.2125000e+00  -1.6594132e-03
   6.2250000e+00  -1.6391990e-03
   6.2375000e+00  -1.6191332e-03
   6.2500000e+00  -1.5994269e-03
   6.2625000e+00  -1.5801515e-03
   6.2750000e+00  -1.5608105e-03
   6.2875000e+00  -1.5417778e-03
   6.3000000e+00  -1.5231983e-03
   6.3125000e+00  -1.5044305e-03
   6.3250000e+00  -1.4863892e-03
   6.3375000e+00  -1.4680379e-03
   6.3500000e+00  -1.4504312e-03
   6.3625000e+00  -1.4325689e-03
   6.3750000e+00  -1.4152640e-03
   6.3875000e+00  -1.3980385e-03
   6.4000000e+00  -1.3808875e-03
   6.4125000e+00  -1.3643277e-03
   6.4250000e+00  -1.3474376e-03
   6.4375000e+00  -1.3312751e-03
   6.4500000e+00  -1.3149630e-03
   6.4625000e+00  -1.2989118e-03
   6.4750000e+00  -1.2833058e-03
   6.4875000e+00  -1.2674211e-03
   6.5000000e+00  -1.2522702e-03
   6.5125000e+00  -1.2369226e-03
   6.5250000e+00  -1.2218562e-03
   6.5375000e+00  -1.2072925e-03
   6.5500000e+00  -1.1924362e-03
   6.5625000e+00  -1.1783484e-03
   6.5750000e+00  -1.1650100e-03
   6.5875000e+00  -1.1693933e-03
   6.6000000e+00  -1.1318163e-03
   6.6125000e+00  -1.1192265e-03
   6.6250000e+00  -1.1059364e-03
   6.6375000e+00  -1.0926226e-03
   6.6500000e+00  -1.0795378e-03
   6.6625000e+00  -1.0665880e-03
   6.6750000e+00  -1.0536849e-03
   6.6875000e+00  -1.0408719e-03
   6.7000000e+00  -1.0282167e-03
   6.7125000e+00  -1.0157418e-03
   6.7250000e+00  -1.0034372e-03
   6.7375000e+00  -9.9128637e-04
   6.7500000e+00  -9.7927809e-04
   6.7625000e+00  -9.6740978e-04
   6.7750000e+00  -9.5569219e-04
   6.7875000e+00  -9.4415197e-04
   6.8000000e+00  -9.3280911e-04
   6.8125000e+00  -9.2161669e-04
   6.8250000e+00  -9.1045609e-04
   6.8375000e+00  -8.9932954e-04
   6.8500000e+00  -8.8846979e-04
   6.8625000e+00  -8.7787773e-04
   6.8750000e+00  -8.6720790e-04
   6.8875000e+00  -8.5666373e-04
   6.9000000e+00  -8.4647412e-04
   6.9125000e+00  -8.3617873e-04
   6.9250000e+00  -8.2608118e-04
   6.9375000e+00  -8.1623085e-04
   6.9500000e+00  -8.0627082e-04
   6.9625000e+00  -7.9666831e-04
   6.9750000e+00  -7.8703323e-04
   6.9875000e+00  -7.7755574e-04
   7.0000000e+00  -7.6826537e-04
   7.0125000e+00  -7.5894825e-04
   7.0250000e+00  -7.4992518e-04
   7.0375000e+00  -7.4083342e-04
   7.0500000e+00  -7.3202029e-04
   7.0625000e+00  -7.2317524e-04
   7.0750000e+00  -7.1456073e-04
   7.0875000e+00  -7.0594850e-04
   7.1000000e+00  -6.9754156e-04
   7.1125000e+00  -6.8914317e-04
   7.1250000e+00  -6.8094462e-04
   7.1375000e+00  -6.7276167e-04
   7.1500000e+00  -6.6474354e-04
   7.1625000e+00  -6.5680224e-04
   7.1750000e+00  -6.4894185e-04
   7.1875000e+00  -6.4121384e-04
   7.2000000e+00  -6.3356531e-04
   7.2125000e+00  -6.2600504e-04
   7.2250000e+00  -6.1854794e-04
   7.2375000e+00  -6.1118235e-04
   7.2500000e+00  -6.0390441e-04
   7.2625000e+00  -5.9671816e-04
   7.2750000e+00  -5.8962446e-04
   7.2875000e+00  -5.8262064e-04
   7.3000000e+00  -5.7570361e-04
   7.3125000e+00  -5.6887061e-04
   7.3250000e+00  -5.6211894e-04
   7.3375000e+00  -5.5544674e-04
   7.3500000e+00  -5.4885575e-04
   7.3625000e+00  -5.4235393e-04
   7.3750000e+00  -5.3595086e-04
   7.3875000e+00  -5.2964303e-04
   7.4000000e+00  -5.2340465e-04
   7.4125000e+00  -5.1720889e-04
   7.4250000e+00  -5.1106731e-04
   7.4375000e+00  -5.0502844e-04
   7.4500000e+00  -4.9911410e-04
   7.4625000e+00  -4.9327574e-04
   7.4750000e+00  -4.8745410e-04
   7.4875000e+00  -4.8167503e-04
   7.5000000e+00  -4.7602154e-04
   7.5125000e+00  -4.7048925e-04
   7.5250000e+00  -4.6497139e-04
   7.5375000e+00  -4.5946445e-04
   7.5500000e+00  -4.5410263e-04
   7.5625000e+00  -4.4883969e-04
   7.5750000e+00  -4.4353407e-04
   7.5875000e+00  -4.3836310e-04
   7.6000000e+00  -4.3327927e-04
   7.6125000e+00  -4.2816512e-04
   7.6250000e+00  -4.2323233e-04
   7.6375000e+00  -4.1824012e-04
   7.6500000e+00  -4.1341618e-04
   7.6625000e+00  -4.0856788e-04
   7.6750000e+00  -4.0381044e-04
   7.6875000e+00  -3.9913073e-04
   7.7000000e+00  -3.9446972e-04
   7.7125000e+00  -3.8987082e-04
   7.7250000e+00  -3.8533426e-04
   7.7375000e+00  -3.8084114e-04
   7.7500000e+00  -3.7638862e-04
   7.7625000e+00  -3.7198147e-04
   7.7750000e+00  -3.6762243e-04
   7.7875000e+00  -3.6331111e-04
   7.8000000e+00  -3.5904507e-04
   7.8125000e+00  -3.5481987e-04
   7.8250000e+00  -3.5062783e-04
   7.8375000e+00  -3.4645607e-04
   7.8500000e+00  -3.4228495e-04
   7.8625000e+00  -3.3808654e-04
   7.8750000e+00  -3.3382073e-04
   7.8875000e+00  -3.2942274e-04
   7.9000000e+00  -3.2477047e-04
   7.9125000e+00  -3.1959658e-04
   7.9250000e+00  -3.1318010e-04
   7.9375000e+00  -3.0253913e-04
   7.9500000e+00  -2.4241012e-04
   7.9625000e+00  -3.5007094e-04
   7.9750000e+00  -3.2645425e-04
   7.9875000e+00  -3.1650590e-04
   8.0000000e+00  -3.1033383e-04
   8.0125000e+00  -3.0507708e-04
   8.0250000e+00  -3.0057370e-04
   8.0375000e+00  -2.9627088e-04
   8.0500000e+00  -2.9232654e-04
   8.0625000e+00  -2.8851264e-04
   8.0750000e+00  -2.8485920e-04
   8.0875000e+00  -2.8126610e-04
   8.1000000e+00  -2.7786271e-04
   8.1125000e+00  -2.7445328e-04
   8.1250000e+00  -2.7115519e-04
   8.1375000e+00  -2.6797933e-04
   8.1500000e+00  -2.6473693e-04
   8.1625000e+00  -2.6165110e-04
   8.1750000e+00  -2.5864413e-04
   8.1875000e+00  -2.5564382e-04
   8.2000000e+00  -2.5268117e-04
   8.2125000e+00  -2.4978719e-04
   8.2250000e+00  -2.4696823e-04
   8.2375000e+00  -2.4413041e-04
   8.2500000e+00  -2.4133561e-04
   8.2625000e+00  -2.3863020e-04
   8.2750000e+00  -2.3592502e-04
   8.2875000e+00  -2.3327017e-04
   8.3000000e+00  -2.3064830e-04
   8.3125000e+00  -2.2805242e-04
   8.3250000e+00  -2.2551668e-04
   8.3375000e+00  -2.2300516e-04
   8.3500000e+00  -2.2050824e-04
   8.3625000e+00  -2.1804038e-04
   8.3750000e+00  -2.1563040e-04
   8.3875000e+00  -2.1323833e-04
   8.4000000e+00  -2.1085638e-04
   8.4125000e+00  -2.0851232e-04
   8.4250000e+00  -2.0620485e-04
   8.4375000e+00  -2.0392279e-04
   8.4500000e+00  -2.0166280e-04
   8.4625000e+00  -1.9943017e-04
   8.4750000e+00  -1.9724049e-04
   8.4875000e+00  -1.9504174e-04
   8.5000000e+00  -1.9287192e-04
   8.5125000e+00  -1.9073666e-04
   8.5250000e+00  -1.8863018e-04
   8.5375000e+00  -1.8653029e-04
   8.5500000e+00  -1.8446512e-04
   8.5625000e+00  -1.8242698e-04
   8.5750000e+00  -1.8038938e-04
   8.5875000e+00  -1.7838409e-04
   8.6000000e+00  -1.7638805e-04
   8.6125000e+00  -1.7442630e-04
   8.6250000e+00  -1.7248452e-04
   8.6375000e+00  -1.7055282e-04
   8.6500000e+00  -1.6864259e-04
   8.6625000e+00  -1.6673699e-04
   8.6750000e+00  -1.6487622e-04
   8.6875000e+00  -1.6300976e-04
   8.7000000e+00  -1.6116918e-04
   8.7125000e+00  -1.5932019e-04
   8.7250000e+00  -1.5753017e-04
   8.7375000e+00  -1.5573242e-04
   8.7500000e+00  -1.5392444e-04
   8.7625000e+00  -1.5217536e-04
   8.7750000e+00  -1.5041749e-04
   8.7875000e+00  -1.4868143e-04
   8.8000000e+00  -1.4693340e-04
   8.8125000e+00  -1.4523607e-04
   8.8250000e+00  -1.4351743e-04
   8.8375000e+00  -1.4183907e-04
   8.8500000e+00  -1.4014711e-04
   8.8625000e+00  -1.3849781e-04
   8.8750000e+00  -1.3682491e-04
   8.8875000e+00  -1.3518882e-04
   8.9000000e+00  -1.3355263e-04
   8.9125000e+00  -1.3193669e-04
   8.9250000e+00  -1.3031746e-04
   8.9375000e+00  -1.2872546e-04
   8.9500000e+00  -1.2714874e-04
   8.9625000e+00  -1.2556943e-04
   8.9750000e+00  -1.2401741e-04
   8.9875000e+00  -1.2247284e-04
   9.0000000e+00  -1.2086363e-04
   9.0125000e+00  -1.1919230e-04
   9.0250000e+00  -1.1753648e-04
   9.0375000e+00  -1.1589762e-04
   9.0500000e+00  -1.1427452e-04
   9.0625000e+00  -1.1266642e-04
   9.0750000e+00  -1.1107416e-04
   9.0875000e+00  -1.0949805e-04
   9.1000000e+00  -1.0793727e-04
   9.1125000e+00  -1.0639119e-04
   9.1250000e+00  -1.0486002e-04
   9.1375000e+00  -1.0334429e-04
   9.1500000e+00  -1.0184398e-04
   9.1625000e+00  -1.0035855e-04
   9.1750000e+00  -9.8887544e-05
   9.1875000e+00  -9.7431015e-05
   9.2000000e+00  -9.5989380e-05
   9.2125000e+00  -9.4562922e-05
   9.2250000e+00  -9.3151545e-05
   9.2375000e+00  -9.1754945e-05
   9.2500000e+00  -9.0372980e-05
   9.2625000e+00  -8.9005888e-05
   9.2750000e+00  -8.7654180e-05
   9.2875000e+00  -8.6318356e-05
   9.3000000e+00  -8.4998699e-05
   9.3125000e+00  -8.3695298e-05
   9.3250000e+00  -8.2408252e-05
   9.3375000e+00  -8.1137871e-05
   9.3500000e+00  -7.9884720e-05
   9.3625000e+00  -7.8649492e-05
   9.3750000e+00  -7.7432808e-05
   9.3875000e+00  -7.6235088e-05
   9.4000000e+00  -7.5056565e-05
   9.4125000e+00  -7.3897414e-05
   9.4250000e+00  -7.2757889e-05
   9.4375000e+00  -7.1638377e-05
   9.4500000e+00  -7.0539338e-05
   9.4625000e+00  -6.9461174e-05
   9.4750000e+00  -6.8404110e-05
   9.4875000e+00  -6.7368163e-05
   9.5000000e+00  -6.6353201e-05
   9.5125000e+00  -6.5359050e-05
   9.5250000e+00  -6.4385591e-05
   9.5375000e+00  -6.3432780e-05
   9.5500000e+00  -6.2500601e-05
   9.5625000e+00  -6.1588971e-05
   9.5750000e+00  -6.0697663e-05
   9.5875000e+00  -5.9826286e-05
   9.6000000e+00  -5.8974324e-05
   9.6125000e+00  -5.8141223e-05
   9.6250000e+00  -5.7326470e-05
   9.6375000e+00  -5.6529637e-05
   9.6500000e+00  -5.5750376e-05
   9.6625000e+00  -5.4988360e-05
   9.6750000e+00  -5.4243219e-05
   9.6875000e+00  -5.3514504e-05
   9.7000000e+00  -5.2801680e-05
   9.7125000e+00  -5.2104177e-05
   9.7250000e+00  -5.1421442e-05
   9.7375000e+00  -5.0752993e-05
   9.7500000e+00  -5.0098433e-05
   9.7625000e+00  -4.9457427e-05
   9.7750000e+00  -4.8829650e-05
   9.7875000e+00  -4.8214733e-05
   9.8000000e+00  -4.7612225e-05
   9.8125000e+00  -4.7021598e-05
   9.8250000e+00  -4.6442265e-05
   9.8375000e+00  -4.5873631e-05
   9.8500000e+00  -4.5315124e-05
   9.8625000e+00  -4.4766220e-05
   9.8750000e+00  -4.4226421e-05
   9.8875000e+00  -4.3695226e-05
   9.9000000e+00  -4.3172098e-05
   9.9125000e+00  -4.2656427e-05
   9.9250000e+00  -4.2147526e-05
   9.9375000e+00  -4.1644645e-05
   9.9500000e+00  -4.1147013e-05
   9.9625000e+00  -4.0653876e-05
   9.9750000e+00  -4.0164531e-05
   9.9875000e+00  -3.9678339e-05
   1.0000000e+01  -3.9194710e-05
   1.0012500e+01  -3.8713079e-05
   1.0025000e+01  -3.8232869e-05
   1.0037500e+01  -3.7753477e-05
   1.0050000e+01  -3.7274272e-05
   1.0062500e+01  -3.6794605e-05
   1.0075000e+01  -3.6313847e-05
   1.0087500e+01  -3.5831419e-05
   1.0100000e+01  -3.5346813e-05
   1.0112500e+01  -3.4859611e-05
   1.0125000e+01  -3.4369469e-05
   1.0137500e+01  -3.3876102e-05
   1.0150000e+01  -3.3379253e-05
   1.0162500e+01  -3.2878669e-05
   1.0175000e+01  -3.2374091e-05
   1.0187500e+01  -3.1865258e-05
   1.0200000e+01  -3.1351929e-05
   1.0212500e+01  -3.0833902e-05
   1.0225000e+01  -3.0311048e-05
   1.0237500e+01  -2.9783315e-05
   1.0250000e+01  -2.9250740e-05
   1.0262500e+01  -2.8713432e-05
   1.0275000e+01  -2.8171554e-05
   1.0287500e+01  -2.7625305e-05
   1.0300000e+01  -2.7074906e-05
   1.0312500e+01  -2.6520585e-05
   1.0325000e+01  -2.5962587e-05
   1.0337500e+01  -2.5401182e-05
   1.0350000e+01  -2.4836684e-05
   1.0362500e+01  -2.4269459e-05
   1.0375000e+01  -2.3699935e-05
   1.0387500e+01  -2.3128591e-05
   1.0400000e+01  -2.2555943e-05
   1.0412500e+01  -2.1982530e-05
   1.0425000e+01  -2.1408888e-05
   1.0437500e+01  -2.0835537e-05
   1.0450000e+01  -2.0262967e-05
   1.0462500e+01  -1.9691646e-05
   1.0475000e+01  -1.9122028e-05
   1.0487500e+01  -1.8554566e-05
   1.0500000e+01  -1.7989729e-05
   1.0512500e+01  -1.7428006e-05
   1.0525000e+01  -1.6869909e-05
   1.0537500e+01  -1.6315964e-05
   1.0550000e+01  -1.5766695e-05
   1.0562500e+01  -1.5222615e-05
   1.0575000e+01  -1.4684206e-05
   1.0587500e+01  -1.4151922e-05
   1.0600000e+01  -1.3626184e-05
   1.0612500e+01  -1.3107391e-05
   1.0625000e+01  -1.2595929e-05
   1.0637500e+01  -1.2092188e-05
   1.0650000e+01  -1.1596564e-05
   1.0662500e+01  -1.1109467e-05
   1.0675000e+01  -1.0631316e-05
   1.0687500e+01  -1.0162534e-05
   1.0700000e+01  -9.7035351e-06
   1.0712500e+01  -9.2547160e-06
   1.0725000e+01  -8.8164455e-06
   1.0737500e+01  -8.3890650e-06
   1.0750000e+01  -7.9728956e-06
   1.0762500e+01  -7.5682519e-06
   1.0775000e+01  -7.1754584e-06
   1.0787500e+01  -6.7948653e-06
   1.0800000e+01  -6.4268613e-06
   1.0812500e+01  -6.0718796e-06
   1.0825000e+01  -5.7303979e-06
   1.0837500e+01  -5.4029323e-06
   1.0850000e+01  -5.0900252e-06
   1.0862500e+01  -4.7922318e-06
   1.0875000e+01  -4.5101064e-06
   1.0887500e+01  -4.2441938e-06
   1.0900000e+01  -3.9950259e-06
   1.0912500e+01  -3.7631237e-06
   1.0925000e+01  -3.5490029e-06
   1.0937500e+01  -3.3531794e-06
   1.0950000e+01  -3.1761706e-06
   1.0962500e+01  -3.0184912e-06
   1.0975000e+01  -2.8806419e-06
   1.0987500e+01  -2.7630929e-06
   1.1000000e+01  -2.6662651e-06
   1.1012500e+01  -2.5905131e-06
   1.1025000e+01  -2.5361084e-06
   1.1037500e+01  -2.5032290e-06
   1.1050000e+01  -2.4919543e-06
   1.1062500e+01  -2.5022661e-06
   1.1075000e+01  -2.5340522e-06
   1.1087500e+01  -2.5871096e-06
   1.1100000e+01  -2.6611481e-06
   1.1112500e+01  -2.7557943e-06
   1.1125000e+01  -2.8705989e-06
   1.1137500e+01  -3.0050434e-06
   1.1150000e+01  -3.1585430e-06
   1.1162500e+01  -3.3304474e-06
   1.1175000e+01  -3.5200411e-06
   1.1187500e+01  -3.7265435e-06
   1.1200000e+01  -3.9491113e-06
   1.1212500e+01  -4.1868440e-06
   1.1225000e+01  -4.4387962e-06
   1.1237500e+01  -4.7039933e-06
   1.1250000e+01  -4.9814486e-06
   1.1262500e+01  -5.2701786e-06
   1.1275000e+01  -5.5692146e-06
   1.1287500e+01  -5.8776092e-06
   1.1300000e+01  -6.1944382e-06
   1.1312500e+01  -6.5187988e-06
   1.1325000e+01  -6.8498036e-06
   1.1337500e+01  -7.1865743e-06
   1.1350000e+01  -7.5282359e-06
   1.1362500e+01  -7.8739134e-06
   1.1375000e+01  -8.2227303e-06
   1.1387500e+01  -8.5738108e-06
   1.1400000e+01  -8.9262871e-06
   1.1412500e+01  -9.2793125e-06
   1.1425000e+01  -9.6320750e-06
   1.1437500e+01  -9.9838081e-06
   1.1450000e+01  -1.0333798e-05
   1.1462500e+01  -1.0681387e-05
   1.1475000e+01  -1.1025971e-05
   1.1487500e+01  -1.1366997e-05
   1.1500000e+01  -1.1703954e-05
   1.1512500e+01  -1.2036364e-05
   1.1525000e+01  -1.2363774e-05
   1.1537500e+01  -1.2685749e-05
   1.1550000e+01  -1.3001871e-05
   1.1562500e+01  -1.3311734e-05
   1.1575000e+01  -1.3614948e-05
   1.1587500e+01  -1.3911142e-05
   1.1600000e+01  -1.4199966e-05
   1.1612500e+01  -1.4481100e-05
   1.1625000e+01  -1.4754250e-05
   1.1637500e+01  -1.5019139e-05
   1.1650000e+01  -1.5275496e-05
   1.1662500e+01  -1.5523045e-05
   1.1675000e+01  -1.5761495e-05
   1.1687500e+01  -1.5990531e-05
   1.1700000e+01  -1.6209814e-05
   1.1712500e+01  -1.6418977e-05
   1.1725000e+01  -1.6617627e-05
   1.1737500e+01  -1.6805351e-05
   1.1750000e+01  -1.6981724e-05
   1.1762500e+01  -1.7146312e-05
   1.1775000e+01  -1.7298688e-05
   1.1787500e+01  -1.7438439e-05
   1.1800000e+01  -1.7565176e-05
   1.1812500e+01  -1.7678539e-05
   1.1825000e+01  -1.7778194e-05
   1.1837500e+01  -1.7863838e-05
   1.1850000e+01  -1.7935199e-05
   1.1862500e+01  -1.7992039e-05
   1.1875000e+01  -1.8034151e-05
   1.1887500e+01  -1.8061356e-05
   1.1900000e+01  -1.8073502e-05
   1.1912500e+01  -1.8070467e-05
   1.1925000e+01  -1.8052159e-05
   1.1937500e+01  -1.8018527e-05
   1.1950000e+01  -1.7969559e-05
   1.1962500e+01  -1.7905291e-05
   1.1975000e+01  -1.7825802e-05
   1.1987500e+01  -1.7731217e-05
   1.2000000e+01  -1.7621695e-05
   1.2012500e+01  -1.7497426e-05
   1.2025000e+01  -1.7358620e-05
   1.2037500e+01  -1.7205502e-05
   1.2050000e+01  -1.7038307e-05
   1.2062500e+01  -1.6857272e-05
   1.2075000e+01  -1.6662628e-05
   1.2087500e+01  -1.6454592e-05
   1.2100000e+01  -1.6233368e-05
   1.2112500e+01  -1.5999139e-05
   1.2125000e+01  -1.5752076e-05
   1.2137500e+01  -1.5492342e-05
   1.2150000e+01  -1.5220092e-05
   1.2162500e+01  -1.4935486e-05
   1.2175000e+01  -1.4638686e-05
   1.2187500e+01  -1.4329867e-05
   1.2200000e+01  -1.4009219e-05
   1.2212500e+01  -1.3676950e-05
   1.2225000e+01  -1.3333286e-05
   1.2237500e+01  -1.2978472e-05
   1.2250000e+01  -1.2612777e-05
   1.2262500e+01  -1.2236494e-05
   1.2275000e+01  -1.1849947e-05
   1.2287500e+01  -1.1453492e-05
   1.2300000e+01  -1.1047529e-05
   1.2312500e+01  -1.0632503e-05
   1.2325000e+01  -1.0208911e-05
   1.2337500e+01  -9.7772992e-06
   1.2350000e+01  -9.3382659e-06
   1.2362500e+01  -8.8924595e-06
   1.2375000e+01  -8.4405819e-06
   1.2387500e+01  -7.9833872e-06
   1.2400000e+01  -7.5216807e-06
   1.2412500e+01  -7.0563160e-06
   1.2425000e+01  -6.5881937e-06
   1.2437500e+01  -6.1182599e-06
   1.2450000e+01  -5.6475031e-06
   1.2462500e+01  -5.1769507e-06
   1.2475000e+01  -4.7076661e-06
   1.2487500e+01  -4.2407448e-06
   1.2500000e+01  -3.7773095e-06
   1.2512500e+01  -3.3185021e-06
   1.2525000e+01  -2.8654741e-06
   1.2537500e+01  -2.4193755e-06
   1.2550000e+01  -1.9813438e-06
   1.2562500e+01  -1.5524964e-06
   1.2575000e+01  -1.1339257e-06
   1.2587500e+01  -7.2669474e-07
   1.2600000e+01  -3.3183156e-07
   1.2612500e+01   4.9679354e-08
   1.2625000e+01   4.1690619e-07
   1.2637500e+01   7.6897559e-07
   1.2650000e+01   1.1050748e-06
   1.2662500e+01   1.4244515e-06
   1.2675000e+01   1.7264145e-06
   1.2687500e+01   2.0103343e-06
   1.2700000e+01   2.2756460e-06
   1.2712500e+01   2.5218499e-06
   1.2725000e+01   2.7485097e-06
   1.2737500e+01   2.9552506e-06
   1.2750000e+01   3.1417598e-06
   1.2762500e+01   3.3077883e-06
   1.2775000e+01   3.4531541e-06
   1.2787500e+01   3.5777450e-06
   1.2800000e+01   3.6815241e-06
   1.2812500e+01   3.7645335e-06
   1.2825000e+01   3.8268973e-06
   1.2837500e+01   3.8688240e-06
   1.2850000e+01   3.8906087e-06
   1.2862500e+01   3.8926318e-06
   1.2875000e+01   3.8753559e-06
   1.2887500e+01   3.8393184e-06
   1.2900000e+01   3.7851242e-06
   1.2912500e+01   3.7134372e-06
   1.2925000e+01   3.6249747e-06
   1.2937500e+01   3.5205014e-06
   1.2950000e+01   3.4008251e-06
   1.2962500e+01   3.2667933e-06
   1.2975000e+01   3.1192906e-06
   1.2987500e+01   2.9592354e-06
   1.3000000e+01   2.7875758e-06
   1.3012500e+01   2.6052852e-06
   1.3025000e+01   2.4133587e-06
   1.3037500e+01   2.2128085e-06
   1.3050000e+01   2.0046576e-06
   1.3062500e+01   1.7899304e-06
   1.3075000e+01   1.5696441e-06
   1.3087500e+01   1.3448031e-06
   1.3100000e+01   1.1163951e-06
   1.3112500e+01   8.8538714e-07
   1.3125000e+01   6.5272305e-07
   1.3137500e+01   4.1932105e-07
   1.3150000e+01   1.8607084e-07
   1.3162500e+01  -4.6168846e-08
   1.3175000e+01  -2.7657120e-07
   1.3187500e+01  -5.0434227e-07
   1.3200000e+01  -7.2872521e-07
   1.3212500e+01  -9.4900522e-07
   1.3225000e+01  -1.1645105e-06
   1.3237500e+01  -1.3746104e-06
   1.3250000e+01  -1.5787132e-06
   1.3262500e+01  -1.7762603e-06
   1.3275000e+01  -1.9667207e-06
   1.3287500e+01  -2.1495842e-06
   1.3300000e+01  -2.3243582e-06
   1.3312500e+01  -2.4905655e-06
   1.3325000e+01  -2.6477438e-06
   1.3337500e+01  -2.7954467e-06
   1.3350000e+01  -2.9332455e-06
   1.3362500e+01  -3.0607285e-06
   1.3375000e+01  -3.1774998e-06
   1.3387500e+01  -3.2831766e-06
   1.3400000e+01  -3.3773888e-06
   1.3412500e+01  -3.4597812e-06
   1.3425000e+01  -3.5300178e-06
   1.3437500e+01  -3.5877829e-06
   1.3450000e+01  -3.6327823e-06
   1.3462500e+01  -3.6647441e-06
   1.3475000e+01  -3.6834219e-06
   1.3487500e+01  -3.6885984e-06
   1.3500000e+01  -3.6800900e-06
   1.3512500e+01  -3.6577495e-06
   1.3525000e+01  -3.6214678e-06
   1.3537500e+01  -3.5711726e-06
   1.3550000e+01  -3.5068269e-06
   1.3562500e+01  -3.4284273e-06
   1.3575000e+01  -3.3360016e-06
   1.3587500e+01  -3.2296113e-06
   1.3600000e+01  -3.1093541e-06
   1.3612500e+01  -2.9753673e-06
   1.3625000e+01  -2.8278304e-06
   1.3637500e+01  -2.6669644e-06
   1.3650000e+01  -2.4930304e-06
   1.3662500e+01  -2.3063265e-06
   1.3675000e+01  -2.1071833e-06
   1.3687500e+01  -1.8959619e-06
   1.3700000e+01  -1.6730572e-06
   1.3712500e+01  -1.4389031e-06
   1.3725000e+01  -1.1939762e-06
   1.3737500e+01  -9.3880017e-07
   1.3750000e+01  -6.7395018e-07
   1.3762500e+01  -4.0005605e-07
   1.3775000e+01  -1.1780322e-07
   1.3787500e+01   1.7206891e-07
   1.3800000e+01   4.6876853e-07
   1.3812500e+01   7.7145317e-07
   1.3825000e+01   1.0792330e-06
   1.3837500e+01   1.3911763e-06
   1.3850000e+01   1.7063164e-06
   1.3862500e+01   2.0236576e-06
   1.3875000e+01   2.3421792e-06
   1.3887500e+01   2.6608360e-06
   1.3900000e+01   2.9785617e-06
   1.3912500e+01   3.2942758e-06
   1.3925000e+01   3.6068905e-06
   1.3937500e+01   3.9153166e-06
   1.3950000e+01   4.2184678e-06
   1.3962500e+01   4.5152668e-06
   1.3975000e+01   4.8046509e-06
   1.3987500e+01   5.0855790e-06
   1.4000000e+01   5.3570365e-06
   1.4012500e+01   5.6180405e-06
   1.4025000e+01   5.8676447e-06
   1.4037500e+01   6.1049438e-06
   1.4050000e+01   6.3290775e-06
   1.4062500e+01   6.5392348e-06
   1.4075000e+01   6.7346567e-06
   1.4087500e+01   6.9146383e-06
   1.4100000e+01   7.0785311e-06
   1.4112500e+01   7.2257444e-06
   1.4125000e+01   7.3557461e-06
   1.4137500e+01   7.4680636e-06
   1.4150000e+01   7.5622837e-06
   1.4162500e+01   7.6380526e-06
   1.4175000e+01   7.6950764e-06
   1.4187500e+01   7.7331212e-06
   1.4200000e+01   7.7520115e-06
   1.4212500e+01   7.7516298e-06
   1.4225000e+01   7.7319193e-06
   1.4237500e+01   7.6928865e-06
   1.4250000e+01   7.6346001e-06
   1.4262500e+01   7.5571887e-06
   1.4275000e+01   7.4608392e-06
   1.4287500e+01   7.3457948e-06
   1.4300000e+01   7.2123545e-06
   1.4312500e+01   7.0608719e-06
   1.4325000e+01   6.8917540e-06
   1.4337500e+01   6.7054598e-06
   1.4350000e+01   6.5025005e-06
   1.4362500e+01   6.2834390e-06
   1.4375000e+01   6.0488879e-06
   1.4387500e+01   5.7995063e-06
   1.4400000e+01   5.5359956e-06
   1.4412500e+01   5.2590931e-06
   1.4425000e+01   4.9695671e-06
   1.4437500e+01   4.6682124e-06
   1.4450000e+01   4.3558459e-06
   1.4462500e+01   4.0333024e-06
   1.4475000e+01   3.7014335e-06
   1.4487500e+01   3.3611110e-06
   1.4500000e+01   3.0132289e-06
   1.4512500e+01   2.6587012e-06
   1.4525000e+01   2.2984576e-06
   1.4537500e+01   1.9334371e-06
   1.4550000e+01   1.5645809e-06
   1.4562500e+01   1.1928260e-06
   1.4575000e+01   8.1909919e-07
   1.4587500e+01   4.4431251e-07
   1.4600000e+01   6.9358430e-08
   1.4612500e+01  -3.0489500e-07
   1.4625000e+01  -6.7760784e-07
   1.4637500e+01  -1.0479697e-06
   1.4650000e+01  -1.4151985e-06
   1.4662500e+01  -1.7785391e-06
   1.4675000e+01  -2.1372644e-06
   1.4687500e+01  -2.4906796e-06
   1.4700000e+01  -2.8381263e-06
   1.4712500e+01  -3.1789865e-06
   1.4725000e+01  -3.5126871e-06
   1.4737500e+01  -3.8387059e-06
   1.4750000e+01  -4.1565749e-06
   1.4762500e+01  -4.4658826e-06
   1.4775000e+01  -4.7662740e-06
   1.4787500e+01  -5.0574499e-06
   1.4800000e+01  -5.3391667e-06
   1.4812500e+01  -5.6112349e-06
   1.4825000e+01  -5.8735165e-06
   1.4837500e+01  -6.1259244e-06
   1.4850000e+01  -6.3684206e-06
   1.4862500e+01  -6.6010140e-06
   1.4875000e+01  -6.8237530e-06
   1.4887500e+01  -7.0367179e-06
   1.4900000e+01  -7.2400153e-06
   1.4912500e+01  -7.4337739e-06
   1.4925000e+01  -7.6181404e-06
   1.4937500e+01  -7.7932759e-06
   1.4950000e+01  -7.9593506e-06
   1.4962500e+01  -8.1165415e-06
   1.4975000e+01  -8.2650301e-06
   1.4987500e+01  -8.4049974e-06
   1.5000000e+01  -8.5366183e-06
   1.5012500e+01  -8.6600548e-06
   1.5025000e+01  -8.7754534e-06
   1.5037500e+01  -8.8829442e-06
   1.5050000e+01  -8.9826413e-06
   1.5062500e+01  -9.0746431e-06
   1.5075000e+01  -9.1590321e-06
   1.5087500e+01  -9.2358759e-06
   1.5100000e+01  -9.3052303e-06
   1.5112500e+01  -9.3671415e-06
   1.5125000e+01  -9.4216451e-06
   1.5137500e+01  -9.4687649e-06
   1.5150000e+01  -9.5085096e-06
   1.5162500e+01  -9.5408699e-06
   1.5175000e+01  -9.5658177e-06
   1.5187500e+01  -9.5833052e-06
   1.5200000e+01  -9.5932644e-06
   1.5212500e+01  -9.5956077e-06
   1.5225000e+01  -9.5902274e-06
   1.5237500e+01  -9.5769956e-06
   1.5250000e+01  -9.5557642e-06
   1.5262500e+01  -9.5263655e-06
   1.5275000e+01  -9.4886145e-06
   1.5287500e+01  -9.4423158e-06
   1.5300000e+01  -9.3872714e-06
   1.5312500e+01  -9.3232866e-06
   1.5325000e+01  -9.2501753e-06
   1.5337500e+01  -9.1677665e-06
   1.5350000e+01  -9.0759089e-06
   1.5362500e+01  -8.9744723e-06
   1.5375000e+01  -8.8633435e-06
   1.5387500e+01  -8.7424200e-06
   1.5400000e+01  -8.6116045e-06
   1.5412500e+01  -8.4708004e-06
   1.5425000e+01  -8.3199084e-06
   1.5437500e+01  -8.1588257e-06
   1.5450000e+01  -7.9874424e-06
   1.5462500e+01  -7.8056408e-06
   1.5475000e+01  -7.6132966e-06
   1.5487500e+01  -7.4102827e-06
   1.5500000e+01  -7.1964708e-06
   1.5512500e+01  -6.9717328e-06
   1.5525000e+01  -6.7359403e-06
   1.5537500e+01  -6.4889635e-06
   1.5550000e+01  -6.2306747e-06
   1.5562500e+01  -5.9609527e-06
   1.5575000e+01  -5.6796892e-06
   1.5587500e+01  -5.3867948e-06
   1.5600000e+01  -5.0822061e-06
   1.5612500e+01  -4.7658928e-06
   1.5625000e+01  -4.4378656e-06
   1.5637500e+01  -4.0981842e-06
   1.5650000e+01  -3.7469639e-06
   1.5662500e+01  -3.3843811e-06
   1.5675000e+01  -3.0106776e-06
   1.5687500e+01  -2.6261639e-06
   1.5700000e+01  -2.2312200e-06
   1.5712500e+01  -1.8262919e-06
   1.5725000e+01  -1.4118839e-06
   1.5737500e+01  -9.8855174e-07
   1.5750000e+01  -5.5689594e-07
   1.5762500e+01  -1.1755628e-07
   1.5775000e+01   3.2879406e-07
   1.5787500e+01   7.8145415e-07
   1.5800000e+01   1.2396999e-06
   1.5812500e+01   1.7027870e-06
   1.5825000e+01   2.1699536e-06
   1.5837500e+01   2.6404259e-06
   1.5850000e+01   3.1134241e-06
   1.5862500e+01   3.5881682e-06
   1.5875000e+01   4.0638822e-06
   1.5887500e+01   4.5397962e-06
   1.5900000e+01   5.0151475e-06
   1.5912500e+01   5.4891841e-06
   1.5925000e+01   5.9611667e-06
   1.5937500e+01   6.4303724e-06
   1.5950000e+01   6.8960975e-06
   1.5962500e+01   7.3576607e-06
   1.5975000e+01   7.8144049e-06
   1.5987500e+01   8.2656989e-06
   1.6000000e+01   8.7109374e-06
   1.6012500e+01   9.1495442e-06
   1.6025000e+01   9.5809741e-06
   1.6037500e+01   1.0004711e-05
   1.6050000e+01   1.0420266e-05
   1.6062500e+01   1.0827175e-05
   1.6075000e+01   1.1224991e-05
   1.6087500e+01   1.1613289e-05
   1.6100000e+01   1.1991651e-05
   1.6112500e+01   1.2359666e-05
   1.6125000e+01   1.2716920e-05
   1.6137500e+01   1.3062990e-05
   1.6150000e+01   1.3397437e-05
   1.6162500e+01   1.3719803e-05
   1.6175000e+01   1.4029601e-05
   1.6187500e+01   1.4326316e-05
   1.6200000e+01   1.4609403e-05
   1.6212500e+01   1.4878287e-05
   1.6225000e+01   1.5132364e-05
   1.6237500e+01   1.5371012e-05
   1.6250000e+01   1.5593590e-05
   1.6262500e+01   1.5799454e-05
   1.6275000e+01   1.5987957e-05
   1.6287500e+01   1.6158459e-05
   1.6300000e+01   1.6310330e-05
   1.6312500e+01   1.6442958e-05
   1.6325000e+01   1.6555756e-05
   1.6337500e+01   1.6648171e-05
   1.6350000e+01   1.6719688e-05
   1.6362500e+01   1.6769839e-05
   1.6375000e+01   1.6798200e-05
   1.6387500e+01   1.6804392e-05
   1.6400000e+01   1.6788074e-05
   1.6412500e+01   1.6748953e-05
   1.6425000e+01   1.6686786e-05
   1.6437500e+01   1.6601386e-05
   1.6450000e+01   1.6492629e-05
   1.6462500e+01   1.6360452e-05
   1.6475000e+01   1.6204855e-05
   1.6487500e+01   1.6025889e-05
   1.6500000e+01   1.5823656e-05
   1.6512500e+01   1.5598297e-05
   1.6525000e+01   1.5349987e-05
   1.6537500e+01   1.5078933e-05
   1.6550000e+01   1.4785379e-05
   1.6562500e+01   1.4469604e-05
   1.6575000e+01   1.4131929e-05
   1.6587500e+01   1.3772717e-05
   1.6600000e+01   1.3392373e-05
   1.6612500e+01   1.2991350e-05
   1.6625000e+01   1.2570149e-05
   1.6637500e+01   1.2129325e-05
   1.6650000e+01   1.1669482e-05
   1.6662500e+01   1.1191279e-05
   1.6675000e+01   1.0695425e-05
   1.6687500e+01   1.0182680e-05
   1.6700000e+01   9.6538523e-06
   1.6712500e+01   9.1098015e-06
   1.6725000e+01   8.5514318e-06
   1.6737500e+01   7.9796888e-06
   1.6750000e+01   7.3955509e-06
   1.6762500e+01   6.8000184e-06
   1.6775000e+01   6.1941023e-06
   1.6787500e+01   5.5788184e-06
   1.6800000e+01   4.9551839e-06
   1.6812500e+01   4.3242178e-06
   1.6825000e+01   3.6869422e-06
   1.6837500e+01   3.0443852e-06
   1.6850000e+01   2.3975842e-06
   1.6862500e+01   1.7475898e-06
   1.6875000e+01   1.0954704e-06
   1.6887500e+01   4.4231553e-07
   1.6900000e+01  -2.1076512e-07
   1.6912500e+01  -8.6264298e-07
   1.6925000e+01  -1.5121715e-06
   1.6937500e+01  -2.1581872e-06
   1.6950000e+01  -2.7995140e-06
   1.6962500e+01  -3.4349708e-06
   1.6975000e+01  -4.0633809e-06
   1.6987500e+01  -4.6835816e-06
   1.7000000e+01  -5.2944323e-06
   1.7012500e+01  -5.8948196e-06
   1.7025000e+01  -6.4836590e-06
   1.7037500e+01  -7.0598970e-06
   1.7050000e+01  -7.6225109e-06
   1.7062500e+01  -8.1705079e-06
   1.7075000e+01  -8.7029255e-06
   1.7087500e+01  -9.2188310e-06
   1.7100000e+01  -9.7173215e-06
   1.7112500e+01  -1.0197524e-05
   1.7125000e+01  -1.0658594e-05
   1.7137500e+01  -1.1099719e-05
   1.7150000e+01  -1.1520112e-05
   1.7162500e+01  -1.1919010e-05
   1.7175000e+01  -1.2295674e-05
   1.7187500e+01  -1.2649389e-05
   1.7200000e+01  -1.2979468e-05
   1.7212500e+01  -1.3285250e-05
   1.7225000e+01  -1.3566103e-05
   1.7237500e+01  -1.3821423e-05
   1.7250000e+01  -1.4050634e-05
   1.7262500e+01  -1.4253189e-05
   1.7275000e+01  -1.4428580e-05
   1.7287500e+01  -1.4576336e-05
   1.7300000e+01  -1.4696030e-05
   1.7312500e+01  -1.4787285e-05
   1.7325000e+01  -1.4849780e-05
   1.7337500e+01  -1.4883258e-05
   1.7350000e+01  -1.4887531e-05
   1.7362500e+01  -1.4862490e-05
   1.7375000e+01  -1.4808113e-05
   1.7387500e+01  -1.4724462e-05
   1.7400000e+01  -1.4611694e-05
   1.7412500e+01  -1.4470055e-05
   1.7425000e+01  -1.4299881e-05
   1.7437500e+01  -1.4101593e-05
   1.7450000e+01  -1.3875693e-05
   1.7462500e+01  -1.3622766e-05
   1.7475000e+01  -1.3343482e-05
   1.7487500e+01  -1.3038591e-05
   1.7500000e+01  -1.2708932e-05
   1.7512500e+01  -1.2355429e-05
   1.7525000e+01  -1.1979093e-05
   1.7537500e+01  -1.1581018e-05
   1.7550000e+01  -1.1162385e-05
   1.7562500e+01  -1.0724454e-05
   1.7575000e+01  -1.0268561e-05
   1.7587500e+01  -9.7961173e-06
   1.7600000e+01  -9.3085969e-06
   1.7612500e+01  -8.8075346e-06
   1.7625000e+01  -8.2945208e-06
   1.7637500e+01  -7.7711976e-06
   1.7650000e+01  -7.2392535e-06
   1.7662500e+01  -6.7004158e-06
   1.7675000e+01  -6.1564406e-06
   1.7687500e+01  -5.6091022e-06
   1.7700000e+01  -5.0601859e-06
   1.7712500e+01  -4.5114801e-06
   1.7725000e+01  -3.9647676e-06
   1.7737500e+01  -3.4218184e-06
   1.7750000e+01  -2.8843816e-06
   1.7762500e+01  -2.3541781e-06
   1.7775000e+01  -1.8328908e-06
   1.7787500e+01  -1.3221542e-06
   1.7800000e+01  -8.2354574e-07
   1.7812500e+01  -3.3857616e-07
   1.7825000e+01   1.3132121e-07
   1.7837500e+01   5.8480096e-07
   1.7850000e+01   1.0206155e-06
   1.7862500e+01   1.4376236e-06
   1.7875000e+01   1.8347963e-06
   1.7887500e+01   2.2112227e-06
   1.7900000e+01   2.5661138e-06
   1.7912500e+01   2.8988036e-06
   1.7925000e+01   3.2087464e-06
   1.7937500e+01   3.4955135e-06
   1.7950000e+01   3.7587878e-06
   1.7962500e+01   3.9983609e-06
   1.7975000e+01   4.2141300e-06
   1.7987500e+01   4.4060942e-06
   1.8000000e+01   4.5743540e-06
   1.8012500e+01   4.7191122e-06
   1.8025000e+01   4.8406733e-06
   1.8037500e+01   4.9394412e-06
   1.8050000e+01   5.0159143e-06
   1.8062500e+01   5.0706808e-06
   1.8075000e+01   5.1044153e-06
   1.8087500e+01   5.1178760e-06
   1.8100000e+01   5.1118976e-06
   1.8112500e+01   5.0873826e-06
   1.8125000e+01   5.0452915e-06
   1.8137500e+01   4.9866343e-06
   1.8150000e+01   4.9124609e-06
   1.8162500e+01   4.8238523e-06
   1.8175000e+01   4.7219113e-06
   1.8187500e+01   4.6077544e-06
   1.8200000e+01   4.4825014e-06
   1.8212500e+01   4.3472670e-06
   1.8225000e+01   4.2031561e-06
   1.8237500e+01   4.0512575e-06
   1.8250000e+01   3.8926385e-06
   1.8262500e+01   3.7283391e-06
   1.8275000e+01   3.5593663e-06
   1.8287500e+01   3.3866893e-06
   1.8300000e+01   3.2112365e-06
   1.8312500e+01   3.0338925e-06
   1.8325000e+01   2.8554966e-06
   1.8337500e+01   2.6768426e-06
   1.8350000e+01   2.4986783e-06
   1.8362500e+01   2.3217034e-06
   1.8375000e+01   2.1465680e-06
   1.8387500e+01   1.9738720e-06
   1.8400000e+01   1.8041635e-06
   1.8412500e+01   1.6379369e-06
   1.8425000e+01   1.4756343e-06
   1.8437500e+01   1.3176472e-06
   1.8450000e+01   1.1643169e-06
   1.8462500e+01   1.0159335e-06
   1.8475000e+01   8.7273495e-07
   1.8487500e+01   7.3490917e-07
   1.8500000e+01   6.0259858e-07
   1.8512500e+01   4.7590527e-07
   1.8525000e+01   3.5489573e-07
   1.8537500e+01   2.3960432e-07
   1.8550000e+01   1.3003673e-07
   1.8562500e+01   2.6173338e-08
   1.8575000e+01  -7.2028292e-08
   1.8587500e+01  -1.6463323e-07
   1.8600000e+01  -2.5172907e-07
   1.8612500e+01  -3.3342525e-07
   1.8625000e+01  -4.0985300e-07
   1.8637500e+01  -4.8116411e-07
   1.8650000e+01  -5.4752794e-07
   1.8662500e+01  -6.0912644e-07
   1.8675000e+01  -6.6614772e-07
   1.8687500e+01  -7.1878154e-07
   1.8700000e+01  -7.6721907e-07
   1.8712500e+01  -8.1165413e-07
   1.8725000e+01  -8.5228330e-07
   1.8737500e+01  -8.8930738e-07
   1.8750000e+01  -9.2293265e-07
   1.8762500e+01  -9.5336917e-07
   1.8775000e+01  -9.8082800e-07
   1.8787500e+01  -1.0055191e-06
   1.8800000e+01  -1.0276495e-06
   1.8812500e+01  -1.0474196e-06
   1.8825000e+01  -1.0650187e-06
   1.8837500e+01  -1.0806209e-06
   1.8850000e+01  -1.0943830e-06
   1.8862500e+01  -1.1064469e-06
   1.8875000e+01  -1.1169434e-06
   1.8887500e+01  -1.1259957e-06
   1.8900000e+01  -1.1337202e-06
   1.8912500e+01  -1.1402264e-06
   1.8925000e+01  -1.1456148e-06
   1.8937500e+01  -1.1499746e-06
   1.8950000e+01  -1.1533801e-06
   1.8962500e+01  -1.1558887e-06
   1.8975000e+01  -1.1575407e-06
   1.8987500e+01  -1.1583610e-06
   1.9000000e+01   0.0000000e+00
