  -4.9937500e+00  -5.8556487e-02
  -4.9812500e+00  -5.9072119e-02
  -4.9687500e+00  -5.9583516e-02
  -4.9562500e+00  -6.0091031e-02
  -4.9437500e+00  -6.0594997e-02
  -4.9312500e+00  -6.1095952e-02
  -4.9187500e+00  -6.1594388e-02
  -4.9062500e+00  -6.2090581e-02
  -4.8937500e+00  -6.2584787e-02
  -4.8812500e+00  -6.3077041e-02
  -4.8687500e+00  -6.3567083e-02
  -4.8562500e+00  -6.4054568e-02
  -4.8437500e+00  -6.4539237e-02
  -4.8312500e+00  -6.5021008e-02
  -4.8187500e+00  -6.5499934e-02
  -4.8062500e+00  -6.5976130e-02
  -4.7937500e+00  -6.6449689e-02
  -4.7812500e+00  -6.6920881e-02
  -4.7687500e+00  -6.7389868e-02
  -4.7562500e+00  -6.7856760e-02
  -4.7437500e+00  -6.8321630e-02
  -4.7312500e+00  -6.8784421e-02
  -4.7187500e+00  -6.9245407e-02
  -4.7062500e+00  -6.9704754e-02
  -4.6937500e+00  -7.0162386e-02
  -4.6812500e+00  -7.0618362e-02
  -4.6687500e+00  -7.1072603e-02
  -4.6562500e+00  -7.1524766e-02
  -4.6437500e+00  -7.1974403e-02
  -4.6312500e+00  -7.2420981e-02
  -4.6187500e+00  -7.2864217e-02
  -4.6062500e+00  -7.3304095e-02
  -4.5937500e+00  -7.3740377e-02
  -4.5812500e+00  -7.4173041e-02
  -4.5687500e+00  -7.4602266e-02
  -4.5562500e+00  -7.5027848e-02
  -4.5437500e+00  -7.5449572e-02
  -4.5312500e+00  -7.5867392e-02
  -4.5187500e+00  -7.6281038e-02
  -4.5062500e+00  -7.6690311e-02
  -4.4937500e+00  -7.7095217e-02
  -4.4812500e+00  -7.7495671e-02
  -4.4687500e+00  -7.7891963e-02
  -4.4562500e+00  -7.8284607e-02
  -4.4437500e+00  -7.8673705e-02
  -4.4312500e+00  -7.9059361e-02
  -4.4187500e+00  -7.9441853e-02
  -4.4062500e+00  -7.9821287e-02
  -4.3937500e+00  -8.0197633e-02
  -4.3812500e+00  -8.0570879e-02
  -4.3687500e+00  -8.0941007e-02
  -4.3562500e+00  -8.1307947e-02
  -4.3437500e+00  -8.1671647e-02
  -4.3312500e+00  -8.2031866e-02
  -4.3187500e+00  -8.2388383e-02
  -4.3062500e+00  -8.2741124e-02
  -4.2937500e+00  -8.3089903e-02
  -4.2812500e+00  -8.3434865e-02
  -4.2687500e+00  -8.3776191e-02
  -4.2562500e+00  -8.4113976e-02
  -4.2437500e+00  -8.4448501e-02
  -4.2312500e+00  -8.4779987e-02
  -4.2187500e+00  -8.5108326e-02
  -4.2062500e+00  -8.5433105e-02
  -4.1937500e+00  -8.5754495e-02
  -4.1812500e+00  -8.6072936e-02
  -4.1687500e+00  -8.6388490e-02
  -4.1562500e+00  -8.6701299e-02
  -4.1437500e+00  -8.7011235e-02
  -4.1312500e+00  -8.7317679e-02
  -4.1187500e+00  -8.7619972e-02
  -4.1062500e+00  -8.7917783e-02
  -4.0937500e+00  -8.8211524e-02
  -4.0812500e+00  -8.8501867e-02
  -4.0687500e+00  -8.8789096e-02
  -4.0562500e+00  -8.9073471e-02
  -4.0437500e+00  -8.9355165e-02
  -4.0312500e+00  -8.9633671e-02
  -4.0187500e+00  -8.9908606e-02
  -4.0062500e+00  -9.0180105e-02
  -3.9937500e+00  -9.0448238e-02
  -3.9812500e+00  -9.0712885e-02
  -3.9687500e+00  -9.0973849e-02
  -3.9562500e+00  -9.1230861e-02
  -3.9437500e+00  -9.1483500e-02
  -3.9312500e+00  -9.1731935e-02
  -3.9187500e+00  -9.1976780e-02
  -3.9062500e+00  -9.2218135e-02
  -3.8937500e+00  -9.2455427e-02
  -3.8812500e+00  -9.2687938e-02
  -3.8687500e+00  -9.2915278e-02
  -3.8562500e+00  -9.3137324e-02
  -3.8437500e+00  -9.3354313e-02
  -3.8312500e+00  -9.3566570e-02
  -3.8187500e+00  -9.3774155e-02
  -3.8062500e+00  -9.3976950e-02
  -3.7937500e+00  -9.4175258e-02
  -3.7812500e+00  -9.4369481e-02
  -3.7687500e+00  -9.4559579e-02
  -3.7562500e+00  -9.4745599e-02
  -3.7437500e+00  -9.4927734e-02
  -3.7312500e+00  -9.5106130e-02
  -3.7187500e+00  -9.5280803e-02
  -3.7062500e+00  -9.5451835e-02
  -3.6937500e+00  -9.5619307e-02
  -3.6812500e+00  -9.5782491e-02
  -3.6687500e+00  -9.5940737e-02
  -3.6562500e+00  -9.6093963e-02
  -3.6437500e+00  -9.6242156e-02
  -3.6312500e+00  -9.6385648e-02
  -3.6187500e+00  -9.6524802e-02
  -3.6062500e+00  -9.6659780e-02
  -3.5937500e+00  -9.6790676e-02
  -3.5812500e+00  -9.6917501e-02
  -3.5687500e+00  -9.7040143e-02
  -3.5562500e+00  -9.7158591e-02
  -3.5437500e+00  -9.7272586e-02
  -3.5312500e+00  -9.7381723e-02
  -3.5187500e+00  -9.7485726e-02
  -3.5062500e+00  -9.7584905e-02
  -3.4937500e+00  -9.7679883e-02
  -3.4812500e+00  -9.7770713e-02
  -3.4687500e+00  -9.7857578e-02
  -3.4562500e+00  -9.7940459e-02
  -3.4437500e+00  -9.8019423e-02
  -3.4312500e+00  -9.8095199e-02
  -3.4187500e+00  -9.8168322e-02
  -3.4062500e+00  -9.8238873e-02
  -3.3937500e+00  -9.8306698e-02
  -3.3812500e+00  -9.8371947e-02
  -3.3687500e+00  -9.8435119e-02
  -3.3562500e+00  -9.8496123e-02
  -3.3437500e+00  -9.8554565e-02
  -3.3312500e+00  -9.8610162e-02
  -3.3187500e+00  -9.8662651e-02
  -3.3062500e+00  -9.8711828e-02
  -3.2937500e+00  -9.8757360e-02
  -3.2812500e+00  -9.8799188e-02
  -3.2687500e+00  -9.8837094e-02
  -3.2562500e+00  -9.8871040e-02
  -3.2437500e+00  -9.8901134e-02
  -3.2312500e+00  -9.8927172e-02
  -3.2187500e+00  -9.8948873e-02
  -3.2062500e+00  -9.8965973e-02
  -3.1937500e+00  -9.8978489e-02
  -3.1812500e+00  -9.8986481e-02
  -3.1687500e+00  -9.8989891e-02
  -3.1562500e+00  -9.8988525e-02
  -3.1437500e+00  -9.8982497e-02
  -3.1312500e+00  -9.8971918e-02
  -3.1187500e+00  -9.8956751e-02
  -3.1062500e+00  -9.8937319e-02
  -3.0937500e+00  -9.8913738e-02
  -3.0812500e+00  -9.8885945e-02
  -3.0687500e+00  -9.8853991e-02
  -3.0562500e+00  -9.8817783e-02
  -3.0437500e+00  -9.8777278e-02
  -3.0312500e+00  -9.8732783e-02
  -3.0187500e+00  -9.8684552e-02
  -3.0062500e+00  -9.8632798e-02
  -2.9937500e+00  -9.8577561e-02
  -2.9812500e+00  -9.8518647e-02
  -2.9687500e+00  -9.8455727e-02
  -2.9562500e+00  -9.8388796e-02
  -2.9437500e+00  -9.8318140e-02
  -2.9312500e+00  -9.8243145e-02
  -2.9187500e+00  -9.8163085e-02
  -2.9062500e+00  -9.8077772e-02
  -2.8937500e+00  -9.7987155e-02
  -2.8812500e+00  -9.7891159e-02
  -2.8687500e+00  -9.7789553e-02
  -2.8562500e+00  -9.7682508e-02
  -2.8437500e+00  -9.7570299e-02
  -2.8312500e+00  -9.7453069e-02
  -2.8187500e+00  -9.7331075e-02
  -2.8062500e+00  -9.7204593e-02
  -2.7937500e+00  -9.7073617e-02
  -2.7812500e+00  -9.6938073e-02
  -2.7687500e+00  -9.6798109e-02
  -2.7562500e+00  -9.6653868e-02
  -2.7437500e+00  -9.6505333e-02
  -2.7312500e+00  -9.6352600e-02
  -2.7187500e+00  -9.6195941e-02
  -2.7062500e+00  -9.6035502e-02
  -2.6937500e+00  -9.5871349e-02
  -2.6812500e+00  -9.5703176e-02
  -2.6687500e+00  -9.5530716e-02
  -2.6562500e+00  -9.5354029e-02
  -2.6437500e+00  -9.5173147e-02
  -2.6312500e+00  -9.4987906e-02
  -2.6187500e+00  -9.4798083e-02
  -2.6062500e+00  -9.4604157e-02
  -2.5937500e+00  -9.4406817e-02
  -2.5812500e+00  -9.4206439e-02
  -2.5687500e+00  -9.4003585e-02
  -2.5562500e+00  -9.3798721e-02
  -2.5437500e+00  -9.3591596e-02
  -2.5312500e+00  -9.3381634e-02
  -2.5187500e+00  -9.3168698e-02
  -2.5062500e+00  -9.2952632e-02
  -2.4937500e+00  -9.2733196e-02
  -2.4812500e+00  -9.2510454e-02
  -2.4687500e+00  -9.2284314e-02
  -2.4562500e+00  -9.2054403e-02
  -2.4437500e+00  -9.1820467e-02
  -2.4312500e+00  -9.1582424e-02
  -2.4187500e+00  -9.1340223e-02
  -2.4062500e+00  -9.1093801e-02
  -2.3937500e+00  -9.0842853e-02
  -2.3812500e+00  -9.0586980e-02
  -2.3687500e+00  -9.0326137e-02
  -2.3562500e+00  -9.0060525e-02
  -2.3437500e+00  -8.9790291e-02
  -2.3312500e+00  -8.9515223e-02
  -2.3187500e+00  -8.9235321e-02
  -2.3062500e+00  -8.8950782e-02
  -2.2937500e+00  -8.8661631e-02
  -2.2812500e+00  -8.8367869e-02
  -2.2687500e+00  -8.8069476e-02
  -2.2562500e+00  -8.7766884e-02
  -2.2437500e+00  -8.7460604e-02
  -2.2312500e+00  -8.7150522e-02
  -2.2187500e+00  -8.6836497e-02
  -2.2062500e+00  -8.6519002e-02
  -2.1937500e+00  -8.6198513e-02
  -2.1812500e+00  -8.5875054e-02
  -2.1687500e+00  -8.5548482e-02
  -2.1562500e+00  -8.5218781e-02
  -2.1437500e+00  -8.4886038e-02
  -2.1312500e+00  -8.4550340e-02
  -2.1187500e+00  -8.4211920e-02
  -2.1062500e+00  -8.3870860e-02
  -2.0937500e+00  -8.3527250e-02
  -2.0812500e+00  -8.3181205e-02
  -2.0687500e+00  -8.2832948e-02
  -2.0562500e+00  -8.2482247e-02
  -2.0437500e+00  -8.2128377e-02
  -2.0312500e+00  -8.1771123e-02
  -2.0187500e+00  -8.1410884e-02
  -2.0062500e+00  -8.1047743e-02
  -1.9937500e+00  -8.0681417e-02
  -1.9812500e+00  -8.0312076e-02
  -1.9687500e+00  -7.9939971e-02
  -1.9562500e+00  -7.9565344e-02
  -1.9437500e+00  -7.9188299e-02
  -1.9312500e+00  -7.8808786e-02
  -1.9187500e+00  -7.8426703e-02
  -1.9062500e+00  -7.8042015e-02
  -1.8937500e+00  -7.7654542e-02
  -1.8812500e+00  -7.7263841e-02
  -1.8687500e+00  -7.6870060e-02
  -1.8562500e+00  -7.6473926e-02
  -1.8437500e+00  -7.6075707e-02
  -1.8312500e+00  -7.5675285e-02
  -1.8187500e+00  -7.5272579e-02
  -1.8062500e+00  -7.4867214e-02
  -1.7937500e+00  -7.4458941e-02
  -1.7812500e+00  -7.4047966e-02
  -1.7687500e+00  -7.3634290e-02
  -1.7562500e+00  -7.3217684e-02
  -1.7437500e+00  -7.2798135e-02
  -1.7312500e+00  -7.2375829e-02
  -1.7187500e+00  -7.1950912e-02
  -1.7062500e+00  -7.1522857e-02
  -1.6937500e+00  -7.1090995e-02
  -1.6812500e+00  -7.0654783e-02
  -1.6687500e+00  -7.0213712e-02
  -1.6562500e+00  -6.9767679e-02
  -1.6437500e+00  -6.9316755e-02
  -1.6312500e+00  -6.8861230e-02
  -1.6187500e+00  -6.8401171e-02
  -1.6062500e+00  -6.7936631e-02
  -1.5937500e+00  -6.7468025e-02
  -1.5812500e+00  -6.6995938e-02
  -1.5687500e+00  -6.6520664e-02
  -1.5562500e+00  -6.6041998e-02
  -1.5437500e+00  -6.5559724e-02
  -1.5312500e+00  -6.5073509e-02
  -1.5187500e+00  -6.4583190e-02
  -1.5062500e+00  -6.4089201e-02
  -1.4937500e+00  -6.3591948e-02
  -1.4812500e+00  -6.3091654e-02
  -1.4687500e+00  -6.2588907e-02
  -1.4562500e+00  -6.2084258e-02
  -1.4437500e+00  -6.1577663e-02
  -1.4312500e+00  -6.1069014e-02
  -1.4187500e+00  -6.0557986e-02
  -1.4062500e+00  -6.0044350e-02
  -1.3937500e+00  -5.9528214e-02
  -1.3812500e+00  -5.9009574e-02
  -1.3687500e+00  -5.8488611e-02
  -1.3562500e+00  -5.7965568e-02
  -1.3437500e+00  -5.7440635e-02
  -1.3312500e+00  -5.6913807e-02
  -1.3187500e+00  -5.6384979e-02
  -1.3062500e+00  -5.5854096e-02
  -1.2937500e+00  -5.5321190e-02
  -1.2812500e+00  -5.4786169e-02
  -1.2687500e+00  -5.4248903e-02
  -1.2562500e+00  -5.3709422e-02
  -1.2437500e+00  -5.3167839e-02
  -1.2312500e+00  -5.2624435e-02
  -1.2187500e+00  -5.2079043e-02
  -1.2062500e+00  -5.1531404e-02
  -1.1937500e+00  -5.0981755e-02
  -1.1812500e+00  -5.0430137e-02
  -1.1687500e+00  -4.9876673e-02
  -1.1562500e+00  -4.9321905e-02
  -1.1437500e+00  -4.8765971e-02
  -1.1312500e+00  -4.8208620e-02
  -1.1187500e+00  -4.7649521e-02
  -1.1062500e+00  -4.7088482e-02
  -1.0937500e+00  -4.6525191e-02
  -1.0812500e+00  -4.5959232e-02
  -1.0687500e+00  -4.5390336e-02
  -1.0562500e+00  -4.4818416e-02
  -1.0437500e+00  -4.4243897e-02
  -1.0312500e+00  -4.3667470e-02
  -1.0187500e+00  -4.3089389e-02
  -1.0062500e+00  -4.2509533e-02
  -9.9375000e-01  -4.1927793e-02
  -9.8125000e-01  -4.1343899e-02
  -9.6875000e-01  -4.0757362e-02
  -9.5625000e-01  -4.0167737e-02
  -9.4375000e-01  -3.9575126e-02
  -9.3125000e-01  -3.8979688e-02
  -9.1875000e-01  -3.8381941e-02
  -9.0625000e-01  -3.7782091e-02
  -8.9375000e-01  -3.7179919e-02
  -8.8125000e-01  -3.6575896e-02
  -8.6875000e-01  -3.5970528e-02
  -8.5625000e-01  -3.5363785e-02
  -8.4375000e-01  -3.4755753e-02
  -8.3125000e-01  -3.4146731e-02
  -8.1875000e-01  -3.3536762e-02
  -8.0625000e-01  -3.2926052e-02
  -7.9375000e-01  -3.2314923e-02
  -7.8125000e-01  -3.1703747e-02
  -7.6875000e-01  -3.1092622e-02
  -7.5625000e-01  -3.0480945e-02
  -7.4375000e-01  -2.9868515e-02
  -7.3125000e-01  -2.9255557e-02
  -7.1875000e-01  -2.8642235e-02
  -7.0625000e-01  -2.8028698e-02
  -6.9375000e-01  -2.7414640e-02
  -6.8125000e-01  -2.6799777e-02
  -6.6875000e-01  -2.6183919e-02
  -6.5625000e-01  -2.5567017e-02
  -6.4375000e-01  -2.4949069e-02
  -6.3125000e-01  -2.4329896e-02
  -6.1875000e-01  -2.3709398e-02
  -6.0625000e-01  -2.3087616e-02
  -5.9375000e-01  -2.2464535e-02
  -5.8125000e-01  -2.1839776e-02
  -5.6875000e-01  -2.1213203e-02
  -5.5625000e-01  -2.0585009e-02
  -5.4375000e-01  -1.9955147e-02
  -5.3125000e-01  -1.9323880e-02
  -5.1875000e-01  -1.8691556e-02
  -5.0625000e-01  -1.8058385e-02
  -4.9375000e-01  -1.7424464e-02
  -4.8125000e-01  -1.6789950e-02
  -4.6875000e-01  -1.6154958e-02
  -4.5625000e-01  -1.5519340e-02
  -4.4375000e-01  -1.4883164e-02
  -4.3125000e-01  -1.4246362e-02
  -4.1875000e-01  -1.3608837e-02
  -4.0625000e-01  -1.2970518e-02
  -3.9375000e-01  -1.2331296e-02
  -3.8125000e-01  -1.1691425e-02
  -3.6875000e-01  -1.1051011e-02
  -3.5625000e-01  -1.0410109e-02
  -3.4375000e-01  -9.7688207e-03
  -3.3125000e-01  -9.1273279e-03
  -3.1875000e-01  -8.4863435e-03
  -3.0625000e-01  -7.8463523e-03
  -2.9375000e-01  -7.2075090e-03
  -2.8125000e-01  -6.5696429e-03
  -2.6875000e-01  -5.9325059e-03
  -2.5625000e-01  -5.2963436e-03
  -2.4375000e-01  -4.6615583e-03
  -2.3125000e-01  -4.0284101e-03
  -2.1875000e-01  -3.3968516e-03
  -2.0625000e-01  -2.7667103e-03
  -1.9375000e-01  -2.1381498e-03
  -1.8125000e-01  -1.5112764e-03
  -1.6875000e-01  -8.8599138e-04
  -1.5625000e-01  -2.6203261e-04
  -1.4375000e-01   3.6092877e-04
  -1.3125000e-01   9.8301773e-04
  -1.1875000e-01   1.6043376e-03
  -1.0625000e-01   2.2251216e-03
  -9.3750000e-02   2.8456654e-03
  -8.1250000e-02   3.4664055e-03
  -6.8750000e-02   4.0883086e-03
  -5.6250000e-02   4.7122989e-03
  -4.3750000e-02   5.3392831e-03
  -3.1250000e-02   5.9710531e-03
  -1.8750000e-02   6.6113428e-03
  -6.2500000e-03   7.2679987e-03
   6.2500000e-03   7.9763617e-03
   1.8750000e-02   8.6062039e-03
   3.1250000e-02   9.2083689e-03
   4.3750000e-02   9.7920736e-03
   5.6250000e-02   1.0361122e-02
   6.8750000e-02   1.0917402e-02
   8.1250000e-02   1.1461987e-02
   9.3750000e-02   1.1995715e-02
   1.0625000e-01   1.2519306e-02
   1.1875000e-01   1.3033252e-02
   1.3125000e-01   1.3538312e-02
   1.4375000e-01   1.4035290e-02
   1.5625000e-01   1.4524499e-02
   1.6875000e-01   1.5006138e-02
   1.8125000e-01   1.5479973e-02
   1.9375000e-01   1.5945742e-02
   2.0625000e-01   1.6403679e-02
   2.1875000e-01   1.6853907e-02
   2.3125000e-01   1.7296314e-02
   2.4375000e-01   1.7730941e-02
   2.5625000e-01   1.8158431e-02
   2.6875000e-01   1.8578952e-02
   2.8125000e-01   1.8992241e-02
   2.9375000e-01   1.9398657e-02
   3.0625000e-01   1.9798424e-02
   3.1875000e-01   2.0191577e-02
   3.3125000e-01   2.0578224e-02
   3.4375000e-01   2.0958778e-02
   3.5625000e-01   2.1333086e-02
   3.6875000e-01   2.1700963e-02
   3.8125000e-01   2.2062812e-02
   3.9375000e-01   2.2418834e-02
   4.0625000e-01   2.2768990e-02
   4.1875000e-01   2.3113022e-02
   4.3125000e-01   2.3450914e-02
   4.4375000e-01   2.3782930e-02
   4.5625000e-01   2.4109179e-02
   4.6875000e-01   2.4429886e-02
   4.8125000e-01   2.4745421e-02
   4.9375000e-01   2.5055801e-02
   5.0625000e-01   2.5360632e-02
   5.1875000e-01   2.5659765e-02
   5.3125000e-01   2.5953468e-02
   5.4375000e-01   2.6241911e-02
   5.5625000e-01   2.6525364e-02
   5.6875000e-01   2.6803954e-02
   5.8125000e-01   2.7077294e-02
   5.9375000e-01   2.7345064e-02
   6.0625000e-01   2.7606962e-02
   6.1875000e-01   2.7862742e-02
   6.3125000e-01   2.8112405e-02
   6.4375000e-01   2.8356048e-02
   6.5625000e-01   2.8593813e-02
   6.6875000e-01   2.8825474e-02
   6.8125000e-01   2.9050654e-02
   6.9375000e-01   2.9269201e-02
   7.0625000e-01   2.9481283e-02
   7.1875000e-01   2.9686957e-02
   7.3125000e-01   2.9886087e-02
   7.4375000e-01   3.0078715e-02
   7.5625000e-01   3.0265031e-02
   7.6875000e-01   3.0444618e-02
   7.8125000e-01   3.0617048e-02
   7.9375000e-01   3.0782178e-02
   8.0625000e-01   3.0939801e-02
   8.1875000e-01   3.1090116e-02
   8.3125000e-01   3.1233574e-02
   8.4375000e-01   3.1370848e-02
   8.5625000e-01   3.1502446e-02
   8.6875000e-01   3.1628699e-02
   8.8125000e-01   3.1749838e-02
   8.9375000e-01   3.1866161e-02
   9.0625000e-01   3.1977987e-02
   9.1875000e-01   3.2085273e-02
   9.3125000e-01   3.2187744e-02
   9.4375000e-01   3.2285560e-02
   9.5625000e-01   3.2379092e-02
   9.6875000e-01   3.2468157e-02
   9.8125000e-01   3.2552728e-02
   9.9375000e-01   3.2632625e-02
   1.0062500e+00   3.2707244e-02
   1.0187500e+00   3.2776494e-02
   1.0312500e+00   3.2840734e-02
   1.0437500e+00   3.2900153e-02
   1.0562500e+00   3.2954821e-02
   1.0687500e+00   3.3004560e-02
   1.0812500e+00   3.3049050e-02
   1.0937500e+00   3.3088435e-02
   1.1062500e+00   3.3122930e-02
   1.1187500e+00   3.3152316e-02
   1.1312500e+00   3.3176312e-02
   1.1437500e+00   3.3195033e-02
   1.1562500e+00   3.3208550e-02
   1.1687500e+00   3.3216787e-02
   1.1812500e+00   3.3220084e-02
   1.1937500e+00   3.3218982e-02
   1.2062500e+00   3.3213968e-02
   1.2187500e+00   3.3204969e-02
   1.2312500e+00   3.3191978e-02
   1.2437500e+00   3.3175649e-02
   1.2562500e+00   3.3156376e-02
   1.2687500e+00   3.3134209e-02
   1.2812500e+00   3.3108891e-02
   1.2937500e+00   3.3080379e-02
   1.3062500e+00   3.3048705e-02
   1.3187500e+00   3.3013986e-02
   1.3312500e+00   3.2976607e-02
   1.3437500e+00   3.2936645e-02
   1.3562500e+00   3.2894089e-02
   1.3687500e+00   3.2848827e-02
   1.3812500e+00   3.2800367e-02
   1.3937500e+00   3.2748481e-02
   1.4062500e+00   3.2693444e-02
   1.4187500e+00   3.2635385e-02
   1.4312500e+00   3.2574269e-02
   1.4437500e+00   3.2510474e-02
   1.4562500e+00   3.2444141e-02
   1.4687500e+00   3.2375127e-02
   1.4812500e+00   3.2303419e-02
   1.4937500e+00   3.2229255e-02
   1.5062500e+00   3.2153023e-02
   1.5187500e+00   3.2074646e-02
   1.5312500e+00   3.1993629e-02
   1.5437500e+00   3.1909494e-02
   1.5562500e+00   3.1822090e-02
   1.5687500e+00   3.1731807e-02
   1.5812500e+00   3.1639156e-02
   1.5937500e+00   3.1544109e-02
   1.6062500e+00   3.1446706e-02
   1.6187500e+00   3.1347078e-02
   1.6312500e+00   3.1245417e-02
   1.6437500e+00   3.1141881e-02
   1.6562500e+00   3.1036395e-02
   1.6687500e+00   3.0928742e-02
   1.6812500e+00   3.0818927e-02
   1.6937500e+00   3.0706811e-02
   1.7062500e+00   3.0592381e-02
   1.7187500e+00   3.0475894e-02
   1.7312500e+00   3.0357168e-02
   1.7437500e+00   3.0236063e-02
   1.7562500e+00   3.0112673e-02
   1.7687500e+00   2.9986860e-02
   1.7812500e+00   2.9858601e-02
   1.7937500e+00   2.9728285e-02
   1.8062500e+00   2.9596192e-02
   1.8187500e+00   2.9462385e-02
   1.8312500e+00   2.9326986e-02
   1.8437500e+00   2.9190107e-02
   1.8562500e+00   2.9051796e-02
   1.8687500e+00   2.8912355e-02
   1.8812500e+00   2.8771985e-02
   1.8937500e+00   2.8630643e-02
   1.9062500e+00   2.8488448e-02
   1.9187500e+00   2.8345622e-02
   1.9312500e+00   2.8202219e-02
   1.9437500e+00   2.8058045e-02
   1.9562500e+00   2.7912954e-02
   1.9687500e+00   2.7766643e-02
   1.9812500e+00   2.7619037e-02
   1.9937500e+00   2.7470464e-02
   2.0062500e+00   2.7320967e-02
   2.0187500e+00   2.7170684e-02
   2.0312500e+00   2.7019819e-02
   2.0437500e+00   2.6867902e-02
   2.0562500e+00   2.6714546e-02
   2.0687500e+00   2.6559486e-02
   2.0812500e+00   2.6402595e-02
   2.0937500e+00   2.6244376e-02
   2.1062500e+00   2.6085354e-02
   2.1187500e+00   2.5925407e-02
   2.1312500e+00   2.5764237e-02
   2.1437500e+00   2.5601687e-02
   2.1562500e+00   2.5437681e-02
   2.1687500e+00   2.5272484e-02
   2.1812500e+00   2.5106220e-02
   2.1937500e+00   2.4938877e-02
   2.2062500e+00   2.4770435e-02
   2.2187500e+00   2.4600820e-02
   2.2312500e+00   2.4430129e-02
   2.2437500e+00   2.4258587e-02
   2.2562500e+00   2.4086340e-02
   2.2687500e+00   2.3913594e-02
   2.2812500e+00   2.3740514e-02
   2.2937500e+00   2.3566884e-02
   2.3062500e+00   2.3392757e-02
   2.3187500e+00   2.3218388e-02
   2.3312500e+00   2.3043817e-02
   2.3437500e+00   2.2868868e-02
   2.3562500e+00   2.2693396e-02
   2.3687500e+00   2.2517824e-02
   2.3812500e+00   2.2342421e-02
   2.3937500e+00   2.2167186e-02
   2.4062500e+00   2.1992156e-02
   2.4187500e+00   2.1817644e-02
   2.4312500e+00   2.1643814e-02
   2.4437500e+00   2.1470727e-02
   2.4562500e+00   2.1298644e-02
   2.4687500e+00   2.1127511e-02
   2.4812500e+00   2.0957053e-02
   2.4937500e+00   2.0787085e-02
   2.5062500e+00   2.0617782e-02
   2.5187500e+00   2.0449181e-02
   2.5312500e+00   2.0281093e-02
   2.5437500e+00   2.0113452e-02
   2.5562500e+00   1.9946364e-02
   2.5687500e+00   1.9779949e-02
   2.5812500e+00   1.9614361e-02
   2.5937500e+00   1.9449653e-02
   2.6062500e+00   1.9285804e-02
   2.6187500e+00   1.9122803e-02
   2.6312500e+00   1.8960538e-02
   2.6437500e+00   1.8798791e-02
   2.6562500e+00   1.8637507e-02
   2.6687500e+00   1.8476810e-02
   2.6812500e+00   1.8316865e-02
   2.6937500e+00   1.8157651e-02
   2.7062500e+00   1.7999083e-02
   2.7187500e+00   1.7841058e-02
   2.7312500e+00   1.7683439e-02
   2.7437500e+00   1.7526569e-02
   2.7562500e+00   1.7370593e-02
   2.7687500e+00   1.7215086e-02
   2.7812500e+00   1.7059879e-02
   2.7937500e+00   1.6905390e-02
   2.8062500e+00   1.6751861e-02
   2.8187500e+00   1.6599209e-02
   2.8312500e+00   1.6447955e-02
   2.8437500e+00   1.6298464e-02
   2.8562500e+00   1.6150528e-02
   2.8687500e+00   1.6004270e-02
   2.8812500e+00   1.5859841e-02
   2.8937500e+00   1.5717163e-02
   2.9062500e+00   1.5575828e-02
   2.9187500e+00   1.5435522e-02
   2.9312500e+00   1.5296102e-02
   2.9437500e+00   1.5157325e-02
   2.9562500e+00   1.5019159e-02
   2.9687500e+00   1.4881751e-02
   2.9812500e+00   1.4745377e-02
   2.9937500e+00   1.4610016e-02
   3.0062500e+00   1.4475550e-02
   3.0187500e+00   1.4341947e-02
   3.0312500e+00   1.4209363e-02
   3.0437500e+00   1.4078066e-02
   3.0562500e+00   1.3947674e-02
   3.0687500e+00   1.3817482e-02
   3.0812500e+00   1.3687389e-02
   3.0937500e+00   1.3557779e-02
   3.1062500e+00   1.3428532e-02
   3.1187500e+00   1.3299457e-02
   3.1312500e+00   1.3170392e-02
   3.1437500e+00   1.3041296e-02
   3.1562500e+00   1.2912266e-02
   3.1687500e+00   1.2782997e-02
   3.1812500e+00   1.2653504e-02
   3.1937500e+00   1.2524014e-02
   3.2062500e+00   1.2394476e-02
   3.2187500e+00   1.2264874e-02
   3.2312500e+00   1.2135499e-02
   3.2437500e+00   1.2006539e-02
   3.2562500e+00   1.1877832e-02
   3.2687500e+00   1.1749158e-02
   3.2812500e+00   1.1620266e-02
   3.2937500e+00   1.1491349e-02
   3.3062500e+00   1.1362829e-02
   3.3187500e+00   1.1234751e-02
   3.3312500e+00   1.1107111e-02
   3.3437500e+00   1.0980011e-02
   3.3562500e+00   1.0853342e-02
   3.3687500e+00   1.0727205e-02
   3.3812500e+00   1.0601687e-02
   3.3937500e+00   1.0476986e-02
   3.4062500e+00   1.0353268e-02
   3.4187500e+00   1.0230299e-02
   3.4312500e+00   1.0107921e-02
   3.4437500e+00   9.9862411e-03
   3.4562500e+00   9.8655544e-03
   3.4687500e+00   9.7456975e-03
   3.4812500e+00   9.6262789e-03
   3.4937500e+00   9.5073158e-03
   3.5062500e+00   9.3888444e-03
   3.5187500e+00   9.2707776e-03
   3.5312500e+00   9.1532553e-03
   3.5437500e+00   9.0363238e-03
   3.5562500e+00   8.9200263e-03
   3.5687500e+00   8.8042695e-03
   3.5812500e+00   8.6889439e-03
   3.5937500e+00   8.5741757e-03
   3.6062500e+00   8.4603204e-03
   3.6187500e+00   8.3474860e-03
   3.6312500e+00   8.2358007e-03
   3.6437500e+00   8.1253121e-03
   3.6562500e+00   8.0156665e-03
   3.6687500e+00   7.9066187e-03
   3.6812500e+00   7.7979713e-03
   3.6937500e+00   7.6897670e-03
   3.7062500e+00   7.5823870e-03
   3.7187500e+00   7.4763482e-03
   3.7312500e+00   7.3720400e-03
   3.7437500e+00   7.2698800e-03
   3.7562500e+00   7.1700810e-03
   3.7687500e+00   7.0724186e-03
   3.7812500e+00   6.9771569e-03
   3.7937500e+00   6.8842774e-03
   3.8062500e+00   6.7931743e-03
   3.8187500e+00   6.7037956e-03
   3.8312500e+00   6.6160614e-03
   3.8437500e+00   6.5295755e-03
   3.8562500e+00   6.4444928e-03
   3.8687500e+00   6.3611531e-03
   3.8812500e+00   6.2797360e-03
   3.8937500e+00   6.2004230e-03
   3.9062500e+00   6.1231397e-03
   3.9187500e+00   6.0478184e-03
   3.9312500e+00   5.9742646e-03
   3.9437500e+00   5.9024214e-03
   3.9562500e+00   5.8322227e-03
   3.9687500e+00   5.7634021e-03
   3.9812500e+00   5.6961252e-03
   3.9937500e+00   5.6306797e-03
   4.0062500e+00   5.5674379e-03
   4.0187500e+00   5.5061991e-03
   4.0312500e+00   5.4463326e-03
   4.0437500e+00   5.3874101e-03
   4.0562500e+00   5.3289070e-03
   4.0687500e+00   5.2705864e-03
   4.0812500e+00   5.2123394e-03
   4.0937500e+00   5.1539386e-03
   4.1062500e+00   5.0953622e-03
   4.1187500e+00   5.0365598e-03
   4.1312500e+00   4.9773665e-03
   4.1437500e+00   4.9178107e-03
   4.1562500e+00   4.8582677e-03
   4.1687500e+00   4.7989864e-03
   4.1812500e+00   4.7398343e-03
   4.1937500e+00   4.6807962e-03
   4.2062500e+00   4.6216226e-03
   4.2187500e+00   4.5619625e-03
   4.2312500e+00   4.5018424e-03
   4.2437500e+00   4.4415527e-03
   4.2562500e+00   4.3810977e-03
   4.2687500e+00   4.3205327e-03
   4.2812500e+00   4.2603376e-03
   4.2937500e+00   4.2008020e-03
   4.3062500e+00   4.1418746e-03
   4.3187500e+00   4.0834790e-03
   4.3312500e+00   4.0253934e-03
   4.3437500e+00   3.9673309e-03
   4.3562500e+00   3.9091969e-03
   4.3687500e+00   3.8509599e-03
   4.3812500e+00   3.7926821e-03
   4.3937500e+00   3.7343571e-03
   4.4062500e+00   3.6760303e-03
   4.4187500e+00   3.6179176e-03
   4.4312500e+00   3.5600323e-03
   4.4437500e+00   3.5023900e-03
   4.4562500e+00   3.4453051e-03
   4.4687500e+00   3.3888319e-03
   4.4812500e+00   3.3328588e-03
   4.4937500e+00   3.2776378e-03
   4.5062500e+00   3.2235099e-03
   4.5187500e+00   3.1704373e-03
   4.5312500e+00   3.1185977e-03
   4.5437500e+00   3.0682238e-03
   4.5562500e+00   3.0191603e-03
   4.5687500e+00   2.9711247e-03
   4.5812500e+00   2.9239018e-03
   4.5937500e+00   2.8774904e-03
   4.6062500e+00   2.8321638e-03
   4.6187500e+00   2.7876325e-03
   4.6312500e+00   2.7434544e-03
   4.6437500e+00   2.6996717e-03
   4.6562500e+00   2.6564934e-03
   4.6687500e+00   2.6140519e-03
   4.6812500e+00   2.5724409e-03
   4.6937500e+00   2.5318391e-03
   4.7062500e+00   2.4922927e-03
   4.7187500e+00   2.4537634e-03
   4.7312500e+00   2.4162169e-03
   4.7437500e+00   2.3797657e-03
   4.7562500e+00   2.3443950e-03
   4.7687500e+00   2.3103118e-03
   4.7812500e+00   2.2778275e-03
   4.7937500e+00   2.2469154e-03
   4.8062500e+00   2.2177642e-03
   4.8187500e+00   2.1902370e-03
   4.8312500e+00   2.1639249e-03
   4.8437500e+00   2.1387984e-03
   4.8562500e+00   2.1148071e-03
   4.8687500e+00   2.0917788e-03
   4.8812500e+00   2.0695325e-03
   4.8937500e+00   2.0480494e-03
   4.9062500e+00   2.0269787e-03
   4.9187500e+00   2.0061209e-03
   4.9312500e+00   1.9856488e-03
   4.9437500e+00   1.9653228e-03
   4.9562500e+00   1.9449172e-03
   4.9687500e+00   1.9242796e-03
   4.9812500e+00   1.9033428e-03
   4.9937500e+00   1.8821793e-03
   5.0062500e+00   1.8607985e-03
   5.0187500e+00   1.8391375e-03
   5.0312500e+00   1.8172983e-03
   5.0437500e+00   1.7955979e-03
   5.0562500e+00   1.7740619e-03
   5.0687500e+00   1.7522781e-03
   5.0812500e+00   1.7297091e-03
   5.0937500e+00   1.7061180e-03
   5.1062500e+00   1.6815387e-03
   5.1187500e+00   1.6558999e-03
   5.1312500e+00   1.6292025e-03
   5.1437500e+00   1.6019175e-03
   5.1562500e+00   1.5745750e-03
   5.1687500e+00   1.5472763e-03
   5.1812500e+00   1.5198292e-03
   5.1937500e+00   1.4927969e-03
   5.2062500e+00   1.4669726e-03
   5.2187500e+00   1.4424595e-03
   5.2312500e+00   1.4192165e-03
   5.2437500e+00   1.3972398e-03
   5.2562500e+00   1.3761528e-03
   5.2687500e+00   1.3559130e-03
   5.2812500e+00   1.3367022e-03
   5.2937500e+00   1.3182315e-03
   5.3062500e+00   1.2999715e-03
   5.3187500e+00   1.2817392e-03
   5.3312500e+00   1.2635370e-03
   5.3437500e+00   1.2452831e-03
   5.3562500e+00   1.2270589e-03
   5.3687500e+00   1.2087899e-03
   5.3812500e+00   1.1903888e-03
   5.3937500e+00   1.1719437e-03
   5.4062500e+00   1.1535594e-03
   5.4187500e+00   1.1350427e-03
   5.4312500e+00   1.1162388e-03
   5.4437500e+00   1.0973447e-03
   5.4562500e+00   1.0783101e-03
   5.4687500e+00   1.0589040e-03
   5.4812500e+00   1.0390480e-03
   5.4937500e+00   1.0186310e-03
   5.5062500e+00   9.9766545e-04
   5.5187500e+00   9.7650839e-04
   5.5312500e+00   9.5545544e-04
   5.5437500e+00   9.3444016e-04
   5.5562500e+00   9.1371309e-04
   5.5687500e+00   8.9369039e-04
   5.5812500e+00   8.7465084e-04
   5.5937500e+00   8.5722151e-04
   5.6062500e+00   8.4186882e-04
   5.6187500e+00   8.2853206e-04
   5.6312500e+00   8.1715265e-04
   5.6437500e+00   8.0733447e-04
   5.6562500e+00   7.9845272e-04
   5.6687500e+00   7.9006687e-04
   5.6812500e+00   7.8193452e-04
   5.6937500e+00   7.7376433e-04
   5.7062500e+00   7.6510164e-04
   5.7187500e+00   7.5564069e-04
   5.7312500e+00   7.4499073e-04
   5.7437500e+00   7.3281874e-04
   5.7562500e+00   7.1916390e-04
   5.7687500e+00   7.0428177e-04
   5.7812500e+00   6.8825480e-04
   5.7937500e+00   6.7152390e-04
   5.8062500e+00   6.5458180e-04
   5.8187500e+00   6.3754530e-04
   5.8312500e+00   6.2034661e-04
   5.8437500e+00   6.0302179e-04
   5.8562500e+00   5.8550737e-04
   5.8687500e+00   5.6759866e-04
   5.8812500e+00   5.4935691e-04
   5.8937500e+00   5.3090238e-04
   5.9062500e+00   5.1236392e-04
   5.9187500e+00   4.9401547e-04
   5.9312500e+00   4.7590456e-04
   5.9437500e+00   4.5786876e-04
   5.9562500e+00   4.4007889e-04
   5.9687500e+00   4.2244213e-04
   5.9812500e+00   4.0492085e-04
   5.9937500e+00   3.8767266e-04
   6.0062500e+00   3.7060330e-04
   6.0187500e+00   3.5400820e-04
   6.0312500e+00   3.3843207e-04
   6.0437500e+00   3.2407190e-04
   6.0562500e+00   3.1101328e-04
   6.0687500e+00   2.9931865e-04
   6.0812500e+00   2.8874681e-04
   6.0937500e+00   2.7923618e-04
   6.1062500e+00   2.7092608e-04
   6.1187500e+00   2.6343545e-04
   6.1312500e+00   2.5635154e-04
   6.1437500e+00   2.4950252e-04
   6.1562500e+00   2.4273260e-04
   6.1687500e+00   2.3618654e-04
   6.1812500e+00   2.3012826e-04
   6.1937500e+00   2.2484785e-04
   6.2062500e+00   2.2054893e-04
   6.2187500e+00   2.1701805e-04
   6.2312500e+00   2.1398852e-04
   6.2437500e+00   2.1155834e-04
   6.2562500e+00   2.1028108e-04
   6.2687500e+00   2.1048545e-04
   6.2812500e+00   2.1228579e-04
   6.2937500e+00   2.1554332e-04
   6.3062500e+00   2.1998020e-04
   6.3187500e+00   2.2562628e-04
   6.3312500e+00   2.3247386e-04
   6.3437500e+00   2.4047199e-04
   6.3562500e+00   2.4930633e-04
   6.3687500e+00   2.5883691e-04
   6.3812500e+00   2.6912409e-04
   6.3937500e+00   2.7973617e-04
   6.4062500e+00   2.9011590e-04
   6.4187500e+00   2.9978475e-04
   6.4312500e+00   3.0802515e-04
   6.4437500e+00   3.1462161e-04
   6.4562500e+00   3.1984773e-04
   6.4687500e+00   3.2369982e-04
   6.4812500e+00   3.2641059e-04
   6.4937500e+00   3.2836763e-04
   6.5062500e+00   3.2959091e-04
   6.5187500e+00   3.3018530e-04
   6.5312500e+00   3.3013998e-04
   6.5437500e+00   3.2941731e-04
   6.5562500e+00   3.2809497e-04
   6.5687500e+00   3.2627355e-04
   6.5812500e+00   3.2423259e-04
   6.5937500e+00   3.2214463e-04
   6.6062500e+00   3.2017671e-04
   6.6187500e+00   3.1852453e-04
   6.6312500e+00   3.1727206e-04
   6.6437500e+00   3.1656765e-04
   6.6562500e+00   3.1628654e-04
   6.6687500e+00   3.1650568e-04
   6.6812500e+00   3.1732617e-04
   6.6937500e+00   3.1829969e-04
   6.7062500e+00   3.1936449e-04
   6.7187500e+00   3.2028882e-04
   6.7312500e+00   3.2041870e-04
   6.7437500e+00   3.1914378e-04
   6.7562500e+00   3.1635447e-04
   6.7687500e+00   3.1221225e-04
   6.7812500e+00   3.0691715e-04
   6.7937500e+00   3.0038338e-04
   6.8062500e+00   2.9252154e-04
   6.8187500e+00   2.8353506e-04
   6.8312500e+00   2.7353414e-04
   6.8437500e+00   2.6262849e-04
   6.8562500e+00   2.5094999e-04
   6.8687500e+00   2.3833339e-04
   6.8812500e+00   2.2462348e-04
   6.8937500e+00   2.1038365e-04
   6.9062500e+00   1.9591242e-04
   6.9187500e+00   1.8108185e-04
   6.9312500e+00   1.6623577e-04
   6.9437500e+00   1.5166915e-04
   6.9562500e+00   1.3749368e-04
   6.9687500e+00   1.2395586e-04
   6.9812500e+00   1.1126336e-04
   6.9937500e+00   9.9663984e-05
   7.0062500e+00   8.9120335e-05
   7.0187500e+00   7.9318639e-05
   7.0312500e+00   7.0217327e-05
   7.0437500e+00   6.2070100e-05
   7.0562500e+00   5.5239490e-05
   7.0687500e+00   4.9884531e-05
   7.0812500e+00   4.5526193e-05
   7.0937500e+00   4.1646528e-05
   7.1062500e+00   3.8085187e-05
   7.1187500e+00   3.4826837e-05
   7.1312500e+00   3.2098143e-05
   7.1437500e+00   3.0091656e-05
   7.1562500e+00   2.8907413e-05
   7.1687500e+00   2.8570895e-05
   7.1812500e+00   2.9235657e-05
   7.1937500e+00   3.1280562e-05
   7.2062500e+00   3.4455622e-05
   7.2187500e+00   3.8266069e-05
   7.2312500e+00   4.2683858e-05
   7.2437500e+00   4.7522087e-05
   7.2562500e+00   5.2380663e-05
   7.2687500e+00   5.7064273e-05
   7.2812500e+00   6.1474852e-05
   7.2937500e+00   6.5070836e-05
   7.3062500e+00   6.7694274e-05
   7.3187500e+00   6.9722649e-05
   7.3312500e+00   7.0729349e-05
   7.3437500e+00   7.0170527e-05
   7.3562500e+00   6.7999897e-05
   7.3687500e+00   6.4374663e-05
   7.3812500e+00   5.9358743e-05
   7.3937500e+00   5.2833668e-05
   7.4062500e+00   4.4707819e-05
   7.4187500e+00   3.5121234e-05
   7.4312500e+00   2.4541487e-05
   7.4437500e+00   1.3501606e-05
   7.4562500e+00   2.3372732e-06
   7.4687500e+00  -8.8671497e-06
   7.4812500e+00  -1.9976745e-05
   7.4937500e+00  -3.0951569e-05
   7.5062500e+00  -4.1960901e-05
   7.5187500e+00  -5.3021225e-05
   7.5312500e+00  -6.3868634e-05
   7.5437500e+00  -7.4191559e-05
   7.5562500e+00  -8.3810010e-05
   7.5687500e+00  -9.2597983e-05
   7.5812500e+00  -1.0022882e-04
   7.5937500e+00  -1.0651760e-04
   7.6062500e+00  -1.1142077e-04
   7.6187500e+00  -1.1491152e-04
   7.6312500e+00  -1.1715883e-04
   7.6437500e+00  -1.1796151e-04
   7.6562500e+00  -1.1719512e-04
   7.6687500e+00  -1.1506862e-04
   7.6812500e+00  -1.1165727e-04
   7.6937500e+00  -1.0702790e-04
   7.7062500e+00  -1.0144365e-04
   7.7187500e+00  -9.5080713e-05
   7.7312500e+00  -8.7973078e-05
   7.7437500e+00  -8.0127988e-05
   7.7562500e+00  -7.1749469e-05
   7.7687500e+00  -6.3074208e-05
   7.7812500e+00  -5.3967983e-05
   7.7937500e+00  -4.4411085e-05
   7.8062500e+00  -3.4630212e-05
   7.8187500e+00  -2.5027650e-05
   7.8312500e+00  -1.5600364e-05
   7.8437500e+00  -6.1453455e-06
   7.8562500e+00   3.3285411e-06
   7.8687500e+00   1.2667945e-05
   7.8812500e+00   2.1314308e-05
   7.8937500e+00   2.9052221e-05
   7.9062500e+00   3.5850199e-05
   7.9187500e+00   4.1557123e-05
   7.9312500e+00   4.6404189e-05
   7.9437500e+00   5.0446116e-05
   7.9562500e+00   5.3623440e-05
   7.9687500e+00   5.6306015e-05
   7.9812500e+00   5.8849202e-05
   7.9937500e+00   6.1566817e-05
   8.0062500e+00   6.4400089e-05
   8.0187500e+00   6.6955420e-05
   8.0312500e+00   6.9058197e-05
   8.0437500e+00   7.0729430e-05
   8.0562500e+00   7.2243602e-05
   8.0687500e+00   7.4102825e-05
   8.0812500e+00   7.6711083e-05
   8.0937500e+00   7.9916431e-05
   8.1062500e+00   8.3213051e-05
   8.1187500e+00   8.6519098e-05
   8.1312500e+00   9.0151440e-05
   8.1437500e+00   9.4176645e-05
   8.1562500e+00   9.8478552e-05
   8.1687500e+00   1.0284196e-04
   8.1812500e+00   1.0690941e-04
   8.1937500e+00   1.1052412e-04
   8.2062500e+00   1.1379440e-04
   8.2187500e+00   1.1708556e-04
   8.2312500e+00   1.2072537e-04
   8.2437500e+00   1.2459997e-04
   8.2562500e+00   1.2846810e-04
   8.2687500e+00   1.3217829e-04
   8.2812500e+00   1.3563159e-04
   8.2937500e+00   1.3869315e-04
   8.3062500e+00   1.4115820e-04
   8.3187500e+00   1.4320022e-04
   8.3312500e+00   1.4522426e-04
   8.3437500e+00   1.4747889e-04
   8.3562500e+00   1.4980519e-04
   8.3687500e+00   1.5198806e-04
   8.3812500e+00   1.5372628e-04
   8.3937500e+00   1.5485573e-04
   8.4062500e+00   1.5543766e-04
   8.4187500e+00   1.5549305e-04
   8.4312500e+00   1.5551499e-04
   8.4437500e+00   1.5590980e-04
   8.4562500e+00   1.5673011e-04
   8.4687500e+00   1.5776249e-04
   8.4812500e+00   1.5859845e-04
   8.4937500e+00   1.5912868e-04
   8.5062500e+00   1.5917029e-04
   8.5187500e+00   1.5808304e-04
   8.5312500e+00   1.5541879e-04
   8.5437500e+00   1.5112959e-04
   8.5562500e+00   1.4501666e-04
   8.5687500e+00   1.3692473e-04
   8.5812500e+00   1.2664045e-04
   8.5937500e+00   1.1425324e-04
   8.6062500e+00   1.0034957e-04
   8.6187500e+00   8.5538517e-05
   8.6312500e+00   7.0594260e-05
   8.6437500e+00   5.5942926e-05
   8.6562500e+00   4.1526695e-05
   8.6687500e+00   2.7513517e-05
   8.6812500e+00   1.3974890e-05
   8.6937500e+00   8.7262604e-07
   8.7062500e+00  -1.1888455e-05
   8.7187500e+00  -2.4393512e-05
   8.7312500e+00  -3.6196021e-05
   8.7437500e+00  -4.7101822e-05
   8.7562500e+00  -5.6926790e-05
   8.7687500e+00  -6.5374128e-05
   8.7812500e+00  -7.2572889e-05
   8.7937500e+00  -7.8784259e-05
   8.8062500e+00  -8.4448602e-05
   8.8187500e+00  -8.9720109e-05
   8.8312500e+00  -9.4698755e-05
   8.8437500e+00  -9.9535982e-05
   8.8562500e+00  -1.0403469e-04
   8.8687500e+00  -1.0790758e-04
   8.8812500e+00  -1.1109967e-04
   8.8937500e+00  -1.1385025e-04
   8.9062500e+00  -1.1638368e-04
   8.9187500e+00  -1.1885578e-04
   8.9312500e+00  -1.2138830e-04
   8.9437500e+00  -1.2354919e-04
   8.9562500e+00  -1.2488561e-04
   8.9687500e+00  -1.2533288e-04
   8.9812500e+00  -1.2501219e-04
   8.9937500e+00  -1.2442859e-04
   9.0062500e+00  -1.2354876e-04
   9.0187500e+00  -1.2214843e-04
   9.0312500e+00  -1.2006746e-04
   9.0437500e+00  -1.1717667e-04
   9.0562500e+00  -1.1344721e-04
   9.0687500e+00  -1.0884059e-04
   9.0812500e+00  -1.0386748e-04
   9.0937500e+00  -9.9099443e-05
   9.1062500e+00  -9.4640977e-05
   9.1187500e+00  -9.0196103e-05
   9.1312500e+00  -8.5695459e-05
   9.1437500e+00  -8.1680270e-05
   9.1562500e+00  -7.8281317e-05
   9.1687500e+00  -7.5279685e-05
   9.1812500e+00  -7.2852040e-05
   9.1937500e+00  -7.0997690e-05
   9.2062500e+00  -6.9491235e-05
   9.2187500e+00  -6.8071858e-05
   9.2312500e+00  -6.6469593e-05
   9.2437500e+00  -6.4516517e-05
   9.2562500e+00  -6.1986041e-05
   9.2687500e+00  -5.8700727e-05
   9.2812500e+00  -5.4503047e-05
   9.2937500e+00  -4.9377244e-05
   9.3062500e+00  -4.3392468e-05
   9.3187500e+00  -3.6836285e-05
   9.3312500e+00  -3.0193105e-05
   9.3437500e+00  -2.3683435e-05
   9.3562500e+00  -1.7332877e-05
   9.3687500e+00  -1.1019589e-05
   9.3812500e+00  -4.6798559e-06
   9.3937500e+00   1.4950620e-06
   9.4062500e+00   7.4895889e-06
   9.4187500e+00   1.3030517e-05
   9.4312500e+00   1.7500204e-05
   9.4437500e+00   2.0758752e-05
   9.4562500e+00   2.3248134e-05
   9.4687500e+00   2.5511755e-05
   9.4812500e+00   2.7882225e-05
   9.4937500e+00   3.0430599e-05
   9.5062500e+00   3.3253972e-05
   9.5187500e+00   3.6036158e-05
   9.5312500e+00   3.8246138e-05
   9.5437500e+00   3.9964579e-05
   9.5562500e+00   4.1350128e-05
   9.5687500e+00   4.2524964e-05
   9.5812500e+00   4.3346937e-05
   9.5937500e+00   4.3505288e-05
   9.6062500e+00   4.2837466e-05
   9.6187500e+00   4.0953836e-05
   9.6312500e+00   3.7611837e-05
   9.6437500e+00   3.3161593e-05
   9.6562500e+00   2.8074708e-05
   9.6687500e+00   2.2876736e-05
   9.6812500e+00   1.8290721e-05
   9.6937500e+00   1.4511337e-05
   9.7062500e+00   1.1424060e-05
   9.7187500e+00   9.4298792e-06
   9.7312500e+00   8.7304633e-06
   9.7437500e+00   9.1587082e-06
   9.7562500e+00   1.0548958e-05
   9.7687500e+00   1.2647041e-05
   9.7812500e+00   1.5136005e-05
   9.7937500e+00   1.7897968e-05
   9.8062500e+00   2.1220884e-05
   9.8187500e+00   2.4869143e-05
   9.8312500e+00   2.8366916e-05
   9.8437500e+00   3.1558334e-05
   9.8562500e+00   3.4500103e-05
   9.8687500e+00   3.7609672e-05
   9.8812500e+00   4.1234208e-05
   9.8937500e+00   4.5303840e-05
   9.9062500e+00   4.9405214e-05
   9.9187500e+00   5.3215911e-05
   9.9312500e+00   5.6400715e-05
   9.9437500e+00   5.9100528e-05
   9.9562500e+00   6.1325831e-05
   9.9687500e+00   6.2801136e-05
   9.9812500e+00   6.3784292e-05
   9.9937500e+00   6.4194588e-05
   1.0006250e+01   6.3801125e-05
   1.0018750e+01   6.2696482e-05
   1.0031250e+01   6.1314781e-05
   1.0043750e+01   5.9997877e-05
   1.0056250e+01   5.8567523e-05
   1.0068750e+01   5.7060493e-05
   1.0081250e+01   5.5242218e-05
   1.0093750e+01   5.2795500e-05
   1.0106250e+01   4.9936339e-05
   1.0118750e+01   4.6733526e-05
   1.0131250e+01   4.3145510e-05
   1.0143750e+01   3.9425414e-05
   1.0156250e+01   3.5806996e-05
   1.0168750e+01   3.2366929e-05
   1.0181250e+01   2.9226273e-05
   1.0193750e+01   2.6143735e-05
   1.0206250e+01   2.3113469e-05
   1.0218750e+01   2.0491379e-05
   1.0231250e+01   1.8182142e-05
   1.0243750e+01   1.5978620e-05
   1.0256250e+01   1.3385686e-05
   1.0268750e+01   1.0198726e-05
   1.0281250e+01   6.7883021e-06
   1.0293750e+01   2.7983760e-06
   1.0306250e+01  -2.2704720e-06
   1.0318750e+01  -8.2081756e-06
   1.0331250e+01  -1.4694151e-05
   1.0343750e+01  -2.1447461e-05
   1.0356250e+01  -2.8269811e-05
   1.0368750e+01  -3.5258867e-05
   1.0381250e+01  -4.2419564e-05
   1.0393750e+01  -4.9777000e-05
   1.0406250e+01  -5.7171931e-05
   1.0418750e+01  -6.4459605e-05
   1.0431250e+01  -7.2333465e-05
   1.0443750e+01  -8.1254923e-05
   1.0456250e+01  -9.0949511e-05
   1.0468750e+01  -1.0122447e-04
   1.0481250e+01  -1.1191052e-04
   1.0493750e+01  -1.2278785e-04
   1.0506250e+01  -1.3360190e-04
   1.0518750e+01  -1.4401177e-04
   1.0531250e+01  -1.5408294e-04
   1.0543750e+01  -1.6409527e-04
   1.0556250e+01  -1.7411148e-04
   1.0568750e+01  -1.8406445e-04
   1.0581250e+01  -1.9361446e-04
   1.0593750e+01  -2.0223854e-04
   1.0606250e+01  -2.0938235e-04
   1.0618750e+01  -2.1478894e-04
   1.0631250e+01  -2.1878249e-04
   1.0643750e+01  -2.2171156e-04
   1.0656250e+01  -2.2360266e-04
   1.0668750e+01  -2.2429680e-04
   1.0681250e+01  -2.2351805e-04
   1.0693750e+01  -2.2113411e-04
   1.0706250e+01  -2.1715759e-04
   1.0718750e+01  -2.1187322e-04
   1.0731250e+01  -2.0558113e-04
   1.0743750e+01  -1.9818287e-04
   1.0756250e+01  -1.8932658e-04
   1.0768750e+01  -1.7906936e-04
   1.0781250e+01  -1.6734907e-04
   1.0793750e+01  -1.5406514e-04
   1.0806250e+01  -1.3974212e-04
   1.0818750e+01  -1.2499417e-04
   1.0831250e+01  -1.1014942e-04
   1.0843750e+01  -9.5169361e-05
   1.0856250e+01  -8.0173026e-05
   1.0868750e+01  -6.5194062e-05
   1.0881250e+01  -5.0114977e-05
   1.0893750e+01  -3.4509409e-05
   1.0906250e+01  -1.8051578e-05
   1.0918750e+01  -8.5340185e-07
   1.0931250e+01   1.6839825e-05
   1.0943750e+01   3.4620022e-05
   1.0956250e+01   5.1959850e-05
   1.0968750e+01   6.8448679e-05
   1.0981250e+01   8.4270860e-05
   1.0993750e+01   9.9457562e-05
   1.1006250e+01   1.1370636e-04
   1.1018750e+01   1.2664848e-04
   1.1031250e+01   1.3809386e-04
   1.1043750e+01   1.4810412e-04
   1.1056250e+01   1.5698738e-04
   1.1068750e+01   1.6519994e-04
   1.1081250e+01   1.7282694e-04
   1.1093750e+01   1.7953540e-04
   1.1106250e+01   1.8489664e-04
   1.1118750e+01   1.8891036e-04
   1.1131250e+01   1.9160873e-04
   1.1143750e+01   1.9277259e-04
   1.1156250e+01   1.9258740e-04
   1.1168750e+01   1.9156759e-04
   1.1181250e+01   1.8967722e-04
   1.1193750e+01   1.8670507e-04
   1.1206250e+01   1.8267900e-04
   1.1218750e+01   1.7789035e-04
   1.1231250e+01   1.7300325e-04
   1.1243750e+01   1.6867833e-04
   1.1256250e+01   1.6519473e-04
   1.1268750e+01   1.6226277e-04
   1.1281250e+01   1.5960712e-04
   1.1293750e+01   1.5719280e-04
   1.1306250e+01   1.5476179e-04
   1.1318750e+01   1.5210507e-04
   1.1331250e+01   1.4891086e-04
   1.1343750e+01   1.4496658e-04
   1.1356250e+01   1.4019206e-04
   1.1368750e+01   1.3431254e-04
   1.1381250e+01   1.2724950e-04
   1.1393750e+01   1.1914791e-04
   1.1406250e+01   1.1051543e-04
   1.1418750e+01   1.0197761e-04
   1.1431250e+01   9.3907357e-05
   1.1443750e+01   8.6410989e-05
   1.1456250e+01   7.9165225e-05
   1.1468750e+01   7.2049515e-05
   1.1481250e+01   6.5222928e-05
   1.1493750e+01   5.8539991e-05
   1.1506250e+01   5.2069864e-05
   1.1518750e+01   4.5942996e-05
   1.1531250e+01   4.0081330e-05
   1.1543750e+01   3.4517948e-05
   1.1556250e+01   2.9016210e-05
   1.1568750e+01   2.3328607e-05
   1.1581250e+01   1.7696803e-05
   1.1593750e+01   1.2216978e-05
   1.1606250e+01   6.6647143e-06
   1.1618750e+01   1.1166608e-06
   1.1631250e+01  -4.2058640e-06
   1.1643750e+01  -9.5029811e-06
   1.1656250e+01  -1.5045990e-05
   1.1668750e+01  -2.0928620e-05
   1.1681250e+01  -2.7213571e-05
   1.1693750e+01  -3.3615919e-05
   1.1706250e+01  -3.9776823e-05
   1.1718750e+01  -4.5380017e-05
   1.1731250e+01  -5.0308245e-05
   1.1743750e+01  -5.4682202e-05
   1.1756250e+01  -5.8367833e-05
   1.1768750e+01  -6.1119017e-05
   1.1781250e+01  -6.2983809e-05
   1.1793750e+01  -6.4064490e-05
   1.1806250e+01  -6.4339377e-05
   1.1818750e+01  -6.4337630e-05
   1.1831250e+01  -6.4692335e-05
   1.1843750e+01  -6.5781977e-05
   1.1856250e+01  -6.7684648e-05
   1.1868750e+01  -6.9967819e-05
   1.1881250e+01  -7.2203420e-05
   1.1893750e+01  -7.4073733e-05
   1.1906250e+01  -7.5452832e-05
   1.1918750e+01  -7.6349489e-05
   1.1931250e+01  -7.6637408e-05
   1.1943750e+01  -7.6351482e-05
   1.1956250e+01  -7.5653063e-05
   1.1968750e+01  -7.4764289e-05
   1.1981250e+01  -7.3474585e-05
   1.1993750e+01  -7.1461662e-05
   1.2006250e+01  -6.8856940e-05
   1.2018750e+01  -6.5894611e-05
   1.2031250e+01  -6.2576106e-05
   1.2043750e+01  -5.8716708e-05
   1.2056250e+01  -5.4339599e-05
   1.2068750e+01  -4.9375048e-05
   1.2081250e+01  -4.3979103e-05
   1.2093750e+01  -3.8359774e-05
   1.2106250e+01  -3.2452880e-05
   1.2118750e+01  -2.6523088e-05
   1.2131250e+01  -2.0781708e-05
   1.2143750e+01  -1.4935266e-05
   1.2156250e+01  -8.5642001e-06
   1.2168750e+01  -1.4638704e-06
   1.2181250e+01   6.2161490e-06
   1.2193750e+01   1.4324949e-05
   1.2206250e+01   2.2783061e-05
   1.2218750e+01   3.1070494e-05
   1.2231250e+01   3.8354246e-05
   1.2243750e+01   4.4430850e-05
   1.2256250e+01   5.0085851e-05
   1.2268750e+01   5.5560086e-05
   1.2281250e+01   6.0602621e-05
   1.2293750e+01   6.5072896e-05
   1.2306250e+01   6.8937601e-05
   1.2318750e+01   7.2351449e-05
   1.2331250e+01   7.5131304e-05
   1.2343750e+01   7.7168516e-05
   1.2356250e+01   7.8390671e-05
   1.2368750e+01   7.8577554e-05
   1.2381250e+01   7.7759474e-05
   1.2393750e+01   7.6137781e-05
   1.2406250e+01   7.3834332e-05
   1.2418750e+01   7.0988845e-05
   1.2431250e+01   6.7880441e-05
   1.2443750e+01   6.4954123e-05
   1.2456250e+01   6.2519199e-05
   1.2468750e+01   6.0479686e-05
   1.2481250e+01   5.8611311e-05
   1.2493750e+01   5.6714798e-05
   1.2506250e+01   5.4279114e-05
   1.2518750e+01   5.0912507e-05
   1.2531250e+01   4.6722663e-05
   1.2543750e+01   4.1831473e-05
   1.2556250e+01   3.6239997e-05
   1.2568750e+01   3.0173137e-05
   1.2581250e+01   2.3879917e-05
   1.2593750e+01   1.7420647e-05
   1.2606250e+01   1.0771366e-05
   1.2618750e+01   4.0587471e-06
   1.2631250e+01  -2.4230906e-06
   1.2643750e+01  -8.6919651e-06
   1.2656250e+01  -1.4679169e-05
   1.2668750e+01  -2.0415255e-05
   1.2681250e+01  -2.6039994e-05
   1.2693750e+01  -3.1391920e-05
   1.2706250e+01  -3.6095016e-05
   1.2718750e+01  -3.9982372e-05
   1.2731250e+01  -4.3808299e-05
   1.2743750e+01  -4.7848953e-05
   1.2756250e+01  -5.1707051e-05
   1.2768750e+01  -5.5134793e-05
   1.2781250e+01  -5.7980898e-05
   1.2793750e+01  -6.0468628e-05
   1.2806250e+01  -6.2835697e-05
   1.2818750e+01  -6.4655896e-05
   1.2831250e+01  -6.5319351e-05
   1.2843750e+01  -6.4711414e-05
   1.2856250e+01  -6.2782098e-05
   1.2868750e+01  -5.9553042e-05
   1.2881250e+01  -5.4977918e-05
   1.2893750e+01  -4.9397949e-05
   1.2906250e+01  -4.3307270e-05
   1.2918750e+01  -3.6756145e-05
   1.2931250e+01  -2.9989719e-05
   1.2943750e+01  -2.3103224e-05
   1.2956250e+01  -1.6194295e-05
   1.2968750e+01  -9.4688690e-06
   1.2981250e+01  -2.9125103e-06
   1.2993750e+01   3.2002870e-06
   1.3006250e+01   8.5395398e-06
   1.3018750e+01   1.3247873e-05
   1.3031250e+01   1.7456914e-05
   1.3043750e+01   2.1255048e-05
   1.3056250e+01   2.4195186e-05
   1.3068750e+01   2.5849530e-05
   1.3081250e+01   2.6935045e-05
   1.3093750e+01   2.7794619e-05
   1.3106250e+01   2.7880217e-05
   1.3118750e+01   2.6644530e-05
   1.3131250e+01   2.4087194e-05
   1.3143750e+01   2.0562317e-05
   1.3156250e+01   1.6317829e-05
   1.3168750e+01   1.1338329e-05
   1.3181250e+01   5.6921633e-06
   1.3193750e+01  -4.2484374e-07
   1.3206250e+01  -6.8769968e-06
   1.3218750e+01  -1.3499578e-05
   1.3231250e+01  -2.0254215e-05
   1.3243750e+01  -2.7217542e-05
   1.3256250e+01  -3.4428393e-05
   1.3268750e+01  -4.1859722e-05
   1.3281250e+01  -4.9126875e-05
   1.3293750e+01  -5.5821850e-05
   1.3306250e+01  -6.2313974e-05
   1.3318750e+01  -6.8863790e-05
   1.3331250e+01  -7.4996182e-05
   1.3343750e+01  -8.0215005e-05
   1.3356250e+01  -8.4421272e-05
   1.3368750e+01  -8.7897765e-05
   1.3381250e+01  -9.0824766e-05
   1.3393750e+01  -9.3024591e-05
   1.3406250e+01  -9.4591997e-05
   1.3418750e+01  -9.6016262e-05
   1.3431250e+01  -9.7805414e-05
   1.3443750e+01  -1.0022806e-04
   1.3456250e+01  -1.0297854e-04
   1.3468750e+01  -1.0574352e-04
   1.3481250e+01  -1.0835651e-04
   1.3493750e+01  -1.1060477e-04
   1.3506250e+01  -1.1241649e-04
   1.3518750e+01  -1.1363192e-04
   1.3531250e+01  -1.1405476e-04
   1.3543750e+01  -1.1367395e-04
   1.3556250e+01  -1.1244708e-04
   1.3568750e+01  -1.1066422e-04
   1.3581250e+01  -1.0886290e-04
   1.3593750e+01  -1.0697240e-04
   1.3606250e+01  -1.0474006e-04
   1.3618750e+01  -1.0186573e-04
   1.3631250e+01  -9.7959782e-05
   1.3643750e+01  -9.3023042e-05
   1.3656250e+01  -8.7143694e-05
   1.3668750e+01  -8.0218273e-05
   1.3681250e+01  -7.2244824e-05
   1.3693750e+01  -6.3560139e-05
   1.3706250e+01  -5.4310117e-05
   1.3718750e+01  -4.4432843e-05
   1.3731250e+01  -3.3965350e-05
   1.3743750e+01  -2.2928838e-05
   1.3756250e+01  -1.1620121e-05
   1.3768750e+01  -1.4786397e-08
   1.3781250e+01   1.1975007e-05
   1.3793750e+01   2.4050879e-05
   1.3806250e+01   3.6127582e-05
   1.3818750e+01   4.8374315e-05
   1.3831250e+01   6.0944007e-05
   1.3843750e+01   7.3752213e-05
   1.3856250e+01   8.6553473e-05
   1.3868750e+01   9.9076759e-05
   1.3881250e+01   1.1098785e-04
   1.3893750e+01   1.2188592e-04
   1.3906250e+01   1.3163952e-04
   1.3918750e+01   1.4029896e-04
   1.3931250e+01   1.4799686e-04
   1.3943750e+01   1.5497757e-04
   1.3956250e+01   1.6127087e-04
   1.3968750e+01   1.6675082e-04
   1.3981250e+01   1.7140280e-04
   1.3993750e+01   1.7508291e-04
   1.4006250e+01   1.7732549e-04
   1.4018750e+01   1.7828082e-04
   1.4031250e+01   1.7841828e-04
   1.4043750e+01   1.7797726e-04
   1.4056250e+01   1.7735416e-04
   1.4068750e+01   1.7677888e-04
   1.4081250e+01   1.7644952e-04
   1.4093750e+01   1.7633728e-04
   1.4106250e+01   1.7607123e-04
   1.4118750e+01   1.7538823e-04
   1.4131250e+01   1.7408770e-04
   1.4143750e+01   1.7216662e-04
   1.4156250e+01   1.6964963e-04
   1.4168750e+01   1.6655836e-04
   1.4181250e+01   1.6307078e-04
   1.4193750e+01   1.5907828e-04
   1.4206250e+01   1.5455726e-04
   1.4218750e+01   1.4952754e-04
   1.4231250e+01   1.4381478e-04
   1.4243750e+01   1.3769351e-04
   1.4256250e+01   1.3119072e-04
   1.4268750e+01   1.2411445e-04
   1.4281250e+01   1.1647464e-04
   1.4293750e+01   1.0819688e-04
   1.4306250e+01   9.9432853e-05
   1.4318750e+01   9.0213097e-05
   1.4331250e+01   8.0563496e-05
   1.4343750e+01   7.0789624e-05
   1.4356250e+01   6.0775514e-05
   1.4368750e+01   5.0268025e-05
   1.4381250e+01   3.9407902e-05
   1.4393750e+01   2.8265351e-05
   1.4406250e+01   1.6861107e-05
   1.4418750e+01   5.3929357e-06
   1.4431250e+01  -5.8923968e-06
   1.4443750e+01  -1.6818681e-05
   1.4456250e+01  -2.7462834e-05
   1.4468750e+01  -3.7909594e-05
   1.4481250e+01  -4.8083418e-05
   1.4493750e+01  -5.8177157e-05
   1.4506250e+01  -6.8267251e-05
   1.4518750e+01  -7.7768154e-05
   1.4531250e+01  -8.6005963e-05
   1.4543750e+01  -9.2963094e-05
   1.4556250e+01  -9.9019752e-05
   1.4568750e+01  -1.0458659e-04
   1.4581250e+01  -1.0983753e-04
   1.4593750e+01  -1.1517199e-04
   1.4606250e+01  -1.2079927e-04
   1.4618750e+01  -1.2627581e-04
   1.4631250e+01  -1.3144774e-04
   1.4643750e+01  -1.3626681e-04
   1.4656250e+01  -1.4067727e-04
   1.4668750e+01  -1.4466124e-04
   1.4681250e+01  -1.4824475e-04
   1.4693750e+01  -1.5163887e-04
   1.4706250e+01  -1.5490860e-04
   1.4718750e+01  -1.5816503e-04
   1.4731250e+01  -1.6161997e-04
   1.4743750e+01  -1.6512999e-04
   1.4756250e+01  -1.6837633e-04
   1.4768750e+01  -1.7111816e-04
   1.4781250e+01  -1.7300773e-04
   1.4793750e+01  -1.7363541e-04
   1.4806250e+01  -1.7278039e-04
   1.4818750e+01  -1.7031636e-04
   1.4831250e+01  -1.6635234e-04
   1.4843750e+01  -1.6129271e-04
   1.4856250e+01  -1.5571848e-04
   1.4868750e+01  -1.4991437e-04
   1.4881250e+01  -1.4375127e-04
   1.4893750e+01  -1.3730241e-04
   1.4906250e+01  -1.3048920e-04
   1.4918750e+01  -1.2335128e-04
   1.4931250e+01  -1.1643228e-04
   1.4943750e+01  -1.0988057e-04
   1.4956250e+01  -1.0323461e-04
   1.4968750e+01  -9.5859756e-05
   1.4981250e+01  -8.7575833e-05
   1.4993750e+01  -7.8525671e-05
   1.5006250e+01  -6.8853981e-05
   1.5018750e+01  -5.8746583e-05
   1.5031250e+01  -4.8367117e-05
   1.5043750e+01  -3.7448101e-05
   1.5056250e+01  -2.5755745e-05
   1.5068750e+01  -1.3607091e-05
   1.5081250e+01  -1.4588889e-06
   1.5093750e+01   1.0351751e-05
   1.5106250e+01   2.1597668e-05
   1.5118750e+01   3.1868826e-05
   1.5131250e+01   4.0787273e-05
   1.5143750e+01   4.8036414e-05
   1.5156250e+01   5.3837485e-05
   1.5168750e+01   5.8313101e-05
   1.5181250e+01   6.1089550e-05
   1.5193750e+01   6.2155194e-05
   1.5206250e+01   6.1535983e-05
   1.5218750e+01   5.9632462e-05
   1.5231250e+01   5.7302899e-05
   1.5243750e+01   5.4826854e-05
   1.5256250e+01   5.2197956e-05
   1.5268750e+01   4.9825489e-05
   1.5281250e+01   4.7971960e-05
   1.5293750e+01   4.6513142e-05
   1.5306250e+01   4.5253349e-05
   1.5318750e+01   4.4175808e-05
   1.5331250e+01   4.3140921e-05
   1.5343750e+01   4.1539570e-05
   1.5356250e+01   3.9024337e-05
   1.5368750e+01   3.5801353e-05
   1.5381250e+01   3.2158950e-05
   1.5393750e+01   2.8430242e-05
   1.5406250e+01   2.5189130e-05
   1.5418750e+01   2.2354128e-05
   1.5431250e+01   1.9320118e-05
   1.5443750e+01   1.5753238e-05
   1.5456250e+01   1.1510931e-05
   1.5468750e+01   6.5860864e-06
   1.5481250e+01   9.8760832e-07
   1.5493750e+01  -4.8378191e-06
   1.5506250e+01  -1.0412813e-05
   1.5518750e+01  -1.5674539e-05
   1.5531250e+01  -2.0519754e-05
   1.5543750e+01  -2.4686658e-05
   1.5556250e+01  -2.8231351e-05
   1.5568750e+01  -3.1409890e-05
   1.5581250e+01  -3.4325414e-05
   1.5593750e+01  -3.7141271e-05
   1.5606250e+01  -4.0122264e-05
   1.5618750e+01  -4.3234973e-05
   1.5631250e+01  -4.6434656e-05
   1.5643750e+01  -4.9489948e-05
   1.5656250e+01  -5.2355246e-05
   1.5668750e+01  -5.5308929e-05
   1.5681250e+01  -5.8206601e-05
   1.5693750e+01  -6.0837306e-05
   1.5706250e+01  -6.3180712e-05
   1.5718750e+01  -6.5500512e-05
   1.5731250e+01  -6.7958084e-05
   1.5743750e+01  -7.0465547e-05
   1.5756250e+01  -7.2847095e-05
   1.5768750e+01  -7.5048979e-05
   1.5781250e+01  -7.6850936e-05
   1.5793750e+01  -7.8322026e-05
   1.5806250e+01  -7.9537088e-05
   1.5818750e+01  -8.0186501e-05
   1.5831250e+01  -7.9949424e-05
   1.5843750e+01  -7.8616197e-05
   1.5856250e+01  -7.6156135e-05
   1.5868750e+01  -7.2627990e-05
   1.5881250e+01  -6.8448538e-05
   1.5893750e+01  -6.4103455e-05
   1.5906250e+01  -5.9519128e-05
   1.5918750e+01  -5.4476931e-05
   1.5931250e+01  -4.8606614e-05
   1.5943750e+01  -4.1702876e-05
   1.5956250e+01  -3.4180465e-05
   1.5968750e+01  -2.6241807e-05
   1.5981250e+01  -1.7649037e-05
   1.5993750e+01  -8.3721607e-06
   1.6006250e+01   1.2749975e-06
   1.6018750e+01   1.1491973e-05
   1.6031250e+01   2.2448953e-05
   1.6043750e+01   3.4110757e-05
   1.6056250e+01   4.6230161e-05
   1.6068750e+01   5.8408260e-05
   1.6081250e+01   7.0269641e-05
   1.6093750e+01   8.1389640e-05
   1.6106250e+01   9.1706035e-05
   1.6118750e+01   1.0135395e-04
   1.6131250e+01   1.1057213e-04
   1.6143750e+01   1.1954058e-04
   1.6156250e+01   1.2817464e-04
   1.6168750e+01   1.3646837e-04
   1.6181250e+01   1.4444247e-04
   1.6193750e+01   1.5204554e-04
   1.6206250e+01   1.5932590e-04
   1.6218750e+01   1.6629576e-04
   1.6231250e+01   1.7289658e-04
   1.6243750e+01   1.7908205e-04
   1.6256250e+01   1.8454779e-04
   1.6268750e+01   1.8900223e-04
   1.6281250e+01   1.9226119e-04
   1.6293750e+01   1.9403532e-04
   1.6306250e+01   1.9436878e-04
   1.6318750e+01   1.9348838e-04
   1.6331250e+01   1.9157046e-04
   1.6343750e+01   1.8872283e-04
   1.6356250e+01   1.8534345e-04
   1.6368750e+01   1.8193899e-04
   1.6381250e+01   1.7818504e-04
   1.6393750e+01   1.7359741e-04
   1.6406250e+01   1.6808441e-04
   1.6418750e+01   1.6169531e-04
   1.6431250e+01   1.5480457e-04
   1.6443750e+01   1.4774805e-04
   1.6456250e+01   1.4041269e-04
   1.6468750e+01   1.3250697e-04
   1.6481250e+01   1.2387454e-04
   1.6493750e+01   1.1450790e-04
   1.6506250e+01   1.0472626e-04
   1.6518750e+01   9.4748387e-05
   1.6531250e+01   8.4360559e-05
   1.6543750e+01   7.3125498e-05
   1.6556250e+01   6.0965584e-05
   1.6568750e+01   4.8165368e-05
   1.6581250e+01   3.5325473e-05
   1.6593750e+01   2.2895662e-05
   1.6606250e+01   1.0939625e-05
   1.6618750e+01  -2.1634946e-07
   1.6631250e+01  -1.0286713e-05
   1.6643750e+01  -1.9525229e-05
   1.6656250e+01  -2.8049985e-05
   1.6668750e+01  -3.5639927e-05
   1.6681250e+01  -4.2193035e-05
   1.6693750e+01  -4.7428767e-05
   1.6706250e+01  -5.1336344e-05
   1.6718750e+01  -5.4211889e-05
   1.6731250e+01  -5.6150693e-05
   1.6743750e+01  -5.7063044e-05
   1.6756250e+01  -5.7045450e-05
   1.6768750e+01  -5.6493108e-05
   1.6781250e+01  -5.5745692e-05
   1.6793750e+01  -5.4799256e-05
   1.6806250e+01  -5.3500202e-05
   1.6818750e+01  -5.1581718e-05
   1.6831250e+01  -4.8890572e-05
   1.6843750e+01  -4.5350663e-05
   1.6856250e+01  -4.0786398e-05
   1.6868750e+01  -3.5754367e-05
   1.6881250e+01  -3.0811334e-05
   1.6893750e+01  -2.6145601e-05
   1.6906250e+01  -2.1716046e-05
   1.6918750e+01  -1.7378171e-05
   1.6931250e+01  -1.3388059e-05
   1.6943750e+01  -9.9640736e-06
   1.6956250e+01  -7.5335477e-06
   1.6968750e+01  -6.2029976e-06
   1.6981250e+01  -5.7537708e-06
   1.6993750e+01  -6.1181215e-06
   1.7006250e+01  -7.4561255e-06
   1.7018750e+01  -9.9065589e-06
   1.7031250e+01  -1.3272608e-05
   1.7043750e+01  -1.7612604e-05
   1.7056250e+01  -2.2912220e-05
   1.7068750e+01  -2.8665837e-05
   1.7081250e+01  -3.4346004e-05
   1.7093750e+01  -3.9745317e-05
   1.7106250e+01  -4.4846258e-05
   1.7118750e+01  -4.9445951e-05
   1.7131250e+01  -5.3324073e-05
   1.7143750e+01  -5.6504045e-05
   1.7156250e+01  -5.8929744e-05
   1.7168750e+01  -6.0445059e-05
   1.7181250e+01  -6.1292373e-05
   1.7193750e+01  -6.1785683e-05
   1.7206250e+01  -6.1883474e-05
   1.7218750e+01  -6.1324603e-05
   1.7231250e+01  -6.0004593e-05
   1.7243750e+01  -5.7890032e-05
   1.7256250e+01  -5.4971616e-05
   1.7268750e+01  -5.1204664e-05
   1.7281250e+01  -4.6571216e-05
   1.7293750e+01  -4.1208988e-05
   1.7306250e+01  -3.5019929e-05
   1.7318750e+01  -2.8080082e-05
   1.7331250e+01  -2.0765447e-05
   1.7343750e+01  -1.3445365e-05
   1.7356250e+01  -6.6908325e-06
   1.7368750e+01  -9.9919263e-07
   1.7381250e+01   3.6474617e-06
   1.7393750e+01   7.3795922e-06
   1.7406250e+01   1.0298441e-05
   1.7418750e+01   1.2342156e-05
   1.7431250e+01   1.3389717e-05
   1.7443750e+01   1.3724204e-05
   1.7456250e+01   1.3927457e-05
   1.7468750e+01   1.4167688e-05
   1.7481250e+01   1.4220403e-05
   1.7493750e+01   1.4251472e-05
   1.7506250e+01   1.4481536e-05
   1.7518750e+01   1.4894885e-05
   1.7531250e+01   1.5333352e-05
   1.7543750e+01   1.5692026e-05
   1.7556250e+01   1.6008021e-05
   1.7568750e+01   1.6224309e-05
   1.7581250e+01   1.6414491e-05
   1.7593750e+01   1.6473032e-05
   1.7606250e+01   1.6298504e-05
   1.7618750e+01   1.5861032e-05
   1.7631250e+01   1.5104045e-05
   1.7643750e+01   1.4201811e-05
   1.7656250e+01   1.3350456e-05
   1.7668750e+01   1.2673710e-05
   1.7681250e+01   1.2253899e-05
   1.7693750e+01   1.2015952e-05
   1.7706250e+01   1.1500498e-05
   1.7718750e+01   1.0241785e-05
   1.7731250e+01   8.3981400e-06
   1.7743750e+01   6.3910917e-06
   1.7756250e+01   4.2642951e-06
   1.7768750e+01   1.7728274e-06
   1.7781250e+01  -1.1097787e-06
   1.7793750e+01  -4.0232779e-06
   1.7806250e+01  -7.0976792e-06
   1.7818750e+01  -1.0731733e-05
   1.7831250e+01  -1.5140583e-05
   1.7843750e+01  -2.0228258e-05
   1.7856250e+01  -2.5915188e-05
   1.7868750e+01  -3.2265405e-05
   1.7881250e+01  -3.9242545e-05
   1.7893750e+01  -4.6950266e-05
   1.7906250e+01  -5.5154541e-05
   1.7918750e+01  -6.3738119e-05
   1.7931250e+01  -7.2188476e-05
   1.7943750e+01  -7.9935539e-05
   1.7956250e+01  -8.7349271e-05
   1.7968750e+01  -9.4725238e-05
   1.7981250e+01  -1.0224069e-04
   1.7993750e+01  -1.0988013e-04
   1.8006250e+01  -1.1730252e-04
   1.8018750e+01  -1.2425884e-04
   1.8031250e+01  -1.3078453e-04
   1.8043750e+01  -1.3716272e-04
   1.8056250e+01  -1.4308354e-04
   1.8068750e+01  -1.4812312e-04
   1.8081250e+01  -1.5216907e-04
   1.8093750e+01  -1.5524873e-04
   1.8106250e+01  -1.5745141e-04
   1.8118750e+01  -1.5868791e-04
   1.8131250e+01  -1.5893605e-04
   1.8143750e+01  -1.5822370e-04
   1.8156250e+01  -1.5688208e-04
   1.8168750e+01  -1.5539856e-04
   1.8181250e+01  -1.5371843e-04
   1.8193750e+01  -1.5177001e-04
   1.8206250e+01  -1.5008810e-04
   1.8218750e+01  -1.4895070e-04
   1.8231250e+01  -1.4824493e-04
   1.8243750e+01  -1.4783453e-04
   1.8256250e+01  -1.4740658e-04
   1.8268750e+01  -1.4682700e-04
   1.8281250e+01  -1.4652835e-04
   1.8293750e+01  -1.4655850e-04
   1.8306250e+01  -1.4640779e-04
   1.8318750e+01  -1.4583081e-04
   1.8331250e+01  -1.4440738e-04
   1.8343750e+01  -1.4156911e-04
   1.8356250e+01  -1.3726595e-04
   1.8368750e+01  -1.3141730e-04
   1.8381250e+01  -1.2393219e-04
   1.8393750e+01  -1.1534311e-04
   1.8406250e+01  -1.0600835e-04
   1.8418750e+01  -9.5864058e-05
   1.8431250e+01  -8.5117248e-05
   1.8443750e+01  -7.3931014e-05
   1.8456250e+01  -6.2103765e-05
   1.8468750e+01  -4.9743270e-05
   1.8481250e+01  -3.7287363e-05
   1.8493750e+01  -2.4982847e-05
   1.8506250e+01  -1.2816440e-05
   1.8518750e+01  -8.7236218e-07
   1.8531250e+01   1.0788124e-05
   1.8543750e+01   2.2156921e-05
   1.8556250e+01   3.3444806e-05
   1.8568750e+01   4.4941525e-05
   1.8581250e+01   5.6854465e-05
   1.8593750e+01   6.9002409e-05
   1.8606250e+01   8.0696100e-05
   1.8618750e+01   9.1805961e-05
   1.8631250e+01   1.0215210e-04
   1.8643750e+01   1.1143577e-04
   1.8656250e+01   1.1974903e-04
   1.8668750e+01   1.2717624e-04
   1.8681250e+01   1.3358241e-04
   1.8693750e+01   1.3910374e-04
   1.8706250e+01   1.4407911e-04
   1.8718750e+01   1.4857297e-04
   1.8731250e+01   1.5243602e-04
   1.8743750e+01   1.5566703e-04
   1.8756250e+01   1.5824527e-04
   1.8768750e+01   1.5988530e-04
   1.8781250e+01   1.6060038e-04
   1.8793750e+01   1.6058344e-04
   1.8806250e+01   1.5998539e-04
   1.8818750e+01   1.5887256e-04
   1.8831250e+01   1.5730628e-04
   1.8843750e+01   1.5546153e-04
   1.8856250e+01   1.5363943e-04
   1.8868750e+01   1.5203608e-04
   1.8881250e+01   1.5053036e-04
   1.8893750e+01   1.4890557e-04
   1.8906250e+01   1.4730964e-04
   1.8918750e+01   1.4622669e-04
   1.8931250e+01   1.4575737e-04
   1.8943750e+01   1.4578390e-04
   1.8956250e+01   1.4607762e-04
   1.8968750e+01   1.4641694e-04
   1.8981250e+01   1.4668461e-04
   1.8993750e+01   1.4664481e-04
