  -1.5000000e+01  6.6609843e-294
  -1.4990000e+01 -1.3321969e-293
  -1.4980000e+01  4.6626890e-293
  -1.4970000e+01 -1.7318559e-292
  -1.4960000e+01  6.4611548e-292
  -1.4950000e+01 -2.4112763e-291
  -1.4940000e+01  8.9989898e-291
  -1.4930000e+01 -3.3584683e-290
  -1.4920000e+01  1.2533974e-289
  -1.4910000e+01 -4.6777429e-289
  -1.4900000e+01  1.7457574e-288
  -1.4890000e+01 -6.5152553e-288
  -1.4880000e+01  2.4315264e-287
  -1.4870000e+01 -9.0745800e-287
  -1.4860000e+01  3.3866794e-286
  -1.4850000e+01 -1.2639259e-285
  -1.4840000e+01  4.7170358e-285
  -1.4830000e+01 -1.7604217e-284
  -1.4820000e+01  6.5699834e-284
  -1.4810000e+01 -2.4519512e-283
  -1.4800000e+01  9.1508064e-283
  -1.4790000e+01 -3.4151274e-282
  -1.4780000e+01  1.2745429e-281
  -1.4770000e+01 -4.7566589e-281
  -1.4760000e+01  1.7752093e-280
  -1.4750000e+01 -6.6251712e-280
  -1.4740000e+01  2.4725475e-279
  -1.4730000e+01 -9.2276731e-279
  -1.4720000e+01  3.4438145e-278
  -1.4710000e+01 -1.2852491e-277
  -1.4700000e+01  4.7966148e-277
  -1.4690000e+01 -1.7901210e-276
  -1.4680000e+01  6.6808226e-276
  -1.4670000e+01 -2.4933169e-275
  -1.4660000e+01  9.3051854e-275
  -1.4650000e+01 -3.4727425e-274
  -1.4640000e+01  1.2960451e-273
  -1.4630000e+01 -4.8369063e-273
  -1.4620000e+01  1.8051580e-272
  -1.4610000e+01 -6.7369414e-272
  -1.4600000e+01  2.5142608e-271
  -1.4590000e+01 -9.3833489e-271
  -1.4580000e+01  3.5019135e-270
  -1.4570000e+01 -1.3069319e-269
  -1.4560000e+01  4.8775363e-269
  -1.4550000e+01 -1.8203213e-268
  -1.4540000e+01  6.7935316e-268
  -1.4530000e+01 -2.5353805e-267
  -1.4520000e+01  9.4621689e-267
  -1.4510000e+01 -3.5313295e-266
  -1.4500000e+01  1.3179101e-265
  -1.4490000e+01 -4.9185075e-265
  -1.4480000e+01  1.8356120e-264
  -1.4470000e+01 -6.8505972e-264
  -1.4460000e+01  2.5566777e-263
  -1.4450000e+01 -9.5416511e-263
  -1.4440000e+01  3.5609927e-262
  -1.4430000e+01 -1.3289806e-261
  -1.4420000e+01  4.9598229e-261
  -1.4410000e+01 -1.8510311e-260
  -1.4400000e+01  6.9081422e-260
  -1.4390000e+01 -2.5781538e-259
  -1.4380000e+01  9.6218008e-259
  -1.4370000e+01 -3.5909050e-258
  -1.4360000e+01  1.3401440e-257
  -1.4350000e+01 -5.0014854e-257
  -1.4340000e+01  1.8665798e-256
  -1.4330000e+01 -6.9661705e-256
  -1.4320000e+01  2.5998102e-255
  -1.4310000e+01 -9.7026239e-255
  -1.4300000e+01  3.6210685e-254
  -1.4290000e+01 -1.3514012e-253
  -1.4280000e+01  5.0434978e-253
  -1.4270000e+01 -1.8822590e-252
  -1.4260000e+01  7.0246863e-252
  -1.4250000e+01 -2.6216486e-251
  -1.4240000e+01  9.7841258e-251
  -1.4230000e+01 -3.6514855e-250
  -1.4220000e+01  1.3627529e-249
  -1.4210000e+01 -5.0858632e-249
  -1.4200000e+01  1.8980700e-248
  -1.4190000e+01 -7.0836936e-248
  -1.4180000e+01  2.6436704e-247
  -1.4170000e+01 -9.8663124e-247
  -1.4160000e+01  3.6821579e-246
  -1.4150000e+01 -1.3742000e-245
  -1.4140000e+01  5.1285844e-245
  -1.4130000e+01 -1.9140137e-244
  -1.4120000e+01  7.1431965e-244
  -1.4110000e+01 -2.6658772e-243
  -1.4100000e+01  9.9491893e-243
  -1.4090000e+01 -3.7130880e-242
  -1.4080000e+01  1.3857433e-241
  -1.4070000e+01 -5.1716644e-241
  -1.4060000e+01  1.9300914e-240
  -1.4050000e+01 -7.2031993e-240
  -1.4040000e+01  2.6882706e-239
  -1.4030000e+01 -1.0032762e-238
  -1.4020000e+01  3.7442779e-238
  -1.4010000e+01 -1.3973835e-237
  -1.4000000e+01  5.2151064e-237
  -1.3990000e+01 -1.9463042e-236
  -1.3980000e+01  7.2637061e-236
  -1.3970000e+01 -2.7108520e-235
  -1.3960000e+01  1.0117037e-234
  -1.3950000e+01 -3.7757298e-234
  -1.3940000e+01  1.4091215e-233
  -1.3930000e+01 -5.2589132e-233
  -1.3920000e+01  1.9626531e-232
  -1.3910000e+01 -7.3247212e-232
  -1.3900000e+01  2.7336232e-231
  -1.3890000e+01 -1.0202021e-230
  -1.3880000e+01  3.8074459e-230
  -1.3870000e+01 -1.4209582e-229
  -1.3860000e+01  5.3030880e-229
  -1.3850000e+01 -1.9791394e-228
  -1.3840000e+01  7.3862488e-228
  -1.3830000e+01 -2.7565856e-227
  -1.3820000e+01  1.0287717e-226
  -1.3810000e+01 -3.8394284e-226
  -1.3800000e+01  1.4328942e-225
  -1.3790000e+01 -5.3476339e-225
  -1.3780000e+01  1.9957641e-224
  -1.3770000e+01 -7.4482932e-224
  -1.3760000e+01  2.7797409e-223
  -1.3750000e+01 -1.0374134e-222
  -1.3740000e+01  3.8716796e-222
  -1.3730000e+01 -1.4449305e-221
  -1.3720000e+01  5.3925540e-221
  -1.3710000e+01 -2.0125285e-220
  -1.3700000e+01  7.5108588e-220
  -1.3690000e+01 -2.8030907e-219
  -1.3680000e+01  1.0461277e-218
  -1.3670000e+01 -3.9042016e-218
  -1.3660000e+01  1.4570679e-217
  -1.3650000e+01 -5.4378514e-217
  -1.3640000e+01  2.0294338e-216
  -1.3630000e+01 -7.5739499e-216
  -1.3620000e+01  2.8266366e-215
  -1.3610000e+01 -1.0549151e-214
  -1.3600000e+01  3.9369969e-214
  -1.3590000e+01 -1.4693072e-213
  -1.3580000e+01  5.4835293e-213
  -1.3570000e+01 -2.0464810e-212
  -1.3560000e+01  7.6375710e-212
  -1.3550000e+01 -2.8503803e-211
  -1.3540000e+01  1.0637764e-210
  -1.3530000e+01 -3.9700676e-210
  -1.3520000e+01  1.4816494e-209
  -1.3510000e+01 -5.5295909e-209
  -1.3500000e+01  2.0636714e-208
  -1.3490000e+01 -7.7017265e-208
  -1.3480000e+01  2.8743235e-207
  -1.3470000e+01 -1.0727121e-206
  -1.3460000e+01  4.0034161e-206
  -1.3450000e+01 -1.4940952e-205
  -1.3440000e+01  5.5760394e-205
  -1.3430000e+01 -2.0810062e-204
  -1.3420000e+01  7.7664210e-204
  -1.3410000e+01 -2.8984678e-203
  -1.3400000e+01  1.0817229e-202
  -1.3390000e+01 -4.0370448e-202
  -1.3380000e+01  1.5066456e-201
  -1.3370000e+01 -5.6228780e-201
  -1.3360000e+01  2.0984867e-200
  -1.3350000e+01 -7.8316588e-200
  -1.3340000e+01  2.9228149e-199
  -1.3330000e+01 -1.0908094e-198
  -1.3320000e+01  4.0709559e-198
  -1.3310000e+01 -1.5193014e-197
  -1.3300000e+01  5.6701102e-197
  -1.3290000e+01 -2.1161139e-196
  -1.3280000e+01  7.8974447e-196
  -1.3270000e+01 -2.9473665e-195
  -1.3260000e+01  1.0999721e-194
  -1.3250000e+01 -4.1051519e-194
  -1.3240000e+01  1.5320636e-193
  -1.3230000e+01 -5.7177390e-193
  -1.3220000e+01  2.1338893e-192
  -1.3210000e+01 -7.9637831e-192
  -1.3200000e+01  2.9721243e-191
  -1.3190000e+01 -1.1092119e-190
  -1.3180000e+01  4.1396352e-190
  -1.3170000e+01 -1.5449329e-189
  -1.3160000e+01  5.7657680e-189
  -1.3150000e+01 -2.1518139e-188
  -1.3140000e+01  8.0306788e-188
  -1.3130000e+01 -2.9970901e-187
  -1.3120000e+01  1.1185293e-186
  -1.3110000e+01 -4.1744081e-186
  -1.3100000e+01  1.5579103e-185
  -1.3090000e+01 -5.8142004e-185
  -1.3080000e+01  2.1698891e-184
  -1.3070000e+01 -8.0981364e-184
  -1.3060000e+01  3.0222657e-183
  -1.3050000e+01 -1.1279249e-182
  -1.3040000e+01  4.2094730e-182
  -1.3030000e+01 -1.5709967e-181
  -1.3020000e+01  5.8630396e-181
  -1.3010000e+01 -2.1881162e-180
  -1.3000000e+01  8.1661607e-180
  -1.2990000e+01 -3.0476527e-179
  -1.2980000e+01  1.1373995e-178
  -1.2970000e+01 -4.2448326e-178
  -1.2960000e+01  1.5841931e-177
  -1.2950000e+01 -5.9122891e-177
  -1.2940000e+01  2.2064963e-176
  -1.2930000e+01 -8.2347564e-176
  -1.2920000e+01  3.0732529e-175
  -1.2910000e+01 -1.1469536e-174
  -1.2900000e+01  4.2804891e-174
  -1.2890000e+01 -1.5975003e-173
  -1.2880000e+01  5.9619522e-173
  -1.2870000e+01 -2.2250309e-172
  -1.2860000e+01  8.3039283e-172
  -1.2850000e+01 -3.0990682e-171
  -1.2840000e+01  1.1565880e-170
  -1.2830000e+01 -4.3164452e-170
  -1.2820000e+01  1.6109193e-169
  -1.2810000e+01 -6.0120326e-169
  -1.2800000e+01  2.2437211e-168
  -1.2790000e+01 -8.3736812e-168
  -1.2780000e+01  3.1251004e-167
  -1.2770000e+01 -1.1663033e-166
  -1.2760000e+01  4.3527033e-166
  -1.2750000e+01 -1.6244510e-165
  -1.2740000e+01  6.0625336e-165
  -1.2730000e+01 -2.2625683e-164
  -1.2720000e+01  8.4440200e-164
  -1.2710000e+01 -3.1513512e-163
  -1.2700000e+01  1.1761003e-162
  -1.2690000e+01 -4.3892660e-162
  -1.2680000e+01  1.6380964e-161
  -1.2670000e+01 -6.1134588e-161
  -1.2660000e+01  2.2815739e-160
  -1.2650000e+01 -8.5149497e-160
  -1.2640000e+01  3.1778225e-159
  -1.2630000e+01 -1.1859795e-158
  -1.2620000e+01  4.4261357e-158
  -1.2610000e+01 -1.6518563e-157
  -1.2600000e+01  6.1648118e-157
  -1.2590000e+01 -2.3007391e-156
  -1.2580000e+01  8.5864752e-156
  -1.2570000e+01 -3.2045162e-155
  -1.2560000e+01  1.1959417e-154
  -1.2550000e+01 -4.4633152e-154
  -1.2540000e+01  1.6657319e-153
  -1.2530000e+01 -6.2165962e-153
  -1.2520000e+01  2.3200653e-152
  -1.2510000e+01 -8.6586015e-152
  -1.2500000e+01  3.2314341e-151
  -1.2490000e+01 -1.2059876e-150
  -1.2480000e+01  4.5008070e-150
  -1.2470000e+01 -1.6797241e-149
  -1.2460000e+01  6.2688155e-149
  -1.2450000e+01 -2.3395538e-148
  -1.2440000e+01  8.7313337e-148
  -1.2430000e+01 -3.2585781e-147
  -1.2420000e+01  1.2161179e-146
  -1.2410000e+01 -4.5386138e-146
  -1.2400000e+01  1.6938337e-145
  -1.2390000e+01 -6.3214735e-145
  -1.2380000e+01  2.3592060e-144
  -1.2370000e+01 -8.8046768e-144
  -1.2360000e+01  3.2859501e-143
  -1.2350000e+01 -1.2263333e-142
  -1.2340000e+01  4.5767381e-142
  -1.2330000e+01 -1.7080619e-141
  -1.2320000e+01  6.3745738e-141
  -1.2310000e+01 -2.3790233e-140
  -1.2300000e+01  8.8786360e-140
  -1.2290000e+01 -3.3135521e-139
  -1.2280000e+01  1.2366345e-138
  -1.2270000e+01 -4.6151826e-138
  -1.2260000e+01  1.7224096e-137
  -1.2250000e+01 -6.4281202e-137
  -1.2240000e+01  2.3990071e-136
  -1.2230000e+01 -8.9532164e-136
  -1.2220000e+01  3.3413859e-135
  -1.2210000e+01 -1.2470222e-134
  -1.2200000e+01  4.6539501e-134
  -1.2190000e+01 -1.7368778e-133
  -1.2180000e+01  6.4821163e-133
  -1.2170000e+01 -2.4191587e-132
  -1.2160000e+01  9.0284234e-132
  -1.2150000e+01 -3.3694535e-131
  -1.2140000e+01  1.2574972e-130
  -1.2130000e+01 -4.6930433e-130
  -1.2120000e+01  1.7514676e-129
  -1.2110000e+01 -6.5365660e-129
  -1.2100000e+01  2.4394797e-128
  -1.2090000e+01 -9.1042620e-128
  -1.2080000e+01  3.3977568e-127
  -1.2070000e+01 -1.2680601e-126
  -1.2060000e+01  4.7324648e-126
  -1.2050000e+01 -1.7661799e-125
  -1.2040000e+01  6.5914731e-125
  -1.2030000e+01 -2.4599713e-124
  -1.2020000e+01  9.1807377e-124
  -1.2010000e+01 -3.4262980e-123
  -1.2000000e+01  1.2787118e-122
  -1.1990000e+01 -4.7722174e-122
  -1.1980000e+01  1.7810158e-121
  -1.1970000e+01 -6.6468414e-121
  -1.1960000e+01  2.4806350e-120
  -1.1950000e+01 -9.2578558e-120
  -1.1940000e+01  3.4550788e-119
  -1.1930000e+01 -1.2894530e-118
  -1.1920000e+01  4.8123040e-118
  -1.1910000e+01 -1.7959763e-117
  -1.1900000e+01  6.7026748e-117
  -1.1890000e+01 -2.5014723e-116
  -1.1880000e+01  9.3356217e-116
  -1.1870000e+01 -3.4841015e-115
  -1.1860000e+01  1.3002844e-114
  -1.1850000e+01 -4.8527273e-114
  -1.1840000e+01  1.8110625e-113
  -1.1830000e+01 -6.7589772e-113
  -1.1820000e+01  2.5224846e-112
  -1.1810000e+01 -9.4140409e-112
  -1.1800000e+01  3.5133679e-111
  -1.1790000e+01 -1.3112067e-110
  -1.1780000e+01  4.8934902e-110
  -1.1770000e+01 -1.8262754e-109
  -1.1760000e+01  6.8157526e-109
  -1.1750000e+01 -2.5436735e-108
  -1.1740000e+01  9.4931187e-108
  -1.1730000e+01 -3.5428801e-107
  -1.1720000e+01  1.3222209e-106
  -1.1710000e+01 -4.9345955e-106
  -1.1700000e+01  1.8416161e-105
  -1.1690000e+01 -6.8730048e-105
  -1.1680000e+01  2.5650403e-104
  -1.1670000e+01 -9.5728608e-104
  -1.1660000e+01  3.5726403e-103
  -1.1650000e+01 -1.3333275e-102
  -1.1640000e+01  4.9760460e-102
  -1.1630000e+01 -1.8570857e-101
  -1.1620000e+01  6.9307380e-101
  -1.1610000e+01 -2.5865866e-100
  -1.1600000e+01  9.6532728e-100
  -1.1590000e+01  -3.6026504e-99
  -1.1580000e+01   1.3445274e-98
  -1.1570000e+01  -5.0178447e-98
  -1.1560000e+01   1.8726852e-97
  -1.1550000e+01  -6.9889561e-97
  -1.1540000e+01   2.6083139e-96
  -1.1530000e+01  -9.7343601e-96
  -1.1520000e+01   3.6329127e-95
  -1.1510000e+01  -1.3558215e-94
  -1.1500000e+01   5.0599946e-94
  -1.1490000e+01  -1.8884157e-93
  -1.1480000e+01   7.0476633e-93
  -1.1470000e+01  -2.6302238e-92
  -1.1460000e+01   9.8161287e-92
  -1.1450000e+01  -3.6634291e-91
  -1.1440000e+01   1.3672104e-90
  -1.1430000e+01  -5.1024985e-90
  -1.1420000e+01   1.9042784e-89
  -1.1410000e+01  -7.1068636e-89
  -1.1400000e+01   2.6523176e-88
  -1.1390000e+01  -9.8985841e-88
  -1.1380000e+01   3.6942019e-87
  -1.1370000e+01  -1.3786949e-86
  -1.1360000e+01   5.1453594e-86
  -1.1350000e+01  -1.9202743e-85
  -1.1340000e+01   7.1665612e-85
  -1.1330000e+01  -2.6745970e-84
  -1.1320000e+01   9.9817321e-84
  -1.1310000e+01  -3.7252331e-83
  -1.1300000e+01   1.3902759e-82
  -1.1290000e+01  -5.1885804e-82
  -1.1280000e+01   1.9364046e-81
  -1.1270000e+01  -7.2267602e-81
  -1.1260000e+01   2.6970636e-80
  -1.1250000e+01  -1.0065579e-79
  -1.1240000e+01   3.7565250e-79
  -1.1230000e+01  -1.4019542e-78
  -1.1220000e+01   5.2321644e-78
  -1.1210000e+01  -1.9526703e-77
  -1.1200000e+01   7.2874649e-77
  -1.1190000e+01  -2.7197189e-76
  -1.1180000e+01   1.0150129e-75
  -1.1170000e+01  -3.7880798e-75
  -1.1160000e+01   1.4137306e-74
  -1.1150000e+01  -5.2761146e-74
  -1.1140000e+01   1.9690728e-73
  -1.1130000e+01  -7.3486796e-73
  -1.1120000e+01   2.7425646e-72
  -1.1110000e+01  -1.0235390e-71
  -1.1100000e+01   3.8198997e-71
  -1.1090000e+01  -1.4256060e-70
  -1.1080000e+01   5.3204339e-70
  -1.1070000e+01  -1.9856130e-69
  -1.1060000e+01   7.4104084e-69
  -1.1050000e+01  -2.7656021e-68
  -1.1040000e+01   1.0321367e-67
  -1.1030000e+01  -3.8519868e-67
  -1.1020000e+01   1.4375810e-66
  -1.1010000e+01  -5.3651255e-66
  -1.1000000e+01   2.0022921e-65
  -1.0990000e+01  -7.4726558e-65
  -1.0980000e+01   2.7888331e-64
  -1.0970000e+01  -1.0408067e-63
  -1.0960000e+01   3.8843434e-63
  -1.0950000e+01  -1.4496567e-62
  -1.0940000e+01   5.4101925e-62
  -1.0930000e+01  -2.0191113e-61
  -1.0920000e+01   7.5354260e-61
  -1.0910000e+01  -2.8122593e-60
  -1.0900000e+01   1.0495494e-59
  -1.0890000e+01  -3.9169719e-59
  -1.0880000e+01   1.4618338e-58
  -1.0870000e+01  -5.4556380e-58
  -1.0860000e+01   2.0360718e-57
  -1.0850000e+01  -7.5987235e-57
  -1.0840000e+01   2.8358822e-56
  -1.0830000e+01  -1.0583657e-55
  -1.0820000e+01   3.9498744e-55
  -1.0810000e+01  -1.4741132e-54
  -1.0800000e+01   5.5014653e-54
  -1.0790000e+01  -2.0531748e-53
  -1.0780000e+01   7.6625527e-53
  -1.0770000e+01  -2.8597036e-52
  -1.0760000e+01   1.0672559e-51
  -1.0750000e+01  -3.9830533e-51
  -1.0740000e+01   1.4864957e-50
  -1.0730000e+01  -5.5476776e-50
  -1.0720000e+01   2.0704215e-49
  -1.0710000e+01  -7.7269181e-49
  -1.0700000e+01   2.8837251e-48
  -1.0690000e+01  -1.0762209e-47
  -1.0680000e+01   4.0165109e-47
  -1.0670000e+01  -1.4989823e-46
  -1.0660000e+01   5.5942780e-46
  -1.0650000e+01  -2.0878130e-45
  -1.0640000e+01   7.7918241e-45
  -1.0630000e+01  -2.9079483e-44
  -1.0620000e+01   1.0852611e-43
  -1.0610000e+01  -4.0502496e-43
  -1.0600000e+01   1.5115737e-42
  -1.0590000e+01  -5.6412699e-42
  -1.0580000e+01   2.1053506e-41
  -1.0570000e+01  -7.8572754e-41
  -1.0560000e+01   2.9323751e-40
  -1.0550000e+01  -1.0943773e-39
  -1.0540000e+01   4.0842716e-39
  -1.0530000e+01  -1.5242709e-38
  -1.0520000e+01   5.6886565e-38
  -1.0510000e+01  -2.1230355e-37
  -1.0500000e+01   7.9232764e-37
  -1.0490000e+01  -2.9570070e-36
  -1.0480000e+01   1.1035700e-35
  -1.0470000e+01  -4.1185795e-35
  -1.0460000e+01   1.5370748e-34
  -1.0450000e+01  -5.7364412e-34
  -1.0440000e+01   2.1408690e-33
  -1.0430000e+01  -7.9898318e-33
  -1.0420000e+01   2.9818458e-32
  -1.0410000e+01  -1.1128400e-31
  -1.0400000e+01   4.1531755e-31
  -1.0390000e+01  -1.5499862e-30
  -1.0380000e+01   5.7846272e-30
  -1.0370000e+01  -2.1588523e-29
  -1.0360000e+01   8.0569463e-29
  -1.0350000e+01  -3.0068933e-28
  -1.0340000e+01   1.1221879e-27
  -1.0330000e+01  -4.1880621e-27
  -1.0320000e+01   1.5630061e-26
  -1.0310000e+01  -5.8332180e-26
  -1.0300000e+01   2.1769866e-25
  -1.0290000e+01  -8.1246246e-25
  -1.0280000e+01   3.0321512e-24
  -1.0270000e+01  -1.1316142e-23
  -1.0260000e+01   4.2232418e-23
  -1.0250000e+01  -1.5761353e-22
  -1.0240000e+01   5.8822170e-22
  -1.0230000e+01  -2.1952733e-21
  -1.0220000e+01   8.1928714e-21
  -1.0210000e+01  -3.0576212e-20
  -1.0200000e+01   1.1411198e-19
  -1.0190000e+01  -4.2587170e-19
  -1.0180000e+01   1.5893748e-18
  -1.0170000e+01  -5.9316276e-18
  -1.0160000e+01   2.2137135e-17
  -1.0150000e+01  -8.2616914e-17
  -1.0140000e+01   3.0833052e-16
  -1.0130000e+01  -1.1507052e-15
  -1.0120000e+01   4.2944902e-15
  -1.0110000e+01  -1.6027255e-14
  -1.0100000e+01   5.9814532e-14
  -1.0090000e+01  -2.2323087e-13
  -1.0080000e+01   8.3310895e-13
  -1.0070000e+01  -3.1092049e-12
  -1.0060000e+01   1.1603711e-11
  -1.0050000e+01  -4.3305638e-11
  -1.0040000e+01   1.6161884e-10
  -1.0030000e+01  -6.0316973e-10
  -1.0020000e+01   2.2510601e-09
  -1.0010000e+01  -8.4010706e-09
  -1.0000000e+01   3.1353222e-08
  -9.9900000e+00   8.0020116e-05
  -9.9800000e+00   1.5901723e-04
  -9.9700000e+00   2.3683869e-04
  -9.9600000e+00   3.1323133e-04
  -9.9500000e+00   3.8796333e-04
  -9.9400000e+00   4.6080046e-04
  -9.9300000e+00   5.3151292e-04
  -9.9200000e+00   5.9987400e-04
  -9.9100000e+00   6.6566090e-04
  -9.9000000e+00   7.2865499e-04
  -9.8900000e+00   7.8864221e-04
  -9.8800000e+00   8.4541339e-04
  -9.8700000e+00   8.9876463e-04
  -9.8600000e+00   9.4849761e-04
  -9.8500000e+00   9.9441996e-04
  -9.8400000e+00   1.0363455e-03
  -9.8300000e+00   1.0740948e-03
  -9.8200000e+00   1.1074950e-03
  -9.8100000e+00   1.1363806e-03
  -9.8000000e+00   1.1605935e-03
  -9.7900000e+00   1.1799834e-03
  -9.7800000e+00   1.1944078e-03
  -9.7700000e+00   1.2037327e-03
  -9.7600000e+00   1.2078322e-03
  -9.7500000e+00   1.2065894e-03
  -9.7400000e+00   1.1998962e-03
  -9.7300000e+00   1.1876537e-03
  -9.7200000e+00   1.1697722e-03
  -9.7100000e+00   1.1461715e-03
  -9.7000000e+00   1.1167811e-03
  -9.6900000e+00   1.0815402e-03
  -9.6800000e+00   1.0403980e-03
  -9.6700000e+00   9.9331378e-04
  -9.6600000e+00   9.4025687e-04
  -9.6500000e+00   8.8120693e-04
  -9.6400000e+00   8.1615395e-04
  -9.6300000e+00   7.4509828e-04
  -9.6200000e+00   6.6805074e-04
  -9.6100000e+00   5.8503262e-04
  -9.6000000e+00   4.9607573e-04
  -9.5900000e+00   4.0122237e-04
  -9.5800000e+00   3.0052536e-04
  -9.5700000e+00   1.9404798e-04
  -9.5600000e+00   8.1863983e-05
  -9.5500000e+00  -3.5942520e-05
  -9.5400000e+00  -1.5927707e-04
  -9.5300000e+00  -2.8803497e-04
  -9.5200000e+00  -4.2210137e-04
  -9.5100000e+00  -5.6135138e-04
  -9.5000000e+00  -7.0565018e-04
  -9.4900000e+00  -8.5485318e-04
  -9.4800000e+00  -1.0088061e-03
  -9.4700000e+00  -1.1673454e-03
  -9.4600000e+00  -1.3302978e-03
  -9.4500000e+00  -1.4974815e-03
  -9.4400000e+00  -1.6687053e-03
  -9.4300000e+00  -1.8437696e-03
  -9.4200000e+00  -2.0224662e-03
  -9.4100000e+00  -2.2045787e-03
  -9.4000000e+00  -2.3898828e-03
  -9.3900000e+00  -2.5781465e-03
  -9.3800000e+00  -2.7691302e-03
  -9.3700000e+00  -2.9625873e-03
  -9.3600000e+00  -3.1582643e-03
  -9.3500000e+00  -3.3559013e-03
  -9.3400000e+00  -3.5552318e-03
  -9.3300000e+00  -3.7559837e-03
  -9.3200000e+00  -3.9578791e-03
  -9.3100000e+00  -4.1606352e-03
  -9.3000000e+00  -4.3639639e-03
  -9.2900000e+00  -4.5675728e-03
  -9.2800000e+00  -4.7711652e-03
  -9.2700000e+00  -4.9744407e-03
  -9.2600000e+00  -5.1770954e-03
  -9.2500000e+00  -5.3788224e-03
  -9.2400000e+00  -5.5793121e-03
  -9.2300000e+00  -5.7782527e-03
  -9.2200000e+00  -5.9753304e-03
  -9.2100000e+00  -6.1702300e-03
  -9.2000000e+00  -6.3626353e-03
  -9.1900000e+00  -6.5522293e-03
  -9.1800000e+00  -6.7386948e-03
  -9.1700000e+00  -6.9217149e-03
  -9.1600000e+00  -7.1009730e-03
  -9.1500000e+00  -7.2761537e-03
  -9.1400000e+00  -7.4469430e-03
  -9.1300000e+00  -7.6130285e-03
  -9.1200000e+00  -7.7741002e-03
  -9.1100000e+00  -7.9298508e-03
  -9.1000000e+00  -8.0799758e-03
  -9.0900000e+00  -8.2241745e-03
  -9.0800000e+00  -8.3621497e-03
  -9.0700000e+00  -8.4936088e-03
  -9.0600000e+00  -8.6182637e-03
  -9.0500000e+00  -8.7358312e-03
  -9.0400000e+00  -8.8460339e-03
  -9.0300000e+00  -8.9486001e-03
  -9.0200000e+00  -9.0432642e-03
  -9.0100000e+00  -9.1297674e-03
  -9.0000000e+00  -9.2078577e-03
  -8.9900000e+00  -9.2772906e-03
  -8.9800000e+00  -9.3378291e-03
  -8.9700000e+00  -9.3892443e-03
  -8.9600000e+00  -9.4313159e-03
  -8.9500000e+00  -9.4638319e-03
  -8.9400000e+00  -9.4865897e-03
  -8.9300000e+00  -9.4993958e-03
  -8.9200000e+00  -9.5020666e-03
  -8.9100000e+00  -9.4944281e-03
  -8.9000000e+00  -9.4763169e-03
  -8.8900000e+00  -9.4475798e-03
  -8.8800000e+00  -9.4080745e-03
  -8.8700000e+00  -9.3576698e-03
  -8.8600000e+00  -9.2962456e-03
  -8.8500000e+00  -9.2236934e-03
  -8.8400000e+00  -9.1399163e-03
  -8.8300000e+00  -9.0448295e-03
  -8.8200000e+00  -8.9383600e-03
  -8.8100000e+00  -8.8204473e-03
  -8.8000000e+00  -8.6910434e-03
  -8.7900000e+00  -8.5501127e-03
  -8.7800000e+00  -8.3976323e-03
  -8.7700000e+00  -8.2335925e-03
  -8.7600000e+00  -8.0579962e-03
  -8.7500000e+00  -7.8708595e-03
  -8.7400000e+00  -7.6722118e-03
  -8.7300000e+00  -7.4620954e-03
  -8.7200000e+00  -7.2405662e-03
  -8.7100000e+00  -7.0076932e-03
  -8.7000000e+00  -6.7635588e-03
  -8.6900000e+00  -6.5082588e-03
  -8.6800000e+00  -6.2419023e-03
  -8.6700000e+00  -5.9646117e-03
  -8.6600000e+00  -5.6765228e-03
  -8.6500000e+00  -5.3777845e-03
  -8.6400000e+00  -5.0685591e-03
  -8.6300000e+00  -4.7490218e-03
  -8.6200000e+00  -4.4193609e-03
  -8.6100000e+00  -4.0797776e-03
  -8.6000000e+00  -3.7304861e-03
  -8.5900000e+00  -3.3717128e-03
  -8.5800000e+00  -3.0036971e-03
  -8.5700000e+00  -2.6266905e-03
  -8.5600000e+00  -2.2409568e-03
  -8.5500000e+00  -1.8467715e-03
  -8.5400000e+00  -1.4444223e-03
  -8.5300000e+00  -1.0342083e-03
  -8.5200000e+00  -6.1643973e-04
  -8.5100000e+00  -1.9143820e-04
  -8.5000000e+00   2.4046395e-04
  -8.4900000e+00   6.7892381e-04
  -8.4800000e+00   1.1235882e-03
  -8.4700000e+00   1.5740938e-03
  -8.4600000e+00   2.0300678e-03
  -8.4500000e+00   2.4911278e-03
  -8.4400000e+00   2.9568826e-03
  -8.4300000e+00   3.4269319e-03
  -8.4200000e+00   3.9008674e-03
  -8.4100000e+00   4.3782726e-03
  -8.4000000e+00   4.8587234e-03
  -8.3900000e+00   5.3417882e-03
  -8.3800000e+00   5.8270290e-03
  -8.3700000e+00   6.3140008e-03
  -8.3600000e+00   6.8022528e-03
  -8.3500000e+00   7.2913285e-03
  -8.3400000e+00   7.7807659e-03
  -8.3300000e+00   8.2700984e-03
  -8.3200000e+00   8.7588550e-03
  -8.3100000e+00   9.2465605e-03
  -8.3000000e+00   9.7327365e-03
  -8.2900000e+00   1.0216901e-02
  -8.2800000e+00   1.0698570e-02
  -8.2700000e+00   1.1177257e-02
  -8.2600000e+00   1.1652474e-02
  -8.2500000e+00   1.2123731e-02
  -8.2400000e+00   1.2590539e-02
  -8.2300000e+00   1.3052406e-02
  -8.2200000e+00   1.3508843e-02
  -8.2100000e+00   1.3959359e-02
  -8.2000000e+00   1.4403467e-02
  -8.1900000e+00   1.4840679e-02
  -8.1800000e+00   1.5270511e-02
  -8.1700000e+00   1.5692480e-02
  -8.1600000e+00   1.6106107e-02
  -8.1500000e+00   1.6510917e-02
  -8.1400000e+00   1.6906437e-02
  -8.1300000e+00   1.7292201e-02
  -8.1200000e+00   1.7667746e-02
  -8.1100000e+00   1.8032615e-02
  -8.1000000e+00   1.8386358e-02
  -8.0900000e+00   1.8728529e-02
  -8.0800000e+00   1.9058691e-02
  -8.0700000e+00   1.9376413e-02
  -8.0600000e+00   1.9681273e-02
  -8.0500000e+00   1.9972855e-02
  -8.0400000e+00   2.0250753e-02
  -8.0300000e+00   2.0514570e-02
  -8.0200000e+00   2.0763919e-02
  -8.0100000e+00   2.0998421e-02
  -8.0000000e+00   2.1217708e-02
  -7.9900000e+00   2.1421424e-02
  -7.9800000e+00   2.1609223e-02
  -7.9700000e+00   2.1780770e-02
  -7.9600000e+00   2.1935743e-02
  -7.9500000e+00   2.2073830e-02
  -7.9400000e+00   2.2194734e-02
  -7.9300000e+00   2.2298170e-02
  -7.9200000e+00   2.2383866e-02
  -7.9100000e+00   2.2451563e-02
  -7.9000000e+00   2.2501017e-02
  -7.8900000e+00   2.2531997e-02
  -7.8800000e+00   2.2544287e-02
  -7.8700000e+00   2.2537686e-02
  -7.8600000e+00   2.2512009e-02
  -7.8500000e+00   2.2467083e-02
  -7.8400000e+00   2.2402753e-02
  -7.8300000e+00   2.2318879e-02
  -7.8200000e+00   2.2215338e-02
  -7.8100000e+00   2.2092022e-02
  -7.8000000e+00   2.1948838e-02
  -7.7900000e+00   2.1785712e-02
  -7.7800000e+00   2.1602586e-02
  -7.7700000e+00   2.1399418e-02
  -7.7600000e+00   2.1176183e-02
  -7.7500000e+00   2.0932874e-02
  -7.7400000e+00   2.0669500e-02
  -7.7300000e+00   2.0386088e-02
  -7.7200000e+00   2.0082681e-02
  -7.7100000e+00   1.9759341e-02
  -7.7000000e+00   1.9416147e-02
  -7.6900000e+00   1.9053196e-02
  -7.6800000e+00   1.8670599e-02
  -7.6700000e+00   1.8268490e-02
  -7.6600000e+00   1.7847015e-02
  -7.6500000e+00   1.7406342e-02
  -7.6400000e+00   1.6946653e-02
  -7.6300000e+00   1.6468148e-02
  -7.6200000e+00   1.5971045e-02
  -7.6100000e+00   1.5455580e-02
  -7.6000000e+00   1.4922003e-02
  -7.5900000e+00   1.4370584e-02
  -7.5800000e+00   1.3801607e-02
  -7.5700000e+00   1.3215376e-02
  -7.5600000e+00   1.2612208e-02
  -7.5500000e+00   1.1992437e-02
  -7.5400000e+00   1.1356415e-02
  -7.5300000e+00   1.0704509e-02
  -7.5200000e+00   1.0037100e-02
  -7.5100000e+00   9.3545856e-03
  -7.5000000e+00   8.6573790e-03
  -7.4900000e+00   7.9459076e-03
  -7.4800000e+00   7.2206137e-03
  -7.4700000e+00   6.4819536e-03
  -7.4600000e+00   5.7303978e-03
  -7.4500000e+00   4.9664306e-03
  -7.4400000e+00   4.1905495e-03
  -7.4300000e+00   3.4032651e-03
  -7.4200000e+00   2.6051006e-03
  -7.4100000e+00   1.7965916e-03
  -7.4000000e+00   9.7828558e-04
  -7.3900000e+00   1.5074166e-04
  -7.3800000e+00  -6.8546993e-04
  -7.3700000e+00  -1.5297682e-03
  -7.3600000e+00  -2.3815617e-03
  -7.3500000e+00  -3.2402493e-03
  -7.3400000e+00  -4.1052201e-03
  -7.3300000e+00  -4.9758543e-03
  -7.3200000e+00  -5.8515235e-03
  -7.3100000e+00  -6.7315910e-03
  -7.3000000e+00  -7.6154127e-03
  -7.2900000e+00  -8.5023370e-03
  -7.2800000e+00  -9.3917058e-03
  -7.2700000e+00  -1.0282855e-02
  -7.2600000e+00  -1.1175113e-02
  -7.2500000e+00  -1.2067806e-02
  -7.2400000e+00  -1.2960253e-02
  -7.2300000e+00  -1.3851771e-02
  -7.2200000e+00  -1.4741669e-02
  -7.2100000e+00  -1.5629258e-02
  -7.2000000e+00  -1.6513844e-02
  -7.1900000e+00  -1.7394729e-02
  -7.1800000e+00  -1.8271217e-02
  -7.1700000e+00  -1.9142609e-02
  -7.1600000e+00  -2.0008204e-02
  -7.1500000e+00  -2.0867303e-02
  -7.1400000e+00  -2.1719209e-02
  -7.1300000e+00  -2.2563221e-02
  -7.1200000e+00  -2.3398645e-02
  -7.1100000e+00  -2.4224785e-02
  -7.1000000e+00  -2.5040951e-02
  -7.0900000e+00  -2.5846454e-02
  -7.0800000e+00  -2.6640609e-02
  -7.0700000e+00  -2.7422735e-02
  -7.0600000e+00  -2.8192157e-02
  -7.0500000e+00  -2.8948205e-02
  -7.0400000e+00  -2.9690214e-02
  -7.0300000e+00  -3.0417527e-02
  -7.0200000e+00  -3.1129491e-02
  -7.0100000e+00  -3.1825463e-02
  -7.0000000e+00  -3.2504806e-02
  -6.9900000e+00  -3.3166895e-02
  -6.9800000e+00  -3.3811109e-02
  -6.9700000e+00  -3.4436839e-02
  -6.9600000e+00  -3.5043487e-02
  -6.9500000e+00  -3.5630463e-02
  -6.9400000e+00  -3.6197190e-02
  -6.9300000e+00  -3.6743100e-02
  -6.9200000e+00  -3.7267638e-02
  -6.9100000e+00  -3.7770261e-02
  -6.9000000e+00  -3.8250441e-02
  -6.8900000e+00  -3.8707659e-02
  -6.8800000e+00  -3.9141412e-02
  -6.8700000e+00  -3.9551211e-02
  -6.8600000e+00  -3.9936580e-02
  -6.8500000e+00  -4.0297059e-02
  -6.8400000e+00  -4.0632204e-02
  -6.8300000e+00  -4.0941583e-02
  -6.8200000e+00  -4.1224785e-02
  -6.8100000e+00  -4.1481410e-02
  -6.8000000e+00  -4.1711079e-02
  -6.7900000e+00  -4.1913426e-02
  -6.7800000e+00  -4.2088106e-02
  -6.7700000e+00  -4.2234790e-02
  -6.7600000e+00  -4.2353165e-02
  -6.7500000e+00  -4.2442940e-02
  -6.7400000e+00  -4.2503838e-02
  -6.7300000e+00  -4.2535605e-02
  -6.7200000e+00  -4.2538003e-02
  -6.7100000e+00  -4.2510814e-02
  -6.7000000e+00  -4.2453840e-02
  -6.6900000e+00  -4.2366902e-02
  -6.6800000e+00  -4.2249841e-02
  -6.6700000e+00  -4.2102517e-02
  -6.6600000e+00  -4.1924811e-02
  -6.6500000e+00  -4.1716625e-02
  -6.6400000e+00  -4.1477881e-02
  -6.6300000e+00  -4.1208521e-02
  -6.6200000e+00  -4.0908508e-02
  -6.6100000e+00  -4.0577825e-02
  -6.6000000e+00  -4.0216478e-02
  -6.5900000e+00  -3.9824491e-02
  -6.5800000e+00  -3.9401911e-02
  -6.5700000e+00  -3.8948805e-02
  -6.5600000e+00  -3.8465263e-02
  -6.5500000e+00  -3.7951393e-02
  -6.5400000e+00  -3.7407326e-02
  -6.5300000e+00  -3.6833215e-02
  -6.5200000e+00  -3.6229230e-02
  -6.5100000e+00  -3.5595566e-02
  -6.5000000e+00  -3.4932438e-02
  -6.4900000e+00  -3.4240079e-02
  -6.4800000e+00  -3.3518747e-02
  -6.4700000e+00  -3.2768718e-02
  -6.4600000e+00  -3.1990289e-02
  -6.4500000e+00  -3.1183776e-02
  -6.4400000e+00  -3.0349518e-02
  -6.4300000e+00  -2.9487872e-02
  -6.4200000e+00  -2.8599215e-02
  -6.4100000e+00  -2.7683945e-02
  -6.4000000e+00  -2.6742478e-02
  -6.3900000e+00  -2.5775249e-02
  -6.3800000e+00  -2.4782715e-02
  -6.3700000e+00  -2.3765347e-02
  -6.3600000e+00  -2.2723639e-02
  -6.3500000e+00  -2.1658101e-02
  -6.3400000e+00  -2.0569261e-02
  -6.3300000e+00  -1.9457665e-02
  -6.3200000e+00  -1.8323877e-02
  -6.3100000e+00  -1.7168477e-02
  -6.3000000e+00  -1.5992063e-02
  -6.2900000e+00  -1.4795249e-02
  -6.2800000e+00  -1.3578664e-02
  -6.2700000e+00  -1.2342953e-02
  -6.2600000e+00  -1.1088778e-02
  -6.2500000e+00  -9.8168150e-03
  -6.2400000e+00  -8.5277534e-03
  -6.2300000e+00  -7.2222981e-03
  -6.2200000e+00  -5.9011675e-03
  -6.2100000e+00  -4.5650932e-03
  -6.2000000e+00  -3.2148198e-03
  -6.1900000e+00  -1.8511043e-03
  -6.1800000e+00  -4.7471586e-04
  -6.1700000e+00   9.1356495e-04
  -6.1600000e+00   2.3129463e-03
  -6.1500000e+00   3.7226258e-03
  -6.1400000e+00   5.1417908e-03
  -6.1300000e+00   6.5696191e-03
  -6.1200000e+00   8.0052790e-03
  -6.1100000e+00   9.4479303e-03
  -6.1000000e+00   1.0896725e-02
  -6.0900000e+00   1.2350806e-02
  -6.0800000e+00   1.3809310e-02
  -6.0700000e+00   1.5271368e-02
  -6.0600000e+00   1.6736103e-02
  -6.0500000e+00   1.8202634e-02
  -6.0400000e+00   1.9670072e-02
  -6.0300000e+00   2.1137527e-02
  -6.0200000e+00   2.2604103e-02
  -6.0100000e+00   2.4068901e-02
  -6.0000000e+00   2.5531019e-02
  -5.9900000e+00   2.6989552e-02
  -5.9800000e+00   2.8443593e-02
  -5.9700000e+00   2.9892235e-02
  -5.9600000e+00   3.1334569e-02
  -5.9500000e+00   3.2769686e-02
  -5.9400000e+00   3.4196678e-02
  -5.9300000e+00   3.5614637e-02
  -5.9200000e+00   3.7022655e-02
  -5.9100000e+00   3.8419829e-02
  -5.9000000e+00   3.9805257e-02
  -5.8900000e+00   4.1178039e-02
  -5.8800000e+00   4.2537280e-02
  -5.8700000e+00   4.3882089e-02
  -5.8600000e+00   4.5211578e-02
  -5.8500000e+00   4.6524866e-02
  -5.8400000e+00   4.7821076e-02
  -5.8300000e+00   4.9099339e-02
  -5.8200000e+00   5.0358792e-02
  -5.8100000e+00   5.1598579e-02
  -5.8000000e+00   5.2817851e-02
  -5.7900000e+00   5.4015769e-02
  -5.7800000e+00   5.5191501e-02
  -5.7700000e+00   5.6344227e-02
  -5.7600000e+00   5.7473132e-02
  -5.7500000e+00   5.8577417e-02
  -5.7400000e+00   5.9656288e-02
  -5.7300000e+00   6.0708968e-02
  -5.7200000e+00   6.1734686e-02
  -5.7100000e+00   6.2732688e-02
  -5.7000000e+00   6.3702230e-02
  -5.6900000e+00   6.4642580e-02
  -5.6800000e+00   6.5553023e-02
  -5.6700000e+00   6.6432855e-02
  -5.6600000e+00   6.7281386e-02
  -5.6500000e+00   6.8097944e-02
  -5.6400000e+00   6.8881869e-02
  -5.6300000e+00   6.9632518e-02
  -5.6200000e+00   7.0349263e-02
  -5.6100000e+00   7.1031493e-02
  -5.6000000e+00   7.1678614e-02
  -5.5900000e+00   7.2290049e-02
  -5.5800000e+00   7.2865237e-02
  -5.5700000e+00   7.3403637e-02
  -5.5600000e+00   7.3904724e-02
  -5.5500000e+00   7.4367992e-02
  -5.5400000e+00   7.4792954e-02
  -5.5300000e+00   7.5179142e-02
  -5.5200000e+00   7.5526108e-02
  -5.5100000e+00   7.5833422e-02
  -5.5000000e+00   7.6100674e-02
  -5.4900000e+00   7.6327476e-02
  -5.4800000e+00   7.6513458e-02
  -5.4700000e+00   7.6658272e-02
  -5.4600000e+00   7.6761590e-02
  -5.4500000e+00   7.6823106e-02
  -5.4400000e+00   7.6842533e-02
  -5.4300000e+00   7.6819608e-02
  -5.4200000e+00   7.6754088e-02
  -5.4100000e+00   7.6645753e-02
  -5.4000000e+00   7.6494402e-02
  -5.3900000e+00   7.6299859e-02
  -5.3800000e+00   7.6061970e-02
  -5.3700000e+00   7.5780600e-02
  -5.3600000e+00   7.5455640e-02
  -5.3500000e+00   7.5087002e-02
  -5.3400000e+00   7.4674621e-02
  -5.3300000e+00   7.4218452e-02
  -5.3200000e+00   7.3718476e-02
  -5.3100000e+00   7.3174695e-02
  -5.3000000e+00   7.2587135e-02
  -5.2900000e+00   7.1955842e-02
  -5.2800000e+00   7.1280886e-02
  -5.2700000e+00   7.0562362e-02
  -5.2600000e+00   6.9800385e-02
  -5.2500000e+00   6.8995092e-02
  -5.2400000e+00   6.8146645e-02
  -5.2300000e+00   6.7255228e-02
  -5.2200000e+00   6.6321045e-02
  -5.2100000e+00   6.5344326e-02
  -5.2000000e+00   6.4325321e-02
  -5.1900000e+00   6.3264302e-02
  -5.1800000e+00   6.2161565e-02
  -5.1700000e+00   6.1017427e-02
  -5.1600000e+00   5.9832225e-02
  -5.1500000e+00   5.8606320e-02
  -5.1400000e+00   5.7340095e-02
  -5.1300000e+00   5.6033951e-02
  -5.1200000e+00   5.4688314e-02
  -5.1100000e+00   5.3303629e-02
  -5.1000000e+00   5.1880361e-02
  -5.0900000e+00   5.0418997e-02
  -5.0800000e+00   4.8920045e-02
  -5.0700000e+00   4.7384031e-02
  -5.0600000e+00   4.5811501e-02
  -5.0500000e+00   4.4203023e-02
  -5.0400000e+00   4.2559183e-02
  -5.0300000e+00   4.0880585e-02
  -5.0200000e+00   3.9167853e-02
  -5.0100000e+00   3.7421629e-02
  -5.0000000e+00   3.5642574e-02
  -4.9900000e+00   3.3831367e-02
  -4.9800000e+00   3.1988702e-02
  -4.9700000e+00   3.0115294e-02
  -4.9600000e+00   2.8211873e-02
  -4.9500000e+00   2.6279185e-02
  -4.9400000e+00   2.4317994e-02
  -4.9300000e+00   2.2329078e-02
  -4.9200000e+00   2.0313233e-02
  -4.9100000e+00   1.8271268e-02
  -4.9000000e+00   1.6204008e-02
  -4.8900000e+00   1.4112291e-02
  -4.8800000e+00   1.1996971e-02
  -4.8700000e+00   9.8589154e-03
  -4.8600000e+00   7.6990031e-03
  -4.8500000e+00   5.5181275e-03
  -4.8400000e+00   3.3171939e-03
  -4.8300000e+00   1.0971197e-03
  -4.8200000e+00  -1.1411659e-03
  -4.8100000e+00  -3.3967228e-03
  -4.8000000e+00  -5.6686000e-03
  -4.7900000e+00  -7.9558359e-03
  -4.7800000e+00  -1.0257459e-02
  -4.7700000e+00  -1.2572490e-02
  -4.7600000e+00  -1.4899937e-02
  -4.7500000e+00  -1.7238802e-02
  -4.7400000e+00  -1.9588080e-02
  -4.7300000e+00  -2.1946756e-02
  -4.7200000e+00  -2.4313807e-02
  -4.7100000e+00  -2.6688207e-02
  -4.7000000e+00  -2.9068920e-02
  -4.6900000e+00  -3.1454907e-02
  -4.6800000e+00  -3.3845120e-02
  -4.6700000e+00  -3.6238510e-02
  -4.6600000e+00  -3.8634022e-02
  -4.6500000e+00  -4.1030595e-02
  -4.6400000e+00  -4.3427167e-02
  -4.6300000e+00  -4.5822672e-02
  -4.6200000e+00  -4.8216042e-02
  -4.6100000e+00  -5.0606206e-02
  -4.6000000e+00  -5.2992091e-02
  -4.5900000e+00  -5.5372624e-02
  -4.5800000e+00  -5.7746731e-02
  -4.5700000e+00  -6.0113336e-02
  -4.5600000e+00  -6.2471366e-02
  -4.5500000e+00  -6.4819745e-02
  -4.5400000e+00  -6.7157402e-02
  -4.5300000e+00  -6.9483265e-02
  -4.5200000e+00  -7.1796265e-02
  -4.5100000e+00  -7.4095334e-02
  -4.5000000e+00  -7.6379409e-02
  -4.4900000e+00  -7.8647429e-02
  -4.4800000e+00  -8.0898337e-02
  -4.4700000e+00  -8.3131079e-02
  -4.4600000e+00  -8.5344609e-02
  -4.4500000e+00  -8.7537882e-02
  -4.4400000e+00  -8.9709861e-02
  -4.4300000e+00  -9.1859515e-02
  -4.4200000e+00  -9.3985818e-02
  -4.4100000e+00  -9.6087752e-02
  -4.4000000e+00  -9.8164305e-02
  -4.3900000e+00  -1.0021447e-01
  -4.3800000e+00  -1.0223726e-01
  -4.3700000e+00  -1.0423168e-01
  -4.3600000e+00  -1.0619676e-01
  -4.3500000e+00  -1.0813151e-01
  -4.3400000e+00  -1.1003499e-01
  -4.3300000e+00  -1.1190625e-01
  -4.3200000e+00  -1.1374434e-01
  -4.3100000e+00  -1.1554833e-01
  -4.3000000e+00  -1.1731731e-01
  -4.2900000e+00  -1.1905037e-01
  -4.2800000e+00  -1.2074662e-01
  -4.2700000e+00  -1.2240517e-01
  -4.2600000e+00  -1.2402515e-01
  -4.2500000e+00  -1.2560570e-01
  -4.2400000e+00  -1.2714598e-01
  -4.2300000e+00  -1.2864516e-01
  -4.2200000e+00  -1.3010241e-01
  -4.2100000e+00  -1.3151694e-01
  -4.2000000e+00  -1.3288796e-01
  -4.1900000e+00  -1.3421469e-01
  -4.1800000e+00  -1.3549636e-01
  -4.1700000e+00  -1.3673224e-01
  -4.1600000e+00  -1.3792159e-01
  -4.1500000e+00  -1.3906371e-01
  -4.1400000e+00  -1.4015788e-01
  -4.1300000e+00  -1.4120343e-01
  -4.1200000e+00  -1.4219969e-01
  -4.1100000e+00  -1.4314602e-01
  -4.1000000e+00  -1.4404177e-01
  -4.0900000e+00  -1.4488634e-01
  -4.0800000e+00  -1.4567912e-01
  -4.0700000e+00  -1.4641953e-01
  -4.0600000e+00  -1.4710702e-01
  -4.0500000e+00  -1.4774102e-01
  -4.0400000e+00  -1.4832101e-01
  -4.0300000e+00  -1.4884649e-01
  -4.0200000e+00  -1.4931696e-01
  -4.0100000e+00  -1.4973195e-01
  -4.0000000e+00  -1.5009099e-01
  -3.9900000e+00  -1.5039366e-01
  -3.9800000e+00  -1.5063954e-01
  -3.9700000e+00  -1.5082822e-01
  -3.9600000e+00  -1.5095932e-01
  -3.9500000e+00  -1.5103249e-01
  -3.9400000e+00  -1.5104738e-01
  -3.9300000e+00  -1.5100367e-01
  -3.9200000e+00  -1.5090105e-01
  -3.9100000e+00  -1.5073924e-01
  -3.9000000e+00  -1.5051797e-01
  -3.8900000e+00  -1.5023700e-01
  -3.8800000e+00  -1.4989609e-01
  -3.8700000e+00  -1.4949505e-01
  -3.8600000e+00  -1.4903369e-01
  -3.8500000e+00  -1.4851183e-01
  -3.8400000e+00  -1.4792932e-01
  -3.8300000e+00  -1.4728605e-01
  -3.8200000e+00  -1.4658190e-01
  -3.8100000e+00  -1.4581677e-01
  -3.8000000e+00  -1.4499060e-01
  -3.7900000e+00  -1.4410333e-01
  -3.7800000e+00  -1.4315494e-01
  -3.7700000e+00  -1.4214541e-01
  -3.7600000e+00  -1.4107474e-01
  -3.7500000e+00  -1.3994297e-01
  -3.7400000e+00  -1.3875013e-01
  -3.7300000e+00  -1.3749630e-01
  -3.7200000e+00  -1.3618155e-01
  -3.7100000e+00  -1.3480598e-01
  -3.7000000e+00  -1.3336972e-01
  -3.6900000e+00  -1.3187290e-01
  -3.6800000e+00  -1.3031568e-01
  -3.6700000e+00  -1.2869824e-01
  -3.6600000e+00  -1.2702077e-01
  -3.6500000e+00  -1.2528349e-01
  -3.6400000e+00  -1.2348662e-01
  -3.6300000e+00  -1.2163042e-01
  -3.6200000e+00  -1.1971515e-01
  -3.6100000e+00  -1.1774109e-01
  -3.6000000e+00  -1.1570854e-01
  -3.5900000e+00  -1.1361783e-01
  -3.5800000e+00  -1.1146929e-01
  -3.5700000e+00  -1.0926327e-01
  -3.5600000e+00  -1.0700014e-01
  -3.5500000e+00  -1.0468028e-01
  -3.5400000e+00  -1.0230411e-01
  -3.5300000e+00  -9.9872032e-02
  -3.5200000e+00  -9.7384486e-02
  -3.5100000e+00  -9.4841923e-02
  -3.5000000e+00  -9.2244807e-02
  -3.4900000e+00  -8.9593619e-02
  -3.4800000e+00  -8.6888856e-02
  -3.4700000e+00  -8.4131028e-02
  -3.4600000e+00  -8.1320661e-02
  -3.4500000e+00  -7.8458294e-02
  -3.4400000e+00  -7.5544482e-02
  -3.4300000e+00  -7.2579794e-02
  -3.4200000e+00  -6.9564809e-02
  -3.4100000e+00  -6.6500125e-02
  -3.4000000e+00  -6.3386348e-02
  -3.3900000e+00  -6.0224101e-02
  -3.3800000e+00  -5.7014017e-02
  -3.3700000e+00  -5.3756742e-02
  -3.3600000e+00  -5.0452936e-02
  -3.3500000e+00  -4.7103267e-02
  -3.3400000e+00  -4.3708419e-02
  -3.3300000e+00  -4.0269084e-02
  -3.3200000e+00  -3.6785966e-02
  -3.3100000e+00  -3.3259781e-02
  -3.3000000e+00  -2.9691254e-02
  -3.2900000e+00  -2.6081121e-02
  -3.2800000e+00  -2.2430127e-02
  -3.2700000e+00  -1.8739029e-02
  -3.2600000e+00  -1.5008590e-02
  -3.2500000e+00  -1.1239584e-02
  -3.2400000e+00  -7.4327940e-03
  -3.2300000e+00  -3.5890109e-03
  -3.2200000e+00   2.9096628e-04
  -3.2100000e+00   4.2063303e-03
  -3.2000000e+00   8.1562664e-03
  -3.1900000e+00   1.2139953e-02
  -3.1800000e+00   1.6156560e-02
  -3.1700000e+00   2.0205252e-02
  -3.1600000e+00   2.4285187e-02
  -3.1500000e+00   2.8395517e-02
  -3.1400000e+00   3.2535387e-02
  -3.1300000e+00   3.6703938e-02
  -3.1200000e+00   4.0900304e-02
  -3.1100000e+00   4.5123616e-02
  -3.1000000e+00   4.9372999e-02
  -3.0900000e+00   5.3647573e-02
  -3.0800000e+00   5.7946457e-02
  -3.0700000e+00   6.2268762e-02
  -3.0600000e+00   6.6613598e-02
  -3.0500000e+00   7.0980073e-02
  -3.0400000e+00   7.5367288e-02
  -3.0300000e+00   7.9774347e-02
  -3.0200000e+00   8.4200345e-02
  -3.0100000e+00   8.8644382e-02
  -3.0000000e+00   9.3105550e-02
  -2.9900000e+00   9.7582943e-02
  -2.9800000e+00   1.0207565e-01
  -2.9700000e+00   1.0658277e-01
  -2.9600000e+00   1.1110339e-01
  -2.9500000e+00   1.1563660e-01
  -2.9400000e+00   1.2018149e-01
  -2.9300000e+00   1.2473714e-01
  -2.9200000e+00   1.2930266e-01
  -2.9100000e+00   1.3387713e-01
  -2.9000000e+00   1.3845964e-01
  -2.8900000e+00   1.4304929e-01
  -2.8800000e+00   1.4764517e-01
  -2.8700000e+00   1.5224638e-01
  -2.8600000e+00   1.5685202e-01
  -2.8500000e+00   1.6146119e-01
  -2.8400000e+00   1.6607300e-01
  -2.8300000e+00   1.7068654e-01
  -2.8200000e+00   1.7530093e-01
  -2.8100000e+00   1.7991529e-01
  -2.8000000e+00   1.8452872e-01
  -2.7900000e+00   1.8914036e-01
  -2.7800000e+00   1.9374931e-01
  -2.7700000e+00   1.9835472e-01
  -2.7600000e+00   2.0295571e-01
  -2.7500000e+00   2.0755142e-01
  -2.7400000e+00   2.1214100e-01
  -2.7300000e+00   2.1672359e-01
  -2.7200000e+00   2.2129833e-01
  -2.7100000e+00   2.2586440e-01
  -2.7000000e+00   2.3042096e-01
  -2.6900000e+00   2.3496716e-01
  -2.6800000e+00   2.3950220e-01
  -2.6700000e+00   2.4402525e-01
  -2.6600000e+00   2.4853550e-01
  -2.6500000e+00   2.5303214e-01
  -2.6400000e+00   2.5751438e-01
  -2.6300000e+00   2.6198143e-01
  -2.6200000e+00   2.6643251e-01
  -2.6100000e+00   2.7086682e-01
  -2.6000000e+00   2.7528362e-01
  -2.5900000e+00   2.7968213e-01
  -2.5800000e+00   2.8406161e-01
  -2.5700000e+00   2.8842130e-01
  -2.5600000e+00   2.9276048e-01
  -2.5500000e+00   2.9707841e-01
  -2.5400000e+00   3.0137437e-01
  -2.5300000e+00   3.0564765e-01
  -2.5200000e+00   3.0989755e-01
  -2.5100000e+00   3.1412338e-01
  -2.5000000e+00   3.1832444e-01
  -2.4900000e+00   3.2250007e-01
  -2.4800000e+00   3.2664959e-01
  -2.4700000e+00   3.3077236e-01
  -2.4600000e+00   3.3486772e-01
  -2.4500000e+00   3.3893503e-01
  -2.4400000e+00   3.4297367e-01
  -2.4300000e+00   3.4698301e-01
  -2.4200000e+00   3.5096246e-01
  -2.4100000e+00   3.5491140e-01
  -2.4000000e+00   3.5882926e-01
  -2.3900000e+00   3.6271545e-01
  -2.3800000e+00   3.6656940e-01
  -2.3700000e+00   3.7039056e-01
  -2.3600000e+00   3.7417838e-01
  -2.3500000e+00   3.7793232e-01
  -2.3400000e+00   3.8165186e-01
  -2.3300000e+00   3.8533648e-01
  -2.3200000e+00   3.8898567e-01
  -2.3100000e+00   3.9259894e-01
  -2.3000000e+00   3.9617581e-01
  -2.2900000e+00   3.9971580e-01
  -2.2800000e+00   4.0321845e-01
  -2.2700000e+00   4.0668330e-01
  -2.2600000e+00   4.1010993e-01
  -2.2500000e+00   4.1349790e-01
  -2.2400000e+00   4.1684678e-01
  -2.2300000e+00   4.2015618e-01
  -2.2200000e+00   4.2342569e-01
  -2.2100000e+00   4.2665494e-01
  -2.2000000e+00   4.2984354e-01
  -2.1900000e+00   4.3299112e-01
  -2.1800000e+00   4.3609735e-01
  -2.1700000e+00   4.3916188e-01
  -2.1600000e+00   4.4218437e-01
  -2.1500000e+00   4.4516451e-01
  -2.1400000e+00   4.4810198e-01
  -2.1300000e+00   4.5099650e-01
  -2.1200000e+00   4.5384777e-01
  -2.1100000e+00   4.5665552e-01
  -2.1000000e+00   4.5941949e-01
  -2.0900000e+00   4.6213941e-01
  -2.0800000e+00   4.6481505e-01
  -2.0700000e+00   4.6744618e-01
  -2.0600000e+00   4.7003257e-01
  -2.0500000e+00   4.7257402e-01
  -2.0400000e+00   4.7507032e-01
  -2.0300000e+00   4.7752129e-01
  -2.0200000e+00   4.7992674e-01
  -2.0100000e+00   4.8228652e-01
  -2.0000000e+00   4.8460046e-01
  -1.9900000e+00   4.8686842e-01
  -1.9800000e+00   4.8909025e-01
  -1.9700000e+00   4.9126585e-01
  -1.9600000e+00   4.9339508e-01
  -1.9500000e+00   4.9547785e-01
  -1.9400000e+00   4.9751406e-01
  -1.9300000e+00   4.9950363e-01
  -1.9200000e+00   5.0144648e-01
  -1.9100000e+00   5.0334254e-01
  -1.9000000e+00   5.0519177e-01
  -1.8900000e+00   5.0699412e-01
  -1.8800000e+00   5.0874956e-01
  -1.8700000e+00   5.1045805e-01
  -1.8600000e+00   5.1211958e-01
  -1.8500000e+00   5.1373415e-01
  -1.8400000e+00   5.1530177e-01
  -1.8300000e+00   5.1682243e-01
  -1.8200000e+00   5.1829617e-01
  -1.8100000e+00   5.1972302e-01
  -1.8000000e+00   5.2110302e-01
  -1.7900000e+00   5.2243621e-01
  -1.7800000e+00   5.2372266e-01
  -1.7700000e+00   5.2496243e-01
  -1.7600000e+00   5.2615560e-01
  -1.7500000e+00   5.2730225e-01
  -1.7400000e+00   5.2840247e-01
  -1.7300000e+00   5.2945637e-01
  -1.7200000e+00   5.3046405e-01
  -1.7100000e+00   5.3142564e-01
  -1.7000000e+00   5.3234126e-01
  -1.6900000e+00   5.3321104e-01
  -1.6800000e+00   5.3403512e-01
  -1.6700000e+00   5.3481365e-01
  -1.6600000e+00   5.3554679e-01
  -1.6500000e+00   5.3623471e-01
  -1.6400000e+00   5.3687757e-01
  -1.6300000e+00   5.3747556e-01
  -1.6200000e+00   5.3802886e-01
  -1.6100000e+00   5.3853766e-01
  -1.6000000e+00   5.3900216e-01
  -1.5900000e+00   5.3942257e-01
  -1.5800000e+00   5.3979911e-01
  -1.5700000e+00   5.4013199e-01
  -1.5600000e+00   5.4042144e-01
  -1.5500000e+00   5.4066770e-01
  -1.5400000e+00   5.4087099e-01
  -1.5300000e+00   5.4103157e-01
  -1.5200000e+00   5.4114969e-01
  -1.5100000e+00   5.4122561e-01
  -1.5000000e+00   5.4125958e-01
  -1.4900000e+00   5.4125188e-01
  -1.4800000e+00   5.4120277e-01
  -1.4700000e+00   5.4111255e-01
  -1.4600000e+00   5.4098148e-01
  -1.4500000e+00   5.4080987e-01
  -1.4400000e+00   5.4059800e-01
  -1.4300000e+00   5.4034618e-01
  -1.4200000e+00   5.4005470e-01
  -1.4100000e+00   5.3972388e-01
  -1.4000000e+00   5.3935403e-01
  -1.3900000e+00   5.3894547e-01
  -1.3800000e+00   5.3849851e-01
  -1.3700000e+00   5.3801348e-01
  -1.3600000e+00   5.3749072e-01
  -1.3500000e+00   5.3693055e-01
  -1.3400000e+00   5.3633331e-01
  -1.3300000e+00   5.3569935e-01
  -1.3200000e+00   5.3502900e-01
  -1.3100000e+00   5.3432261e-01
  -1.3000000e+00   5.3358053e-01
  -1.2900000e+00   5.3280313e-01
  -1.2800000e+00   5.3199074e-01
  -1.2700000e+00   5.3114374e-01
  -1.2600000e+00   5.3026249e-01
  -1.2500000e+00   5.2934734e-01
  -1.2400000e+00   5.2839867e-01
  -1.2300000e+00   5.2741685e-01
  -1.2200000e+00   5.2640224e-01
  -1.2100000e+00   5.2535522e-01
  -1.2000000e+00   5.2427618e-01
  -1.1900000e+00   5.2316547e-01
  -1.1800000e+00   5.2202349e-01
  -1.1700000e+00   5.2085062e-01
  -1.1600000e+00   5.1964723e-01
  -1.1500000e+00   5.1841372e-01
  -1.1400000e+00   5.1715046e-01
  -1.1300000e+00   5.1585784e-01
  -1.1200000e+00   5.1453626e-01
  -1.1100000e+00   5.1318609e-01
  -1.1000000e+00   5.1180773e-01
  -1.0900000e+00   5.1040157e-01
  -1.0800000e+00   5.0896800e-01
  -1.0700000e+00   5.0750740e-01
  -1.0600000e+00   5.0602018e-01
  -1.0500000e+00   5.0450672e-01
  -1.0400000e+00   5.0296740e-01
  -1.0300000e+00   5.0140264e-01
  -1.0200000e+00   4.9981280e-01
  -1.0100000e+00   4.9819830e-01
  -1.0000000e+00   4.9655951e-01
  -9.9000000e-01   4.9489682e-01
  -9.8000000e-01   4.9321064e-01
  -9.7000000e-01   4.9150133e-01
  -9.6000000e-01   4.8976930e-01
  -9.5000000e-01   4.8801493e-01
  -9.4000000e-01   4.8623861e-01
  -9.3000000e-01   4.8444071e-01
  -9.2000000e-01   4.8262163e-01
  -9.1000000e-01   4.8078174e-01
  -9.0000000e-01   4.7892142e-01
  -8.9000000e-01   4.7704106e-01
  -8.8000000e-01   4.7514103e-01
  -8.7000000e-01   4.7322170e-01
  -8.6000000e-01   4.7128345e-01
  -8.5000000e-01   4.6932664e-01
  -8.4000000e-01   4.6735165e-01
  -8.3000000e-01   4.6535884e-01
  -8.2000000e-01   4.6334857e-01
  -8.1000000e-01   4.6132120e-01
  -8.0000000e-01   4.5927709e-01
  -7.9000000e-01   4.5721659e-01
  -7.8000000e-01   4.5514006e-01
  -7.7000000e-01   4.5304783e-01
  -7.6000000e-01   4.5094025e-01
  -7.5000000e-01   4.4881766e-01
  -7.4000000e-01   4.4668040e-01
  -7.3000000e-01   4.4452880e-01
  -7.2000000e-01   4.4236318e-01
  -7.1000000e-01   4.4018387e-01
  -7.0000000e-01   4.3799118e-01
  -6.9000000e-01   4.3578542e-01
  -6.8000000e-01   4.3356691e-01
  -6.7000000e-01   4.3133594e-01
  -6.6000000e-01   4.2909281e-01
  -6.5000000e-01   4.2683781e-01
  -6.4000000e-01   4.2457121e-01
  -6.3000000e-01   4.2229331e-01
  -6.2000000e-01   4.2000436e-01
  -6.1000000e-01   4.1770464e-01
  -6.0000000e-01   4.1539439e-01
  -5.9000000e-01   4.1307386e-01
  -5.8000000e-01   4.1074328e-01
  -5.7000000e-01   4.0840290e-01
  -5.6000000e-01   4.0605293e-01
  -5.5000000e-01   4.0369358e-01
  -5.4000000e-01   4.0132505e-01
  -5.3000000e-01   3.9894753e-01
  -5.2000000e-01   3.9656120e-01
  -5.1000000e-01   3.9416624e-01
  -5.0000000e-01   3.9176278e-01
  -4.9000000e-01   3.8935099e-01
  -4.8000000e-01   3.8693099e-01
  -4.7000000e-01   3.8450289e-01
  -4.6000000e-01   3.8206681e-01
  -4.5000000e-01   3.7962283e-01
  -4.4000000e-01   3.7717103e-01
  -4.3000000e-01   3.7471146e-01
  -4.2000000e-01   3.7224419e-01
  -4.1000000e-01   3.6976923e-01
  -4.0000000e-01   3.6728660e-01
  -3.9000000e-01   3.6479632e-01
  -3.8000000e-01   3.6229838e-01
  -3.7000000e-01   3.5979277e-01
  -3.6000000e-01   3.5727946e-01
  -3.5000000e-01   3.5475843e-01
  -3.4000000e-01   3.5222966e-01
  -3.3000000e-01   3.4969315e-01
  -3.2000000e-01   3.4714891e-01
  -3.1000000e-01   3.4459698e-01
  -3.0000000e-01   3.4203748e-01
  -2.9000000e-01   3.3947057e-01
  -2.8000000e-01   3.3689653e-01
  -2.7000000e-01   3.3431580e-01
  -2.6000000e-01   3.3172899e-01
  -2.5000000e-01   3.2913699e-01
  -2.4000000e-01   3.2654105e-01
  -2.3000000e-01   3.2394286e-01
  -2.2000000e-01   3.2134477e-01
  -2.1000000e-01   3.1874993e-01
  -2.0000000e-01   3.1616255e-01
  -1.9000000e-01   3.1358828e-01
  -1.8000000e-01   3.1103461e-01
  -1.7000000e-01   3.0851145e-01
  -1.6000000e-01   3.0603185e-01
  -1.5000000e-01   3.0361291e-01
  -1.4000000e-01   3.0127692e-01
  -1.3000000e-01   2.9905273e-01
  -1.2000000e-01   2.9697733e-01
  -1.1000000e-01   2.9509747e-01
  -1.0000000e-01   2.9347113e-01
  -9.0000000e-02   2.9216830e-01
  -8.0000000e-02   2.9127008e-01
  -7.0000000e-02   2.9086474e-01
  -6.0000000e-02   2.9103906e-01
  -5.0000000e-02   2.9186303e-01
  -4.0000000e-02   2.9336756e-01
  -3.0000000e-02   2.9551790e-01
  -2.0000000e-02   2.9819047e-01
  -1.0000000e-02   3.0116519e-01
   0.0000000e+00   3.0414474e-01
   1.0000000e-02   3.0680235e-01
   2.0000000e-02   3.0884437e-01
   3.0000000e-02   3.1006418e-01
   4.0000000e-02   3.1036775e-01
   5.0000000e-02   3.0976692e-01
   6.0000000e-02   3.0835091e-01
   7.0000000e-02   3.0625125e-01
   8.0000000e-02   3.0361189e-01
   9.0000000e-02   3.0056904e-01
   1.0000000e-01   2.9724067e-01
   1.1000000e-01   2.9372297e-01
   1.2000000e-01   2.9009103e-01
   1.3000000e-01   2.8640149e-01
   1.4000000e-01   2.8269592e-01
   1.5000000e-01   2.7900402e-01
   1.6000000e-01   2.7534645e-01
   1.7000000e-01   2.7173712e-01
   1.8000000e-01   2.6818497e-01
   1.9000000e-01   2.6469533e-01
   2.0000000e-01   2.6127100e-01
   2.1000000e-01   2.5791295e-01
   2.2000000e-01   2.5462091e-01
   2.3000000e-01   2.5139377e-01
   2.4000000e-01   2.4822988e-01
   2.5000000e-01   2.4512723e-01
   2.6000000e-01   2.4208363e-01
   2.7000000e-01   2.3909683e-01
   2.8000000e-01   2.3616452e-01
   2.9000000e-01   2.3328446e-01
   3.0000000e-01   2.3045447e-01
   3.1000000e-01   2.2767244e-01
   3.2000000e-01   2.2493640e-01
   3.3000000e-01   2.2224444e-01
   3.4000000e-01   2.1959480e-01
   3.5000000e-01   2.1698580e-01
   3.6000000e-01   2.1441588e-01
   3.7000000e-01   2.1188357e-01
   3.8000000e-01   2.0938749e-01
   3.9000000e-01   2.0692638e-01
   4.0000000e-01   2.0449902e-01
   4.1000000e-01   2.0210430e-01
   4.2000000e-01   1.9974119e-01
   4.3000000e-01   1.9740869e-01
   4.4000000e-01   1.9510590e-01
   4.5000000e-01   1.9283195e-01
   4.6000000e-01   1.9058606e-01
   4.7000000e-01   1.8836746e-01
   4.8000000e-01   1.8617546e-01
   4.9000000e-01   1.8400940e-01
   5.0000000e-01   1.8186864e-01
   5.1000000e-01   1.7975262e-01
   5.2000000e-01   1.7766077e-01
   5.3000000e-01   1.7559257e-01
   5.4000000e-01   1.7354755e-01
   5.5000000e-01   1.7152522e-01
   5.6000000e-01   1.6952517e-01
   5.7000000e-01   1.6754696e-01
   5.8000000e-01   1.6559021e-01
   5.9000000e-01   1.6365454e-01
   6.0000000e-01   1.6173960e-01
   6.1000000e-01   1.5984505e-01
   6.2000000e-01   1.5797057e-01
   6.3000000e-01   1.5611585e-01
   6.4000000e-01   1.5428059e-01
   6.5000000e-01   1.5246452e-01
   6.6000000e-01   1.5066736e-01
   6.7000000e-01   1.4888887e-01
   6.8000000e-01   1.4712878e-01
   6.9000000e-01   1.4538687e-01
   7.0000000e-01   1.4366291e-01
   7.1000000e-01   1.4195666e-01
   7.2000000e-01   1.4026793e-01
   7.3000000e-01   1.3859651e-01
   7.4000000e-01   1.3694220e-01
   7.5000000e-01   1.3530480e-01
   7.6000000e-01   1.3368413e-01
   7.7000000e-01   1.3208001e-01
   7.8000000e-01   1.3049227e-01
   7.9000000e-01   1.2892074e-01
   8.0000000e-01   1.2736524e-01
   8.1000000e-01   1.2582563e-01
   8.2000000e-01   1.2430173e-01
   8.3000000e-01   1.2279341e-01
   8.4000000e-01   1.2130050e-01
   8.5000000e-01   1.1982287e-01
   8.6000000e-01   1.1836037e-01
   8.7000000e-01   1.1691287e-01
   8.8000000e-01   1.1548021e-01
   8.9000000e-01   1.1406227e-01
   9.0000000e-01   1.1265892e-01
   9.1000000e-01   1.1127003e-01
   9.2000000e-01   1.0989547e-01
   9.3000000e-01   1.0853511e-01
   9.4000000e-01   1.0718884e-01
   9.5000000e-01   1.0585652e-01
   9.6000000e-01   1.0453805e-01
   9.7000000e-01   1.0323330e-01
   9.8000000e-01   1.0194215e-01
   9.9000000e-01   1.0066450e-01
   1.0000000e+00   9.9400223e-02
   1.0100000e+00   9.8149212e-02
   1.0200000e+00   9.6911357e-02
   1.0300000e+00   9.5686548e-02
   1.0400000e+00   9.4474675e-02
   1.0500000e+00   9.3275633e-02
   1.0600000e+00   9.2089314e-02
   1.0700000e+00   9.0915614e-02
   1.0800000e+00   8.9754429e-02
   1.0900000e+00   8.8605655e-02
   1.1000000e+00   8.7469189e-02
   1.1100000e+00   8.6344930e-02
   1.1200000e+00   8.5232779e-02
   1.1300000e+00   8.4132633e-02
   1.1400000e+00   8.3044395e-02
   1.1500000e+00   8.1967967e-02
   1.1600000e+00   8.0903249e-02
   1.1700000e+00   7.9850145e-02
   1.1800000e+00   7.8808560e-02
   1.1900000e+00   7.7778396e-02
   1.2000000e+00   7.6759559e-02
   1.2100000e+00   7.5751955e-02
   1.2200000e+00   7.4755488e-02
   1.2300000e+00   7.3770067e-02
   1.2400000e+00   7.2795598e-02
   1.2500000e+00   7.1831989e-02
   1.2600000e+00   7.0879147e-02
   1.2700000e+00   6.9936982e-02
   1.2800000e+00   6.9005404e-02
   1.2900000e+00   6.8084320e-02
   1.3000000e+00   6.7173643e-02
   1.3100000e+00   6.6273283e-02
   1.3200000e+00   6.5383150e-02
   1.3300000e+00   6.4503156e-02
   1.3400000e+00   6.3633215e-02
   1.3500000e+00   6.2773237e-02
   1.3600000e+00   6.1923136e-02
   1.3700000e+00   6.1082826e-02
   1.3800000e+00   6.0252220e-02
   1.3900000e+00   5.9431233e-02
   1.4000000e+00   5.8619780e-02
   1.4100000e+00   5.7817775e-02
   1.4200000e+00   5.7025135e-02
   1.4300000e+00   5.6241775e-02
   1.4400000e+00   5.5467612e-02
   1.4500000e+00   5.4702562e-02
   1.4600000e+00   5.3946544e-02
   1.4700000e+00   5.3199475e-02
   1.4800000e+00   5.2461273e-02
   1.4900000e+00   5.1731856e-02
   1.5000000e+00   5.1011144e-02
   1.5100000e+00   5.0299056e-02
   1.5200000e+00   4.9595512e-02
   1.5300000e+00   4.8900432e-02
   1.5400000e+00   4.8213737e-02
   1.5500000e+00   4.7535348e-02
   1.5600000e+00   4.6865187e-02
   1.5700000e+00   4.6203175e-02
   1.5800000e+00   4.5549235e-02
   1.5900000e+00   4.4903289e-02
   1.6000000e+00   4.4265262e-02
   1.6100000e+00   4.3635076e-02
   1.6200000e+00   4.3012656e-02
   1.6300000e+00   4.2397926e-02
   1.6400000e+00   4.1790812e-02
   1.6500000e+00   4.1191237e-02
   1.6600000e+00   4.0599129e-02
   1.6700000e+00   4.0014414e-02
   1.6800000e+00   3.9437018e-02
   1.6900000e+00   3.8866868e-02
   1.7000000e+00   3.8303892e-02
   1.7100000e+00   3.7748018e-02
   1.7200000e+00   3.7199174e-02
   1.7300000e+00   3.6657289e-02
   1.7400000e+00   3.6122292e-02
   1.7500000e+00   3.5594114e-02
   1.7600000e+00   3.5072683e-02
   1.7700000e+00   3.4557932e-02
   1.7800000e+00   3.4049790e-02
   1.7900000e+00   3.3548190e-02
   1.8000000e+00   3.3053064e-02
   1.8100000e+00   3.2564343e-02
   1.8200000e+00   3.2081960e-02
   1.8300000e+00   3.1605850e-02
   1.8400000e+00   3.1135945e-02
   1.8500000e+00   3.0672180e-02
   1.8600000e+00   3.0214489e-02
   1.8700000e+00   2.9762808e-02
   1.8800000e+00   2.9317072e-02
   1.8900000e+00   2.8877217e-02
   1.9000000e+00   2.8443179e-02
   1.9100000e+00   2.8014896e-02
   1.9200000e+00   2.7592305e-02
   1.9300000e+00   2.7175343e-02
   1.9400000e+00   2.6763949e-02
   1.9500000e+00   2.6358061e-02
   1.9600000e+00   2.5957619e-02
   1.9700000e+00   2.5562563e-02
   1.9800000e+00   2.5172831e-02
   1.9900000e+00   2.4788366e-02
   2.0000000e+00   2.4409108e-02
   2.0100000e+00   2.4034997e-02
   2.0200000e+00   2.3665978e-02
   2.0300000e+00   2.3301990e-02
   2.0400000e+00   2.2942978e-02
   2.0500000e+00   2.2588885e-02
   2.0600000e+00   2.2239654e-02
   2.0700000e+00   2.1895229e-02
   2.0800000e+00   2.1555556e-02
   2.0900000e+00   2.1220579e-02
   2.1000000e+00   2.0890243e-02
   2.1100000e+00   2.0564495e-02
   2.1200000e+00   2.0243282e-02
   2.1300000e+00   1.9926549e-02
   2.1400000e+00   1.9614244e-02
   2.1500000e+00   1.9306315e-02
   2.1600000e+00   1.9002711e-02
   2.1700000e+00   1.8703379e-02
   2.1800000e+00   1.8408270e-02
   2.1900000e+00   1.8117332e-02
   2.2000000e+00   1.7830515e-02
   2.2100000e+00   1.7547771e-02
   2.2200000e+00   1.7269049e-02
   2.2300000e+00   1.6994301e-02
   2.2400000e+00   1.6723479e-02
   2.2500000e+00   1.6456535e-02
   2.2600000e+00   1.6193422e-02
   2.2700000e+00   1.5934093e-02
   2.2800000e+00   1.5678500e-02
   2.2900000e+00   1.5426599e-02
   2.3000000e+00   1.5178343e-02
   2.3100000e+00   1.4933687e-02
   2.3200000e+00   1.4692587e-02
   2.3300000e+00   1.4454997e-02
   2.3400000e+00   1.4220875e-02
   2.3500000e+00   1.3990176e-02
   2.3600000e+00   1.3762858e-02
   2.3700000e+00   1.3538877e-02
   2.3800000e+00   1.3318192e-02
   2.3900000e+00   1.3100760e-02
   2.4000000e+00   1.2886540e-02
   2.4100000e+00   1.2675491e-02
   2.4200000e+00   1.2467573e-02
   2.4300000e+00   1.2262744e-02
   2.4400000e+00   1.2060966e-02
   2.4500000e+00   1.1862199e-02
   2.4600000e+00   1.1666404e-02
   2.4700000e+00   1.1473542e-02
   2.4800000e+00   1.1283574e-02
   2.4900000e+00   1.1096464e-02
   2.5000000e+00   1.0912174e-02
   2.5100000e+00   1.0730666e-02
   2.5200000e+00   1.0551904e-02
   2.5300000e+00   1.0375852e-02
   2.5400000e+00   1.0202473e-02
   2.5500000e+00   1.0031733e-02
   2.5600000e+00   9.8635956e-03
   2.5700000e+00   9.6980265e-03
   2.5800000e+00   9.5349913e-03
   2.5900000e+00   9.3744559e-03
   2.6000000e+00   9.2163867e-03
   2.6100000e+00   9.0607504e-03
   2.6200000e+00   8.9075140e-03
   2.6300000e+00   8.7566450e-03
   2.6400000e+00   8.6081111e-03
   2.6500000e+00   8.4618806e-03
   2.6600000e+00   8.3179218e-03
   2.6700000e+00   8.1762037e-03
   2.6800000e+00   8.0366954e-03
   2.6900000e+00   7.8993665e-03
   2.7000000e+00   7.7641869e-03
   2.7100000e+00   7.6311268e-03
   2.7200000e+00   7.5001567e-03
   2.7300000e+00   7.3712477e-03
   2.7400000e+00   7.2443709e-03
   2.7500000e+00   7.1194979e-03
   2.7600000e+00   6.9966005e-03
   2.7700000e+00   6.8756512e-03
   2.7800000e+00   6.7566223e-03
   2.7900000e+00   6.6394867e-03
   2.8000000e+00   6.5242177e-03
   2.8100000e+00   6.4107888e-03
   2.8200000e+00   6.2991737e-03
   2.8300000e+00   6.1893467e-03
   2.8400000e+00   6.0812821e-03
   2.8500000e+00   5.9749547e-03
   2.8600000e+00   5.8703396e-03
   2.8700000e+00   5.7674121e-03
   2.8800000e+00   5.6661479e-03
   2.8900000e+00   5.5665228e-03
   2.9000000e+00   5.4685132e-03
   2.9100000e+00   5.3720956e-03
   2.9200000e+00   5.2772468e-03
   2.9300000e+00   5.1839439e-03
   2.9400000e+00   5.0921644e-03
   2.9500000e+00   5.0018857e-03
   2.9600000e+00   4.9130860e-03
   2.9700000e+00   4.8257434e-03
   2.9800000e+00   4.7398365e-03
   2.9900000e+00   4.6553439e-03
   3.0000000e+00   4.5722448e-03
   3.0100000e+00   4.4905185e-03
   3.0200000e+00   4.4101444e-03
   3.0300000e+00   4.3311024e-03
   3.0400000e+00   4.2533726e-03
   3.0500000e+00   4.1769354e-03
   3.0600000e+00   4.1017713e-03
   3.0700000e+00   4.0278612e-03
   3.0800000e+00   3.9551861e-03
   3.0900000e+00   3.8837274e-03
   3.1000000e+00   3.8134667e-03
   3.1100000e+00   3.7443858e-03
   3.1200000e+00   3.6764667e-03
   3.1300000e+00   3.6096918e-03
   3.1400000e+00   3.5440435e-03
   3.1500000e+00   3.4795046e-03
   3.1600000e+00   3.4160582e-03
   3.1700000e+00   3.3536874e-03
   3.1800000e+00   3.2923756e-03
   3.1900000e+00   3.2321065e-03
   3.2000000e+00   3.1728641e-03
   3.2100000e+00   3.1146323e-03
   3.2200000e+00   3.0573955e-03
   3.2300000e+00   3.0011383e-03
   3.2400000e+00   2.9458453e-03
   3.2500000e+00   2.8915015e-03
   3.2600000e+00   2.8380921e-03
   3.2700000e+00   2.7856024e-03
   3.2800000e+00   2.7340179e-03
   3.2900000e+00   2.6833244e-03
   3.3000000e+00   2.6335079e-03
   3.3100000e+00   2.5845544e-03
   3.3200000e+00   2.5364504e-03
   3.3300000e+00   2.4891823e-03
   3.3400000e+00   2.4427369e-03
   3.3500000e+00   2.3971011e-03
   3.3600000e+00   2.3522619e-03
   3.3700000e+00   2.3082067e-03
   3.3800000e+00   2.2649228e-03
   3.3900000e+00   2.2223979e-03
   3.4000000e+00   2.1806198e-03
   3.4100000e+00   2.1395764e-03
   3.4200000e+00   2.0992560e-03
   3.4300000e+00   2.0596468e-03
   3.4400000e+00   2.0207372e-03
   3.4500000e+00   1.9825160e-03
   3.4600000e+00   1.9449720e-03
   3.4700000e+00   1.9080941e-03
   3.4800000e+00   1.8718715e-03
   3.4900000e+00   1.8362935e-03
   3.5000000e+00   1.8013494e-03
   3.5100000e+00   1.7670289e-03
   3.5200000e+00   1.7333218e-03
   3.5300000e+00   1.7002180e-03
   3.5400000e+00   1.6677074e-03
   3.5500000e+00   1.6357804e-03
   3.5600000e+00   1.6044272e-03
   3.5700000e+00   1.5736384e-03
   3.5800000e+00   1.5434045e-03
   3.5900000e+00   1.5137164e-03
   3.6000000e+00   1.4845649e-03
   3.6100000e+00   1.4559411e-03
   3.6200000e+00   1.4278361e-03
   3.6300000e+00   1.4002413e-03
   3.6400000e+00   1.3731481e-03
   3.6500000e+00   1.3465480e-03
   3.6600000e+00   1.3204328e-03
   3.6700000e+00   1.2947943e-03
   3.6800000e+00   1.2696244e-03
   3.6900000e+00   1.2449153e-03
   3.7000000e+00   1.2206590e-03
   3.7100000e+00   1.1968479e-03
   3.7200000e+00   1.1734744e-03
   3.7300000e+00   1.1505311e-03
   3.7400000e+00   1.1280106e-03
   3.7500000e+00   1.1059057e-03
   3.7600000e+00   1.0842092e-03
   3.7700000e+00   1.0629143e-03
   3.7800000e+00   1.0420139e-03
   3.7900000e+00   1.0215013e-03
   3.8000000e+00   1.0013698e-03
   3.8100000e+00   9.8161282e-04
   3.8200000e+00   9.6222388e-04
   3.8300000e+00   9.4319661e-04
   3.8400000e+00   9.2452473e-04
   3.8500000e+00   9.0620206e-04
   3.8600000e+00   8.8822254e-04
   3.8700000e+00   8.7058018e-04
   3.8800000e+00   8.5326909e-04
   3.8900000e+00   8.3628347e-04
   3.9000000e+00   8.1961764e-04
   3.9100000e+00   8.0326597e-04
   3.9200000e+00   7.8722296e-04
   3.9300000e+00   7.7148316e-04
   3.9400000e+00   7.5604123e-04
   3.9500000e+00   7.4089192e-04
   3.9600000e+00   7.2603006e-04
   3.9700000e+00   7.1145054e-04
   3.9800000e+00   6.9714838e-04
   3.9900000e+00   6.8311864e-04
   4.0000000e+00   6.6935647e-04
   4.0100000e+00   6.5585711e-04
   4.0200000e+00   6.4261587e-04
   4.0300000e+00   6.2962814e-04
   4.0400000e+00   6.1688938e-04
   4.0500000e+00   6.0439513e-04
   4.0600000e+00   5.9214101e-04
   4.0700000e+00   5.8012268e-04
   4.0800000e+00   5.6833593e-04
   4.0900000e+00   5.5677655e-04
   4.1000000e+00   5.4544046e-04
   4.1100000e+00   5.3432361e-04
   4.1200000e+00   5.2342204e-04
   4.1300000e+00   5.1273184e-04
   4.1400000e+00   5.0224917e-04
   4.1500000e+00   4.9197025e-04
   4.1600000e+00   4.8189139e-04
   4.1700000e+00   4.7200893e-04
   4.1800000e+00   4.6231927e-04
   4.1900000e+00   4.5281891e-04
   4.2000000e+00   4.4350436e-04
   4.2100000e+00   4.3437223e-04
   4.2200000e+00   4.2541915e-04
   4.2300000e+00   4.1664184e-04
   4.2400000e+00   4.0803706e-04
   4.2500000e+00   3.9960163e-04
   4.2600000e+00   3.9133242e-04
   4.2700000e+00   3.8322636e-04
   4.2800000e+00   3.7528042e-04
   4.2900000e+00   3.6749164e-04
   4.3000000e+00   3.5985709e-04
   4.3100000e+00   3.5237391e-04
   4.3200000e+00   3.4503928e-04
   4.3300000e+00   3.3785043e-04
   4.3400000e+00   3.3080464e-04
   4.3500000e+00   3.2389923e-04
   4.3600000e+00   3.1713158e-04
   4.3700000e+00   3.1049911e-04
   4.3800000e+00   3.0399927e-04
   4.3900000e+00   2.9762957e-04
   4.4000000e+00   2.9138757e-04
   4.4100000e+00   2.8527086e-04
   4.4200000e+00   2.7927707e-04
   4.4300000e+00   2.7340389e-04
   4.4400000e+00   2.6764903e-04
   4.4500000e+00   2.6201025e-04
   4.4600000e+00   2.5648535e-04
   4.4700000e+00   2.5107218e-04
   4.4800000e+00   2.4576859e-04
   4.4900000e+00   2.4057251e-04
   4.5000000e+00   2.3548190e-04
   4.5100000e+00   2.3049473e-04
   4.5200000e+00   2.2560903e-04
   4.5300000e+00   2.2082287e-04
   4.5400000e+00   2.1613433e-04
   4.5500000e+00   2.1154155e-04
   4.5600000e+00   2.0704268e-04
   4.5700000e+00   2.0263593e-04
   4.5800000e+00   1.9831951e-04
   4.5900000e+00   1.9409170e-04
   4.6000000e+00   1.8995077e-04
   4.6100000e+00   1.8589507e-04
   4.6200000e+00   1.8192293e-04
   4.6300000e+00   1.7803274e-04
   4.6400000e+00   1.7422291e-04
   4.6500000e+00   1.7049189e-04
   4.6600000e+00   1.6683815e-04
   4.6700000e+00   1.6326019e-04
   4.6800000e+00   1.5975652e-04
   4.6900000e+00   1.5632571e-04
   4.7000000e+00   1.5296634e-04
   4.7100000e+00   1.4967700e-04
   4.7200000e+00   1.4645635e-04
   4.7300000e+00   1.4330302e-04
   4.7400000e+00   1.4021570e-04
   4.7500000e+00   1.3719311e-04
   4.7600000e+00   1.3423397e-04
   4.7700000e+00   1.3133704e-04
   4.7800000e+00   1.2850109e-04
   4.7900000e+00   1.2572494e-04
   4.8000000e+00   1.2300739e-04
   4.8100000e+00   1.2034730e-04
   4.8200000e+00   1.1774353e-04
   4.8300000e+00   1.1519498e-04
   4.8400000e+00   1.1270055e-04
   4.8500000e+00   1.1025918e-04
   4.8600000e+00   1.0786981e-04
   4.8700000e+00   1.0553143e-04
   4.8800000e+00   1.0324301e-04
   4.8900000e+00   1.0100357e-04
   4.9000000e+00   9.8812138e-05
   4.9100000e+00   9.6667763e-05
   4.9200000e+00   9.4569512e-05
   4.9300000e+00   9.2516467e-05
   4.9400000e+00   9.0507731e-05
   4.9500000e+00   8.8542423e-05
   4.9600000e+00   8.6619681e-05
   4.9700000e+00   8.4738652e-05
   4.9800000e+00   8.2898533e-05
   4.9900000e+00   8.1098404e-05
   5.0000000e+00   7.9337865e-05
   5.0100000e+00   7.7717625e-05
   5.0200000e+00   7.6130159e-05
   5.0300000e+00   7.4575194e-05
   5.0400000e+00   7.3051959e-05
   5.0500000e+00   7.1559836e-05
   5.0600000e+00   7.0098182e-05
   5.0700000e+00   6.8666377e-05
   5.0800000e+00   6.7263811e-05
   5.0900000e+00   6.5889886e-05
   5.1000000e+00   6.4544019e-05
   5.1100000e+00   6.3225636e-05
   5.1200000e+00   6.1934176e-05
   5.1300000e+00   6.0669090e-05
   5.1400000e+00   5.9429839e-05
   5.1500000e+00   5.8215896e-05
   5.1600000e+00   5.7026743e-05
   5.1700000e+00   5.5861876e-05
   5.1800000e+00   5.4720797e-05
   5.1900000e+00   5.3603021e-05
   5.2000000e+00   5.2508073e-05
   5.2100000e+00   5.1435486e-05
   5.2200000e+00   5.0384804e-05
   5.2300000e+00   4.9355580e-05
   5.2400000e+00   4.8347375e-05
   5.2500000e+00   4.7359760e-05
   5.2600000e+00   4.6392315e-05
   5.2700000e+00   4.5444628e-05
   5.2800000e+00   4.4516295e-05
   5.2900000e+00   4.3606922e-05
   5.3000000e+00   4.2716121e-05
   5.3100000e+00   4.1843514e-05
   5.3200000e+00   4.0988727e-05
   5.3300000e+00   4.0151399e-05
   5.3400000e+00   3.9331172e-05
   5.3500000e+00   3.8527696e-05
   5.3600000e+00   3.7740631e-05
   5.3700000e+00   3.6969641e-05
   5.3800000e+00   3.6214397e-05
   5.3900000e+00   3.5474578e-05
   5.4000000e+00   3.4749870e-05
   5.4100000e+00   3.4039963e-05
   5.4200000e+00   3.3344555e-05
   5.4300000e+00   3.2663351e-05
   5.4400000e+00   3.1996060e-05
   5.4500000e+00   3.1342399e-05
   5.4600000e+00   3.0702088e-05
   5.4700000e+00   3.0074855e-05
   5.4800000e+00   2.9460433e-05
   5.4900000e+00   2.8858561e-05
   5.5000000e+00   2.8268983e-05
   5.5100000e+00   2.7691446e-05
   5.5200000e+00   2.7125706e-05
   5.5300000e+00   2.6571522e-05
   5.5400000e+00   2.6028657e-05
   5.5500000e+00   2.5496880e-05
   5.5600000e+00   2.4975965e-05
   5.5700000e+00   2.4465690e-05
   5.5800000e+00   2.3965838e-05
   5.5900000e+00   2.3476196e-05
   5.6000000e+00   2.2996556e-05
   5.6100000e+00   2.2526712e-05
   5.6200000e+00   2.2066466e-05
   5.6300000e+00   2.1615621e-05
   5.6400000e+00   2.1173985e-05
   5.6500000e+00   2.0741371e-05
   5.6600000e+00   2.0317593e-05
   5.6700000e+00   1.9902471e-05
   5.6800000e+00   1.9495830e-05
   5.6900000e+00   1.9097494e-05
   5.7000000e+00   1.8707296e-05
   5.7100000e+00   1.8325068e-05
   5.7200000e+00   1.7950648e-05
   5.7300000e+00   1.7583876e-05
   5.7400000e+00   1.7224597e-05
   5.7500000e+00   1.6872657e-05
   5.7600000e+00   1.6527906e-05
   5.7700000e+00   1.6190197e-05
   5.7800000e+00   1.5859387e-05
   5.7900000e+00   1.5535335e-05
   5.8000000e+00   1.5217903e-05
   5.8100000e+00   1.4906955e-05
   5.8200000e+00   1.4602360e-05
   5.8300000e+00   1.4303987e-05
   5.8400000e+00   1.4011709e-05
   5.8500000e+00   1.3725402e-05
   5.8600000e+00   1.3444943e-05
   5.8700000e+00   1.3170215e-05
   5.8800000e+00   1.2901098e-05
   5.8900000e+00   1.2637479e-05
   5.9000000e+00   1.2379246e-05
   5.9100000e+00   1.2126289e-05
   5.9200000e+00   1.1878499e-05
   5.9300000e+00   1.1635771e-05
   5.9400000e+00   1.1398002e-05
   5.9500000e+00   1.1165090e-05
   5.9600000e+00   1.0936937e-05
   5.9700000e+00   1.0713445e-05
   5.9800000e+00   1.0494519e-05
   5.9900000e+00   1.0280065e-05
   6.0000000e+00   1.0069993e-05
   6.0100000e+00   9.8642121e-06
   6.0200000e+00   9.6626358e-06
   6.0300000e+00   9.4651777e-06
   6.0400000e+00   9.2717538e-06
   6.0500000e+00   9.0822816e-06
   6.0600000e+00   8.8966804e-06
   6.0700000e+00   8.7148712e-06
   6.0800000e+00   8.5367766e-06
   6.0900000e+00   8.3623205e-06
   6.1000000e+00   8.1914288e-06
   6.1100000e+00   8.0240285e-06
   6.1200000e+00   7.8600485e-06
   6.1300000e+00   7.6994188e-06
   6.1400000e+00   7.5420710e-06
   6.1500000e+00   7.3879380e-06
   6.1600000e+00   7.2369542e-06
   6.1700000e+00   7.0890553e-06
   6.1800000e+00   6.9441782e-06
   6.1900000e+00   6.8022612e-06
   6.2000000e+00   6.6632439e-06
   6.2100000e+00   6.5270670e-06
   6.2200000e+00   6.3936724e-06
   6.2300000e+00   6.2630035e-06
   6.2400000e+00   6.1350044e-06
   6.2500000e+00   6.0096207e-06
   6.2600000e+00   5.8867988e-06
   6.2700000e+00   5.7664866e-06
   6.2800000e+00   5.6486327e-06
   6.2900000e+00   5.5331868e-06
   6.3000000e+00   5.4200999e-06
   6.3100000e+00   5.3093237e-06
   6.3200000e+00   5.2008110e-06
   6.3300000e+00   5.0945156e-06
   6.3400000e+00   4.9903921e-06
   6.3500000e+00   4.8883963e-06
   6.3600000e+00   4.7884846e-06
   6.3700000e+00   4.6906145e-06
   6.3800000e+00   4.5947442e-06
   6.3900000e+00   4.5008329e-06
   6.4000000e+00   4.4088406e-06
   6.4100000e+00   4.3187281e-06
   6.4200000e+00   4.2304570e-06
   6.4300000e+00   4.1439896e-06
   6.4400000e+00   4.0592892e-06
   6.4500000e+00   3.9763195e-06
   6.4600000e+00   3.8950453e-06
   6.4700000e+00   3.8154320e-06
   6.4800000e+00   3.7374455e-06
   6.4900000e+00   3.6610526e-06
   6.5000000e+00   3.5862209e-06
   6.5100000e+00   3.5129183e-06
   6.5200000e+00   3.4411137e-06
   6.5300000e+00   3.3707764e-06
   6.5400000e+00   3.3018765e-06
   6.5500000e+00   3.2343846e-06
   6.5600000e+00   3.1682720e-06
   6.5700000e+00   3.1035104e-06
   6.5800000e+00   3.0400723e-06
   6.5900000e+00   2.9779306e-06
   6.6000000e+00   2.9170588e-06
   6.6100000e+00   2.8574310e-06
   6.6200000e+00   2.7990218e-06
   6.6300000e+00   2.7418062e-06
   6.6400000e+00   2.6857599e-06
   6.6500000e+00   2.6308590e-06
   6.6600000e+00   2.5770801e-06
   6.6700000e+00   2.5244003e-06
   6.6800000e+00   2.4727971e-06
   6.6900000e+00   2.4222485e-06
   6.7000000e+00   2.3727329e-06
   6.7100000e+00   2.3242293e-06
   6.7200000e+00   2.2767170e-06
   6.7300000e+00   2.2301758e-06
   6.7400000e+00   2.1845857e-06
   6.7500000e+00   2.1399273e-06
   6.7600000e+00   2.0961817e-06
   6.7700000e+00   2.0533301e-06
   6.7800000e+00   2.0113543e-06
   6.7900000e+00   1.9702365e-06
   6.8000000e+00   1.9299590e-06
   6.8100000e+00   1.8905047e-06
   6.8200000e+00   1.8518567e-06
   6.8300000e+00   1.8139987e-06
   6.8400000e+00   1.7769145e-06
   6.8500000e+00   1.7405882e-06
   6.8600000e+00   1.7050043e-06
   6.8700000e+00   1.6701477e-06
   6.8800000e+00   1.6360036e-06
   6.8900000e+00   1.6025574e-06
   6.9000000e+00   1.5697947e-06
   6.9100000e+00   1.5377017e-06
   6.9200000e+00   1.5062647e-06
   6.9300000e+00   1.4754702e-06
   6.9400000e+00   1.4453052e-06
   6.9500000e+00   1.4157567e-06
   6.9600000e+00   1.3868122e-06
   6.9700000e+00   1.3584592e-06
   6.9800000e+00   1.3306859e-06
   6.9900000e+00   1.3034802e-06
   7.0000000e+00   1.2768306e-06
   7.0100000e+00   1.2507257e-06
   7.0200000e+00   1.2251545e-06
   7.0300000e+00   1.2001059e-06
   7.0400000e+00   1.1755693e-06
   7.0500000e+00   1.1515343e-06
   7.0600000e+00   1.1279906e-06
   7.0700000e+00   1.1049281e-06
   7.0800000e+00   1.0823371e-06
   7.0900000e+00   1.0602078e-06
   7.1000000e+00   1.0385309e-06
   7.1100000e+00   1.0172971e-06
   7.1200000e+00   9.9649734e-07
   7.1300000e+00   9.7612277e-07
   7.1400000e+00   9.5616469e-07
   7.1500000e+00   9.3661459e-07
   7.1600000e+00   9.1746414e-07
   7.1700000e+00   8.9870516e-07
   7.1800000e+00   8.8032966e-07
   7.1900000e+00   8.6232979e-07
   7.2000000e+00   8.4469789e-07
   7.2100000e+00   8.2742643e-07
   7.2200000e+00   8.1050804e-07
   7.2300000e+00   7.9393552e-07
   7.2400000e+00   7.7770178e-07
   7.2500000e+00   7.6179991e-07
   7.2600000e+00   7.4622313e-07
   7.2700000e+00   7.3096478e-07
   7.2800000e+00   7.1601837e-07
   7.2900000e+00   7.0137752e-07
   7.3000000e+00   6.8703598e-07
   7.3100000e+00   6.7298764e-07
   7.3200000e+00   6.5922650e-07
   7.3300000e+00   6.4574669e-07
   7.3400000e+00   6.3254246e-07
   7.3500000e+00   6.1960819e-07
   7.3600000e+00   6.0693835e-07
   7.3700000e+00   5.9452754e-07
   7.3800000e+00   5.8237047e-07
   7.3900000e+00   5.7046194e-07
   7.4000000e+00   5.5879689e-07
   7.4100000e+00   5.4737033e-07
   7.4200000e+00   5.3617738e-07
   7.4300000e+00   5.2521329e-07
   7.4400000e+00   5.1447335e-07
   7.4500000e+00   5.0395301e-07
   7.4600000e+00   4.9364776e-07
   7.4700000e+00   4.8355321e-07
   7.4800000e+00   4.7366506e-07
   7.4900000e+00   4.6397908e-07
   7.5000000e+00   4.5449115e-07
   7.5100000e+00   4.4519721e-07
   7.5200000e+00   4.3609330e-07
   7.5300000e+00   4.2717554e-07
   7.5400000e+00   4.1844013e-07
   7.5500000e+00   4.0988332e-07
   7.5600000e+00   4.0150148e-07
   7.5700000e+00   3.9329104e-07
   7.5800000e+00   3.8524847e-07
   7.5900000e+00   3.7737036e-07
   7.6000000e+00   3.6965334e-07
   7.6100000e+00   3.6209412e-07
   7.6200000e+00   3.5468948e-07
   7.6300000e+00   3.4743625e-07
   7.6400000e+00   3.4033134e-07
   7.6500000e+00   3.3337173e-07
   7.6600000e+00   3.2655443e-07
   7.6700000e+00   3.1987654e-07
   7.6800000e+00   3.1333521e-07
   7.6900000e+00   3.0692765e-07
   7.7000000e+00   3.0065112e-07
   7.7100000e+00   2.9450296e-07
   7.7200000e+00   2.8848052e-07
   7.7300000e+00   2.8258125e-07
   7.7400000e+00   2.7680263e-07
   7.7500000e+00   2.7114219e-07
   7.7600000e+00   2.6559751e-07
   7.7700000e+00   2.6016623e-07
   7.7800000e+00   2.5484603e-07
   7.7900000e+00   2.4963465e-07
   7.8000000e+00   2.4452985e-07
   7.8100000e+00   2.3952945e-07
   7.8200000e+00   2.3463134e-07
   7.8300000e+00   2.2983340e-07
   7.8400000e+00   2.2513360e-07
   7.8500000e+00   2.2052994e-07
   7.8600000e+00   2.1602043e-07
   7.8700000e+00   2.1160317e-07
   7.8800000e+00   2.0727627e-07
   7.8900000e+00   2.0303787e-07
   7.9000000e+00   1.9888618e-07
   7.9100000e+00   1.9481941e-07
   7.9200000e+00   1.9083583e-07
   7.9300000e+00   1.8693375e-07
   7.9400000e+00   1.8311150e-07
   7.9500000e+00   1.7936744e-07
   7.9600000e+00   1.7569997e-07
   7.9700000e+00   1.7210754e-07
   7.9800000e+00   1.6858861e-07
   7.9900000e+00   1.6514168e-07
   8.0000000e+00   1.6176527e-07
   8.0100000e+00   1.5845794e-07
   8.0200000e+00   1.5521829e-07
   8.0300000e+00   1.5204492e-07
   8.0400000e+00   1.4893650e-07
   8.0500000e+00   1.4589168e-07
   8.0600000e+00   1.4290916e-07
   8.0700000e+00   1.3998769e-07
   8.0800000e+00   1.3712600e-07
   8.0900000e+00   1.3432288e-07
   8.1000000e+00   1.3157713e-07
   8.1100000e+00   1.2888757e-07
   8.1200000e+00   1.2625307e-07
   8.1300000e+00   1.2367249e-07
   8.1400000e+00   1.2114474e-07
   8.1500000e+00   1.1866872e-07
   8.1600000e+00   1.1624340e-07
   8.1700000e+00   1.1386773e-07
   8.1800000e+00   1.1154069e-07
   8.1900000e+00   1.0926130e-07
   8.2000000e+00   1.0702858e-07
   8.2100000e+00   1.0484158e-07
   8.2200000e+00   1.0269936e-07
   8.2300000e+00   1.0060102e-07
   8.2400000e+00   9.8545642e-08
   8.2500000e+00   9.6532363e-08
   8.2600000e+00   9.4560322e-08
   8.2700000e+00   9.2628674e-08
   8.2800000e+00   9.0736596e-08
   8.2900000e+00   8.8883281e-08
   8.3000000e+00   8.7067936e-08
   8.3100000e+00   8.5289786e-08
   8.3200000e+00   8.3548072e-08
   8.3300000e+00   8.1842051e-08
   8.3400000e+00   8.0170995e-08
   8.3500000e+00   7.8534188e-08
   8.3600000e+00   7.6930934e-08
   8.3700000e+00   7.5360546e-08
   8.3800000e+00   7.3822355e-08
   8.3900000e+00   7.2315704e-08
   8.4000000e+00   7.0839949e-08
   8.4100000e+00   6.9394460e-08
   8.4200000e+00   6.7978620e-08
   8.4300000e+00   6.6591824e-08
   8.4400000e+00   6.5233480e-08
   8.4500000e+00   6.3903008e-08
   8.4600000e+00   6.2599840e-08
   8.4700000e+00   6.1323419e-08
   8.4800000e+00   6.0073201e-08
   8.4900000e+00   5.8848651e-08
   8.5000000e+00   5.7649246e-08
   8.5100000e+00   5.6474474e-08
   8.5200000e+00   5.5323834e-08
   8.5300000e+00   5.4196833e-08
   8.5400000e+00   5.3092992e-08
   8.5500000e+00   5.2011837e-08
   8.5600000e+00   5.0952908e-08
   8.5700000e+00   4.9915752e-08
   8.5800000e+00   4.8899927e-08
   8.5900000e+00   4.7904998e-08
   8.6000000e+00   4.6930541e-08
   8.6100000e+00   4.5976138e-08
   8.6200000e+00   4.5041384e-08
   8.6300000e+00   4.4125878e-08
   8.6400000e+00   4.3229229e-08
   8.6500000e+00   4.2351054e-08
   8.6600000e+00   4.1490979e-08
   8.6700000e+00   4.0648636e-08
   8.6800000e+00   3.9823665e-08
   8.6900000e+00   3.9015713e-08
   8.7000000e+00   3.8224437e-08
   8.7100000e+00   3.7449497e-08
   8.7200000e+00   3.6690562e-08
   8.7300000e+00   3.5947309e-08
   8.7400000e+00   3.5219420e-08
   8.7500000e+00   3.4506584e-08
   8.7600000e+00   3.3808496e-08
   8.7700000e+00   3.3124859e-08
   8.7800000e+00   3.2455380e-08
   8.7900000e+00   3.1799773e-08
   8.8000000e+00   3.1157759e-08
   8.8100000e+00   3.0529062e-08
   8.8200000e+00   2.9913415e-08
   8.8300000e+00   2.9310554e-08
   8.8400000e+00   2.8720221e-08
   8.8500000e+00   2.8142166e-08
   8.8600000e+00   2.7576140e-08
   8.8700000e+00   2.7021902e-08
   8.8800000e+00   2.6479215e-08
   8.8900000e+00   2.5947847e-08
   8.9000000e+00   2.5427571e-08
   8.9100000e+00   2.4918166e-08
   8.9200000e+00   2.4419412e-08
   8.9300000e+00   2.3931098e-08
   8.9400000e+00   2.3453014e-08
   8.9500000e+00   2.2984956e-08
   8.9600000e+00   2.2526725e-08
   8.9700000e+00   2.2078124e-08
   8.9800000e+00   2.1638962e-08
   8.9900000e+00   2.1209052e-08
   9.0000000e+00   2.0788208e-08
   9.0100000e+00   2.0376253e-08
   9.0200000e+00   1.9973009e-08
   9.0300000e+00   1.9578304e-08
   9.0400000e+00   1.9191971e-08
   9.0500000e+00   1.8813843e-08
   9.0600000e+00   1.8443758e-08
   9.0700000e+00   1.8081560e-08
   9.0800000e+00   1.7727093e-08
   9.0900000e+00   1.7380206e-08
   9.1000000e+00   1.7040750e-08
   9.1100000e+00   1.6708581e-08
   9.1200000e+00   1.6383556e-08
   9.1300000e+00   1.6065536e-08
   9.1400000e+00   1.5754386e-08
   9.1500000e+00   1.5449973e-08
   9.1600000e+00   1.5152167e-08
   9.1700000e+00   1.4860840e-08
   9.1800000e+00   1.4575867e-08
   9.1900000e+00   1.4297128e-08
   9.2000000e+00   1.4024503e-08
   9.2100000e+00   1.3757875e-08
   9.2200000e+00   1.3497131e-08
   9.2300000e+00   1.3242158e-08
   9.2400000e+00   1.2992849e-08
   9.2500000e+00   1.2749097e-08
   9.2600000e+00   1.2510796e-08
   9.2700000e+00   1.2277847e-08
   9.2800000e+00   1.2050148e-08
   9.2900000e+00   1.1827603e-08
   9.3000000e+00   1.1610116e-08
   9.3100000e+00   1.1397595e-08
   9.3200000e+00   1.1189949e-08
   9.3300000e+00   1.0987089e-08
   9.3400000e+00   1.0788928e-08
   9.3500000e+00   1.0595382e-08
   9.3600000e+00   1.0406367e-08
   9.3700000e+00   1.0221804e-08
   9.3800000e+00   1.0041613e-08
   9.3900000e+00   9.8657171e-09
   9.4000000e+00   9.6940413e-09
   9.4100000e+00   9.5265121e-09
   9.4200000e+00   9.3630579e-09
   9.4300000e+00   9.2036089e-09
   9.4400000e+00   9.0480969e-09
   9.4500000e+00   8.8964555e-09
   9.4600000e+00   8.7486197e-09
   9.4700000e+00   8.6045265e-09
   9.4800000e+00   8.4641143e-09
   9.4900000e+00   8.3273230e-09
   9.5000000e+00   8.1940941e-09
   9.5100000e+00   8.0643707e-09
   9.5200000e+00   7.9380974e-09
   9.5300000e+00   7.8152201e-09
   9.5400000e+00   7.6956864e-09
   9.5500000e+00   7.5794451e-09
   9.5600000e+00   7.4664466e-09
   9.5700000e+00   7.3566425e-09
   9.5800000e+00   7.2499860e-09
   9.5900000e+00   7.1464314e-09
   9.6000000e+00   7.0459344e-09
   9.6100000e+00   6.9484521e-09
   9.6200000e+00   6.8539429e-09
   9.6300000e+00   6.7623663e-09
   9.6400000e+00   6.6736831e-09
   9.6500000e+00   6.5878556e-09
   9.6600000e+00   6.5048469e-09
   9.6700000e+00   6.4246215e-09
   9.6800000e+00   6.3471453e-09
   9.6900000e+00   6.2723851e-09
   9.7000000e+00   6.2003088e-09
   9.7100000e+00   6.1308857e-09
   9.7200000e+00   6.0640862e-09
   9.7300000e+00   5.9998816e-09
   9.7400000e+00   5.9382446e-09
   9.7500000e+00   5.8791487e-09
   9.7600000e+00   5.8225687e-09
   9.7700000e+00   5.7684804e-09
   9.7800000e+00   5.7168607e-09
   9.7900000e+00   5.6676875e-09
   9.8000000e+00   5.6209398e-09
   9.8100000e+00   5.5765976e-09
   9.8200000e+00   5.5346420e-09
   9.8300000e+00   5.4950550e-09
   9.8400000e+00   5.4578197e-09
   9.8500000e+00   5.4229202e-09
   9.8600000e+00   5.3903415e-09
   9.8700000e+00   5.3600697e-09
   9.8800000e+00   5.3320919e-09
   9.8900000e+00   5.3063962e-09
   9.9000000e+00   5.2829714e-09
   9.9100000e+00   5.2618077e-09
   9.9200000e+00   5.2428960e-09
   9.9300000e+00   5.2262281e-09
   9.9400000e+00   5.2117971e-09
   9.9500000e+00   5.1995966e-09
   9.9600000e+00   5.1896215e-09
   9.9700000e+00   5.1818675e-09
   9.9800000e+00   5.1763312e-09
   9.9900000e+00   5.1730105e-09
   1.0000000e+01   5.1719037e-09
